,System,Frame,Resname,Resnum,X,Y,Z
3609,cut1,3609,POPC,0,141.73715209960938,213.7103271484375,82.95734405517578
3609,cut1,3609,POPC,1,37.227378845214844,157.73915100097656,76.88285064697266
3609,cut1,3609,POPC,2,135.28346252441406,10.968901634216309,89.98304748535156
3609,cut1,3609,POPC,3,104.92835998535156,167.61337280273438,77.08586120605469
3609,cut1,3609,POPC,4,132.46636962890625,192.1323699951172,80.89759826660156
3609,cut1,3609,POPC,5,114.57869720458984,150.5232391357422,80.72864532470703
3609,cut1,3609,POPC,6,168.53196716308594,162.56582641601562,96.93315124511719
3609,cut1,3609,POPC,7,75.64615631103516,200.75350952148438,88.55115509033203
3609,cut1,3609,POPC,8,13.476969718933105,28.93214225769043,95.96453857421875
3609,cut1,3609,POPC,9,160.0663299560547,197.67001342773438,87.12220764160156
3609,cut1,3609,POPC,10,18.33285140991211,230.69476318359375,95.5693130493164
3609,cut1,3609,POPC,11,110.27144622802734,4.851727485656738,96.51136779785156
3609,cut1,3609,POPC,12,7.5824503898620605,61.016212463378906,89.45073699951172
3609,cut1,3609,POPC,13,102.09345245361328,141.48297119140625,81.10594177246094
3609,cut1,3609,POPC,14,108.76127624511719,176.70755004882812,75.61259460449219
3609,cut1,3609,POPC,15,37.236427307128906,129.00868225097656,73.79752349853516
3609,cut1,3609,POPC,16,91.60513305664062,121.56050872802734,81.11393737792969
3609,cut1,3609,POPC,17,74.36827850341797,25.55146598815918,94.32322692871092
3609,cut1,3609,POPC,18,113.1971664428711,247.8275909423828,98.13047790527344
3609,cut1,3609,POPC,19,97.6916732788086,0.7268887758255005,96.39351654052734
3609,cut1,3609,POPC,20,119.40270233154297,27.92664909362793,90.89408111572266
3609,cut1,3609,POPC,21,117.46768188476562,96.93138122558594,72.94776916503906
3609,cut1,3609,POPC,22,9.4769926071167,47.642723083496094,94.07353973388672
3609,cut1,3609,POPC,23,103.94012451171875,249.81141662597656,95.28868865966797
3609,cut1,3609,POPC,24,72.7750473022461,246.743408203125,92.98130798339845
3609,cut1,3609,POPC,25,78.39704895019531,176.31068420410156,86.86665344238281
3609,cut1,3609,POPC,26,191.66041564941406,225.51071166992188,89.50731658935547
3609,cut1,3609,POPC,27,44.66022491455078,188.42774963378906,85.26889038085938
3609,cut1,3609,POPC,28,33.64354705810547,192.11737060546875,86.40814971923828
3609,cut1,3609,POPC,29,52.520042419433594,39.53819274902344,93.99465942382812
3609,cut1,3609,POPC,30,164.43002319335938,215.22451782226562,87.89797973632812
3609,cut1,3609,POPC,31,157.81033325195312,223.96437072753906,84.58470153808594
3609,cut1,3609,POPC,32,47.936134338378906,214.19956970214844,91.0385513305664
3609,cut1,3609,POPC,33,72.51022338867188,105.82828521728516,81.31098175048828
3609,cut1,3609,POPC,34,171.6090545654297,87.26364135742188,92.05945587158203
3609,cut1,3609,POPC,35,123.38963317871094,6.264460563659668,95.1364517211914
3609,cut1,3609,POPC,36,164.6345977783203,247.37969970703125,96.80657958984375
3609,cut1,3609,POPC,37,128.23593139648438,156.34039306640625,80.2374496459961
3609,cut1,3609,POPC,38,75.62998962402344,66.6841049194336,87.15483856201172
3609,cut1,3609,POPC,39,71.50306701660156,237.07135009765625,94.343505859375
3609,cut1,3609,POPC,40,100.06672668457031,88.13141632080078,76.41698455810547
3609,cut1,3609,POPC,41,110.93339538574219,52.0618896484375,81.67549896240233
3609,cut1,3609,POPC,42,6.338607311248779,95.05596923828125,91.48088836669922
3609,cut1,3609,POPC,43,98.96646881103517,61.31909942626953,83.37808227539062
3609,cut1,3609,POPC,44,185.37982177734375,67.25448608398438,87.30562591552734
3609,cut1,3609,POPC,45,33.0203857421875,101.60173034667969,83.9769058227539
3609,cut1,3609,POPC,46,29.78992462158203,24.124048233032227,94.56339263916016
3609,cut1,3609,POPC,47,27.20171356201172,60.64564514160156,91.14429473876953
3609,cut1,3609,POPC,48,89.14599609375,80.20958709716797,82.52113342285156
3609,cut1,3609,POPC,49,121.3083724975586,59.338600158691406,80.83525848388672
3609,cut1,3609,POPC,50,180.47219848632812,111.8975830078125,92.71199035644531
3609,cut1,3609,POPC,51,42.489906311035156,146.96861267089844,72.80570983886719
3609,cut1,3609,POPC,52,72.61087036132812,207.27105712890625,91.38232421875
3609,cut1,3609,POPC,53,139.2283935546875,160.0264129638672,87.84664916992188
3609,cut1,3609,POPC,54,93.92481994628906,76.6200714111328,81.33975982666016
3609,cut1,3609,POPC,55,146.12399291992188,10.306565284729004,94.2340316772461
3609,cut1,3609,POPC,56,97.57810974121094,8.542183876037598,91.42172241210938
3609,cut1,3609,POPC,57,119.99393463134766,184.51710510253906,80.66302490234375
3609,cut1,3609,POPC,58,169.28062438964844,54.33770751953125,95.29483795166016
3609,cut1,3609,POPC,59,54.93995666503906,27.028776168823242,97.04722595214844
3609,cut1,3609,POPC,60,28.716888427734375,211.28176879882812,92.55286407470703
3609,cut1,3609,POPC,61,83.93673706054688,190.99647521972656,84.1273193359375
3609,cut1,3609,POPC,62,110.33989715576172,161.4539031982422,79.45198822021484
3609,cut1,3609,POPC,63,19.41363525390625,246.95590209960938,102.70744323730469
3609,cut1,3609,POPC,64,165.0487823486328,37.37622833251953,93.81297302246094
3609,cut1,3609,POPC,65,139.76988220214844,18.43377113342285,90.42950439453125
3609,cut1,3609,POPC,66,106.56729125976562,152.68588256835938,76.3955078125
3609,cut1,3609,POPC,67,37.21210479736328,4.700369834899902,97.91146087646484
3609,cut1,3609,POPC,68,52.380638122558594,174.49391174316406,83.67462921142578
3609,cut1,3609,POPC,69,147.7655792236328,19.00935173034668,91.38027954101562
3609,cut1,3609,POPC,70,99.4925308227539,36.9419059753418,91.74906158447267
3609,cut1,3609,POPC,71,166.67564392089844,7.119210243225098,95.14118194580078
3609,cut1,3609,POPC,72,129.64198303222656,200.13902282714844,49.07307434082031
3609,cut1,3609,POPC,73,9.744135856628418,70.31092834472656,91.54244232177734
3609,cut1,3609,POPC,74,187.91725158691406,166.98016357421875,88.54267883300781
3609,cut1,3609,POPC,75,51.19854736328125,144.3553009033203,69.3788833618164
3609,cut1,3609,POPC,76,134.586181640625,149.98861694335938,77.78060913085938
3609,cut1,3609,POPC,77,21.554969787597656,197.89854431152344,93.98397827148438
3609,cut1,3609,POPC,78,18.045177459716797,101.509033203125,89.55160522460938
3609,cut1,3609,POPC,79,14.869868278503418,74.51178741455078,51.120784759521484
3609,cut1,3609,POPC,80,97.71984100341797,241.9486083984375,99.85820770263672
3609,cut1,3609,POPC,81,114.37781524658203,241.19235229492188,98.0264663696289
3609,cut1,3609,POPC,82,59.78352355957031,86.46492004394531,84.30628967285156
3609,cut1,3609,POPC,83,15.01775646209717,58.46204376220703,92.08012390136719
3609,cut1,3609,POPC,84,32.30554962158203,41.205814361572266,93.97809600830077
3609,cut1,3609,POPC,85,89.12313079833984,183.6200408935547,88.09201812744139
3609,cut1,3609,POPC,86,80.23870086669922,47.521209716796875,92.26005554199219
3609,cut1,3609,POPC,87,150.04762268066406,25.6040096282959,90.64043426513672
3609,cut1,3609,POPC,88,97.18801879882812,49.51913070678711,85.63863372802734
3609,cut1,3609,POPC,89,13.673235893249512,84.9207763671875,91.30927276611328
3609,cut1,3609,POPC,90,164.9815673828125,112.85084533691406,89.97354125976562
3609,cut1,3609,POPC,91,113.46996307373047,26.303205490112305,95.9660873413086
3609,cut1,3609,POPC,92,53.30683898925781,51.78810119628906,90.12141418457031
3609,cut1,3609,POPC,93,126.96504211425781,193.72146606445312,82.11383056640625
3609,cut1,3609,POPC,94,17.431934356689453,238.99375915527344,95.46687316894531
3609,cut1,3609,POPC,95,132.88868713378906,174.4329071044922,82.99977111816406
3609,cut1,3609,POPC,96,181.01025390625,163.8761444091797,92.25493621826172
3609,cut1,3609,POPC,97,97.41732788085938,119.41899108886719,45.043277740478516
3609,cut1,3609,POPC,98,115.46171569824219,76.78881072998047,79.43876647949219
3609,cut1,3609,POPC,99,195.95985412597656,11.232945442199707,98.17922973632812
3609,cut1,3609,POPC,100,50.308876037597656,134.88034057617188,67.69310760498047
3609,cut1,3609,POPC,101,36.963890075683594,26.344114303588867,94.6595230102539
3609,cut1,3609,POPC,102,70.60015869140625,192.64593505859375,85.42965698242188
3609,cut1,3609,POPC,103,183.34152221679688,199.7295379638672,87.97340393066406
3609,cut1,3609,POPC,104,41.79484558105469,244.9370880126953,96.50074768066406
3609,cut1,3609,POPC,105,6.639316082000732,18.419687271118164,98.63663482666016
3609,cut1,3609,POPC,106,67.3789291381836,52.74250030517578,89.7889175415039
3609,cut1,3609,POPC,107,18.488731384277344,110.62372589111328,87.26305389404297
3609,cut1,3609,POPC,108,162.27703857421875,207.9119415283203,87.36967468261719
3609,cut1,3609,POPC,109,83.49091339111328,222.8099822998047,95.59857177734375
3609,cut1,3609,POPC,110,83.85899353027344,34.60507583618164,91.66093444824219
3609,cut1,3609,POPC,111,166.80032348632812,18.11824607849121,94.18543243408203
3609,cut1,3609,POPC,112,174.48776245117188,50.25940704345703,91.80201721191406
3609,cut1,3609,POPC,113,29.147567749023438,5.587433815002441,98.04412841796875
3609,cut1,3609,POPC,114,104.0660171508789,82.53144836425781,72.63066101074219
3609,cut1,3609,POPC,115,88.42668151855469,17.745616912841797,94.3293685913086
3609,cut1,3609,POPC,116,83.74845886230469,214.5486602783203,90.48515319824219
3609,cut1,3609,POPC,117,77.22825622558594,101.0546646118164,78.8817138671875
3609,cut1,3609,POPC,118,16.952743530273438,19.23781394958496,93.3433837890625
3609,cut1,3609,POPC,119,112.16751098632812,87.69876098632812,74.67858123779297
3609,cut1,3609,POPC,120,155.7425079345703,215.0538787841797,84.1876449584961
3609,cut1,3609,POPC,121,23.276107788085934,17.741729736328125,95.12104797363281
3609,cut1,3609,POPC,122,170.96017456054688,239.070556640625,95.31681823730469
3609,cut1,3609,POPC,123,63.240509033203125,194.6143493652344,84.22390747070312
3609,cut1,3609,POPC,124,18.861007690429688,190.4959716796875,92.60947418212889
3609,cut1,3609,POPC,125,23.806602478027344,26.875455856323242,93.8995361328125
3609,cut1,3609,POPC,126,48.90101623535157,204.15011596679688,89.9759521484375
3609,cut1,3609,POPC,127,158.65997314453125,112.71065521240234,85.91828155517578
3609,cut1,3609,POPC,128,41.03820037841797,239.91627502441406,92.34813690185547
3609,cut1,3609,POPC,129,142.10719299316406,31.182931900024414,92.04890441894531
3609,cut1,3609,POPC,130,168.10845947265625,172.208251953125,96.22222137451172
3609,cut1,3609,POPC,131,52.27241516113281,196.83963012695312,87.87088012695312
3609,cut1,3609,POPC,132,78.90997314453125,213.5670623779297,49.823020935058594
3609,cut1,3609,POPC,133,97.2782974243164,146.08250427246094,51.960182189941406
3609,cut1,3609,POPC,134,64.58035278320312,7.456234931945801,97.22764587402344
3609,cut1,3609,POPC,135,180.2883758544922,144.56590270996094,90.38291931152344
3609,cut1,3609,POPC,136,162.2215118408203,63.011962890625,88.50801086425781
3609,cut1,3609,POPC,137,32.02867889404297,153.93344116210938,73.60494995117188
3609,cut1,3609,POPC,138,78.63800048828125,86.61758422851562,82.53077697753906
3609,cut1,3609,POPC,139,148.9320831298828,119.4249038696289,86.87860107421875
3609,cut1,3609,POPC,140,96.56804656982422,141.07273864746094,79.62409973144531
3609,cut1,3609,POPC,141,181.41798400878906,126.98165130615234,91.66421508789062
3609,cut1,3609,POPC,142,190.35958862304688,173.61614990234378,82.04641723632812
3609,cut1,3609,POPC,143,32.81884002685547,108.3971176147461,78.6938705444336
3609,cut1,3609,POPC,144,92.63148498535156,206.26266479492188,88.38871765136719
3609,cut1,3609,POPC,145,146.28109741210938,132.4972381591797,85.9676742553711
3609,cut1,3609,POPC,146,124.51541900634766,174.93003845214844,79.79035186767578
3609,cut1,3609,POPC,147,50.37342834472656,189.0109100341797,82.11210632324219
3609,cut1,3609,POPC,148,164.07540893554688,121.86295318603516,91.70286560058594
3609,cut1,3609,POPC,149,190.81275939941406,35.095035552978516,95.5879135131836
3609,cut1,3609,POPC,150,31.122230529785156,181.99649047851562,85.99137115478516
3609,cut1,3609,POPC,151,106.05319213867188,74.35570526123047,81.25045013427734
3609,cut1,3609,POPC,152,4.300460338592529,106.3646240234375,91.68122100830078
3609,cut1,3609,POPC,153,140.00106811523438,119.48870086669922,80.93797302246094
3609,cut1,3609,POPC,154,129.34320068359375,209.9260711669922,81.89746856689453
3609,cut1,3609,POPC,155,43.99117279052734,64.16368103027344,90.76319122314453
3609,cut1,3609,POPC,156,69.17688751220703,40.846046447753906,91.82926177978516
3609,cut1,3609,POPC,157,7.743823528289795,75.19646453857422,94.46869659423828
3609,cut1,3609,POPC,158,63.720672607421875,163.52330017089844,79.93335723876953
3609,cut1,3609,POPC,159,119.65900421142578,75.43215942382812,75.12811279296875
3609,cut1,3609,POPC,160,93.5876235961914,23.1965274810791,93.59143829345703
3609,cut1,3609,POPC,161,71.95988464355469,152.98388671875,80.94445037841797
3609,cut1,3609,POPC,162,181.43060302734375,214.24600219726562,92.62831115722656
3609,cut1,3609,POPC,163,81.2982406616211,182.32810974121094,85.30084228515625
3609,cut1,3609,POPC,164,93.35494995117188,14.956501960754395,91.32727813720703
3609,cut1,3609,POPC,165,189.52113342285156,26.9449405670166,96.39627075195312
3609,cut1,3609,POPC,166,54.88310241699219,184.20082092285156,83.23159790039062
3609,cut1,3609,POPC,167,58.109580993652344,166.74337768554688,78.56449890136719
3609,cut1,3609,POPC,168,37.99757385253906,79.99256896972656,91.78668975830078
3609,cut1,3609,POPC,169,166.02976989746094,193.41793823242188,88.91706848144531
3609,cut1,3609,POPC,170,2.023261308670044,45.60009765625,92.87242126464844
3609,cut1,3609,POPC,171,85.01597595214844,10.652588844299316,92.39889526367188
3609,cut1,3609,POPC,172,160.56883239746094,133.7247772216797,91.08287811279297
3609,cut1,3609,POPC,173,37.12322235107422,60.46490478515625,91.62442779541014
3609,cut1,3609,POPC,174,167.8166046142578,204.06463623046875,85.84764099121094
3609,cut1,3609,POPC,175,56.712234497070305,109.9951400756836,77.89949035644531
3609,cut1,3609,POPC,176,176.84866333007812,43.81486129760742,93.95669555664062
3609,cut1,3609,POPC,177,145.07720947265625,3.9526169300079346,93.49669647216797
3609,cut1,3609,POPC,178,185.56333923339844,222.46067810058594,91.20417022705078
3609,cut1,3609,POPC,179,50.94938659667969,225.0791015625,90.0586166381836
3609,cut1,3609,POPC,180,31.157440185546875,73.24913024902344,92.8542251586914
3609,cut1,3609,POPC,181,54.96973419189453,45.311561584472656,93.43441009521484
3609,cut1,3609,POPC,182,137.87030029296875,165.33045959472656,83.66669464111328
3609,cut1,3609,POPC,183,115.69596862792969,104.0395278930664,78.05934143066406
3609,cut1,3609,POPC,184,125.52284240722656,202.2558135986328,84.93236541748047
3609,cut1,3609,POPC,185,97.96903991699219,132.48086547851562,77.13436126708984
3609,cut1,3609,POPC,186,2.4359238147735596,27.7591609954834,95.10639190673828
3609,cut1,3609,POPC,187,176.88133239746094,248.53765869140625,98.5159683227539
3609,cut1,3609,POPC,188,20.76335906982422,54.653106689453125,89.04776763916016
3609,cut1,3609,POPC,189,60.85758972167969,-1.2927197217941284,96.5146255493164
3609,cut1,3609,POPC,190,128.8901824951172,86.48184967041016,73.18514251708984
3609,cut1,3609,POPC,191,2.8018410205841064,244.56039428710938,57.830196380615234
3609,cut1,3609,POPC,192,64.2320785522461,22.129682540893555,97.83592987060547
3609,cut1,3609,POPC,193,152.13925170898438,248.12266540527344,93.3282241821289
3609,cut1,3609,POPC,194,182.1522674560547,85.28695678710938,89.77533721923828
3609,cut1,3609,POPC,195,148.53338623046875,111.55983734130861,85.74836730957031
3609,cut1,3609,POPC,196,30.79637908935547,217.4090118408203,92.17539978027344
3609,cut1,3609,POPC,197,27.593185424804688,30.40056037902832,96.80685424804688
3609,cut1,3609,POPC,198,57.74980163574219,225.6327362060547,94.78418731689453
3609,cut1,3609,POPC,199,27.831741333007812,232.43701171875,92.4786376953125
3609,cut1,3609,POPC,200,34.59290313720703,78.37093353271484,50.22243118286132
3609,cut1,3609,POPC,201,7.865394115447998,243.3434295654297,95.03438568115234
3609,cut1,3609,POPC,202,63.36317443847656,47.97660827636719,92.17237091064453
3609,cut1,3609,POPC,203,173.49853515625,107.81349182128906,94.00701904296875
3609,cut1,3609,POPC,204,127.65201568603516,169.76356506347656,79.85553741455078
3609,cut1,3609,POPC,205,136.86535644531253,128.3763427734375,81.26651000976562
3609,cut1,3609,POPC,206,175.39434814453125,20.56730842590332,92.79850006103516
3609,cut1,3609,POPC,207,46.51780700683594,181.18820190429688,86.78567504882812
3609,cut1,3609,POPC,208,95.08584594726562,219.63333129882812,93.66706848144531
3609,cut1,3609,POPC,209,22.91693115234375,235.06024169921875,93.83462524414062
3609,cut1,3609,POPC,210,52.602691650390625,209.73475646972656,88.6825180053711
3609,cut1,3609,POPC,211,175.4315643310547,117.13201141357422,92.91620635986328
3609,cut1,3609,POPC,212,13.794573783874512,1.300167202949524,99.35529327392578
3609,cut1,3609,POPC,213,152.33135986328125,67.76168060302734,85.69378662109375
3609,cut1,3609,POPC,214,185.1671142578125,174.35787963867188,89.23373413085938
3609,cut1,3609,POPC,215,8.79223918914795,14.408148765563965,93.83074188232422
3609,cut1,3609,POPC,216,91.0971908569336,34.136287689208984,89.73638153076172
3609,cut1,3609,POPC,217,155.784423828125,125.35299682617188,84.64737701416016
3609,cut1,3609,POPC,218,175.66314697265625,222.1090545654297,92.2510757446289
3609,cut1,3609,POPC,219,129.48861694335938,13.849732398986816,89.7886962890625
3609,cut1,3609,POPC,220,37.203704833984375,230.61927795410156,91.51543426513672
3609,cut1,3609,POPC,221,175.05064392089844,163.1332550048828,95.01579284667969
3609,cut1,3609,POPC,222,40.865516662597656,35.966495513916016,96.60404205322266
3609,cut1,3609,POPC,223,86.93405914306642,127.580322265625,80.59326171875
3609,cut1,3609,POPC,224,68.55754852294922,101.79627990722656,80.74703216552734
3609,cut1,3609,POPC,225,6.24293851852417,199.80458068847656,97.8267593383789
3609,cut1,3609,POPC,226,24.139617919921875,130.81170654296875,74.4148941040039
3609,cut1,3609,POPC,227,68.24361419677734,184.05841064453125,81.35671997070312
3609,cut1,3609,POPC,228,27.434051513671875,68.67696380615234,90.5261001586914
3609,cut1,3609,POPC,229,87.43778228759766,91.18209075927734,79.55980682373047
3609,cut1,3609,POPC,230,153.67205810546875,165.99972534179688,89.36225128173828
3609,cut1,3609,POPC,231,165.8193359375,47.97273635864258,96.11161804199219
3609,cut1,3609,POPC,232,139.79298400878906,182.7665252685547,48.589141845703125
3609,cut1,3609,POPC,233,115.55911254882812,171.6995391845703,77.04922485351561
3609,cut1,3609,POPC,234,35.06703186035156,224.26344299316406,89.8088607788086
3609,cut1,3609,POPC,235,1.578150987625122,3.026190996170044,94.44841003417969
3609,cut1,3609,POPC,236,183.67283630371094,242.33485412597656,96.07994842529297
3609,cut1,3609,POPC,237,154.24107360839844,155.82742309570312,89.23562622070312
3609,cut1,3609,POPC,238,38.674217224121094,16.75579833984375,94.80382537841797
3609,cut1,3609,POPC,239,86.24901580810547,50.448890686035156,94.36202239990234
3609,cut1,3609,POPC,240,35.82032012939453,54.53770446777344,93.29444122314453
3609,cut1,3609,POPC,241,17.534053802490234,221.3543243408203,93.18922424316406
3609,cut1,3609,POPC,242,136.56927490234375,141.90528869628906,81.05293273925781
3609,cut1,3609,POPC,243,115.81858825683594,56.159889221191406,83.99612426757812
3609,cut1,3609,POPC,244,42.87060546874999,24.431211471557617,95.80730438232422
3609,cut1,3609,POPC,245,190.16346740722656,73.4317626953125,87.918701171875
3609,cut1,3609,POPC,246,120.27239990234375,89.13043212890625,76.2904281616211
3609,cut1,3609,POPC,247,23.782005310058594,21.05601692199707,54.51781463623047
3609,cut1,3609,POPC,248,56.78961181640625,75.12039184570312,89.5851058959961
3609,cut1,3609,POPC,249,106.82205200195312,105.30030822753906,81.62061309814453
3609,cut1,3609,POPC,250,164.9558868408203,68.74089813232422,89.89495086669922
3609,cut1,3609,POPC,251,72.51494598388672,85.27942657470703,82.8121337890625
3609,cut1,3609,POPC,252,139.25616455078125,97.8221664428711,79.34947967529297
3609,cut1,3609,POPC,253,79.38420104980469,241.41915893554688,94.05609130859375
3609,cut1,3609,POPC,254,88.9590835571289,237.03440856933594,96.8239517211914
3609,cut1,3609,POPC,255,113.76278686523438,182.2970733642578,78.91426086425781
3609,cut1,3609,POPC,256,156.31976318359375,79.32878112792969,87.57632446289062
3609,cut1,3609,POPC,257,137.31089782714844,250.61962890625,89.80377960205078
3609,cut1,3609,POPC,258,37.671653747558594,69.53120422363281,92.86983489990234
3609,cut1,3609,POPC,259,47.27550506591797,140.80874633789062,69.9488525390625
3609,cut1,3609,POPC,260,126.93643951416016,77.09461975097656,79.2239990234375
3609,cut1,3609,POPC,261,9.967108726501465,34.15148925781251,95.71678161621094
3609,cut1,3609,POPC,262,81.57433319091797,235.23020935058594,94.79115295410156
3609,cut1,3609,POPC,263,52.500205993652344,95.72386932373047,81.53636932373047
3609,cut1,3609,POPC,264,43.47576904296875,56.33965301513672,91.18009185791016
3609,cut1,3609,POPC,265,166.05545043945312,181.0652618408203,97.0171127319336
3609,cut1,3609,POPC,266,122.79584503173828,249.00758361816406,95.91604614257812
3609,cut1,3609,POPC,267,152.511962890625,149.1753387451172,89.09449005126953
3609,cut1,3609,POPC,268,118.83910369873047,193.24969482421875,79.37020111083984
3609,cut1,3609,POPC,269,195.21340942382812,239.0364532470703,95.26459503173828
3609,cut1,3609,POPC,270,75.45399475097656,211.02197265625,90.94871520996094
3609,cut1,3609,POPC,271,54.51396179199219,5.894257545471191,98.32991790771484
3609,cut1,3609,POPC,272,128.7306671142578,4.558566093444824,90.00709533691406
3609,cut1,3609,POPC,273,72.77233123779297,55.78826904296875,86.39442443847656
3609,cut1,3609,POPC,274,150.04335021972656,78.03778076171875,84.48068237304688
3609,cut1,3609,POPC,275,10.068530082702637,118.27397155761719,82.11554718017578
3609,cut1,3609,POPC,276,184.0946807861328,39.76947021484375,56.60158157348633
3609,cut1,3609,POPC,277,100.39464569091797,76.35222625732422,79.65558624267578
3609,cut1,3609,POPC,278,23.447189331054688,65.05010986328125,94.71004486083984
3609,cut1,3609,POPC,279,160.48529052734375,18.751787185668945,91.92115020751953
3609,cut1,3609,POPC,280,38.7330322265625,102.74222564697266,82.16587829589844
3609,cut1,3609,POPC,281,158.65318298339844,160.73997497558594,93.519287109375
3609,cut1,3609,POPC,282,102.83927917480469,112.22464752197267,77.15086364746094
3609,cut1,3609,POPC,283,99.57917785644531,197.63975524902344,85.5952377319336
3609,cut1,3609,POPC,284,127.89749145507812,132.496826171875,81.89927673339844
3609,cut1,3609,POPC,285,182.0608367919922,34.01079559326172,94.03746032714844
3609,cut1,3609,POPC,286,175.30572509765625,193.86062622070312,88.9495849609375
3609,cut1,3609,POPC,287,70.37979125976562,147.22254943847656,77.09365844726562
3609,cut1,3609,POPC,288,65.16461944580078,237.47306823730466,93.00222778320312
3609,cut1,3609,POPC,289,185.58660888671875,52.816047668457024,97.55378723144531
3609,cut1,3609,POPC,290,87.24891662597656,247.6874237060547,89.1114730834961
3609,cut1,3609,POPC,291,189.25767517089844,231.2917938232422,93.84025573730469
3609,cut1,3609,POPC,292,37.994956970214844,187.00436401367188,84.36187744140625
3609,cut1,3609,POPC,293,46.29242706298828,1.9165421724319458,94.85191345214844
3609,cut1,3609,POPC,294,173.45803833007815,2.250930070877075,96.17855834960938
3609,cut1,3609,POPC,295,128.87847900390625,79.99249267578125,44.61123275756836
3609,cut1,3609,POPC,296,75.26611328125,15.46910572052002,94.63831329345703
3609,cut1,3609,POPC,297,15.92834758758545,67.40670776367188,90.890380859375
3609,cut1,3609,POPC,298,118.20161437988281,162.8499755859375,76.05671691894531
3609,cut1,3609,POPC,299,37.99126434326172,116.30534362792969,74.8106460571289
3609,cut1,3609,POPC,300,177.05674743652344,228.7618865966797,94.91690826416016
3609,cut1,3609,POPC,301,43.21392059326172,208.77894592285156,88.93270874023438
3609,cut1,3609,POPC,302,58.795745849609375,54.03722381591797,92.18938446044922
3609,cut1,3609,POPC,303,64.22169494628906,228.602294921875,90.61715698242188
3609,cut1,3609,POPC,304,126.7515640258789,70.126220703125,77.82906341552734
3609,cut1,3609,POPC,305,26.92791748046875,147.6608123779297,73.26422882080078
3609,cut1,3609,POPC,306,55.62554931640625,68.2781982421875,90.71915435791016
3609,cut1,3609,POPC,307,42.51300048828125,165.31988525390625,78.08821105957031
3609,cut1,3609,POPC,308,128.30026245117188,20.28241539001465,91.78924560546875
3609,cut1,3609,POPC,309,100.41161346435547,38.97859573364258,85.48206329345703
3609,cut1,3609,POPC,310,60.70576477050781,158.10140991210938,75.7129898071289
3609,cut1,3609,POPC,311,181.8125457763672,18.827142715454105,93.89998626708984
3609,cut1,3609,POPC,312,24.554397583007812,41.87413787841797,92.74539947509766
3609,cut1,3609,POPC,313,9.887537956237793,102.8304672241211,89.39148712158203
3609,cut1,3609,POPC,314,48.015037536621094,149.917236328125,71.9210205078125
3609,cut1,3609,POPC,315,173.0121154785156,213.21026611328125,90.49980926513672
3609,cut1,3609,POPC,316,128.45208740234375,32.440887451171875,89.64408111572266
3609,cut1,3609,POPC,317,108.16284942626955,243.73110961914062,97.0239028930664
3609,cut1,3609,POPC,318,15.866217613220215,14.747550010681152,95.33513641357422
3609,cut1,3609,POPC,319,20.20849609375,146.12841796875,74.80682373046875
3609,cut1,3609,POPC,320,65.7128677368164,206.93833923339844,89.20753479003906
3609,cut1,3609,POPC,321,-1.6440742015838623,220.07395935058594,91.97132110595703
3609,cut1,3609,POPC,322,123.13922119140625,91.89446258544922,71.88382720947266
3609,cut1,3609,POPC,323,171.40579223632812,131.47964477539062,93.41639709472656
3609,cut1,3609,POPC,324,4.523833751678467,89.582275390625,88.96151733398438
3609,cut1,3609,POPC,325,156.56520080566406,2.154611825942993,97.90803527832031
3609,cut1,3609,POPC,326,106.46874237060547,47.920711517333984,82.5298080444336
3609,cut1,3609,POPC,327,112.29344940185547,19.395967483520508,94.02259826660156
3609,cut1,3609,POPC,328,3.224322557449341,69.66400909423828,88.25653076171875
3609,cut1,3609,POPC,329,51.259803771972656,79.0772933959961,88.3982162475586
3609,cut1,3609,POPC,330,55.27986145019531,0.13513769209384918,95.15313720703125
3609,cut1,3609,POPC,331,137.63156127929688,178.6131591796875,84.1305160522461
3609,cut1,3609,POPC,332,92.47036743164062,6.031964302062988,96.76779174804688
3609,cut1,3609,POPC,333,6.338416576385498,115.1932144165039,87.91883087158203
3609,cut1,3609,POPC,334,166.9736785888672,103.5162582397461,93.45638275146484
3609,cut1,3609,POPC,335,32.243255615234375,248.83541870117188,101.08428192138672
3609,cut1,3609,POPC,336,48.9072265625,164.2224884033203,79.1513900756836
3609,cut1,3609,POPC,337,138.45046997070312,192.18971252441406,82.79613494873047
3609,cut1,3609,POPC,338,31.167800903320312,91.60932159423828,91.6683120727539
3609,cut1,3609,POPC,339,96.63410186767578,67.93450927734375,83.11353302001953
3609,cut1,3609,POPC,340,154.61643981933594,16.305593490600586,92.86217498779297
3609,cut1,3609,POPC,341,142.339111328125,206.17819213867188,84.47654724121094
3609,cut1,3609,POPC,342,15.519213676452637,40.52070999145508,96.50513458251955
3609,cut1,3609,POPC,343,26.880157470703125,192.27310180664062,90.49998474121094
3609,cut1,3609,POPC,344,90.62095642089844,62.8438720703125,82.02550506591797
3609,cut1,3609,POPC,345,140.36854553222656,113.9139633178711,83.24384307861328
3609,cut1,3609,POPC,346,156.05897521972656,93.063720703125,82.77537536621094
3609,cut1,3609,POPC,347,167.23561096191406,200.79722595214844,52.9303092956543
3609,cut1,3609,POPC,348,120.29635620117188,65.25713348388672,80.50170135498047
3609,cut1,3609,POPC,349,182.57618713378906,27.67274284362793,94.5578842163086
3609,cut1,3609,POPC,350,136.0902099609375,107.1867904663086,81.28203582763672
3609,cut1,3609,POPC,351,23.712646484375,175.65562438964844,85.23846435546875
3609,cut1,3609,POPC,352,186.57315063476562,59.404937744140625,93.07014465332031
3609,cut1,3609,POPC,353,178.98284912109375,235.470947265625,97.4969711303711
3609,cut1,3609,POPC,354,24.82701873779297,92.84823608398438,91.15756225585938
3609,cut1,3609,POPC,355,67.2734603881836,140.46543884277344,73.55325317382812
3609,cut1,3609,POPC,356,102.22136688232422,227.4605712890625,103.92134094238281
3609,cut1,3609,POPC,357,164.18528747558594,87.8363265991211,86.8618392944336
3609,cut1,3609,POPC,358,70.33399963378906,179.76808166503906,85.69207000732422
3609,cut1,3609,POPC,359,144.136474609375,219.22891235351562,86.27574157714844
3609,cut1,3609,POPC,360,25.016891479492188,225.04531860351562,91.33576965332031
3609,cut1,3609,POPC,361,58.25792694091797,204.74053955078125,88.7750473022461
3609,cut1,3609,POPC,362,79.88270568847656,4.606280326843262,91.5738754272461
3609,cut1,3609,POPC,363,120.87618255615234,144.96054077148435,80.678955078125
3609,cut1,3609,POPC,364,62.261993408203125,143.36309814453125,75.09414672851562
3609,cut1,3609,POPC,365,70.08287048339844,67.57946014404297,84.70551300048828
3609,cut1,3609,POPC,366,100.30620574951172,102.15381622314453,77.87696075439453
3609,cut1,3609,POPC,367,150.2481231689453,136.03233337402344,88.78462219238281
3609,cut1,3609,POPC,368,160.8768768310547,56.51305389404297,90.65018463134766
3609,cut1,3609,POPC,369,140.68431091308594,11.046528816223145,88.42807006835938
3609,cut1,3609,POPC,370,143.8096923828125,178.90830993652344,89.23164367675781
3609,cut1,3609,POPC,371,49.07483673095703,158.0092315673828,76.34008026123047
3609,cut1,3609,POPC,372,185.3095245361328,206.49928283691406,89.29228973388672
3609,cut1,3609,POPC,373,60.43879699707031,212.4540557861328,88.51469421386719
3609,cut1,3609,POPC,374,174.32940673828125,60.34723663330078,94.09024047851562
3609,cut1,3609,POPC,375,73.0419692993164,228.12493896484375,92.19422912597656
3609,cut1,3609,POPC,376,39.67472839355469,95.7490005493164,87.19657135009766
3609,cut1,3609,POPC,377,83.5096206665039,27.079877853393555,96.57183837890625
3609,cut1,3609,POPC,378,94.55387115478516,104.37057495117188,80.15104675292969
3609,cut1,3609,POPC,379,187.8708953857422,82.60301208496094,89.81783294677734
3609,cut1,3609,POPC,380,75.653076171875,72.96244049072266,84.90968322753906
3609,cut1,3609,POPC,381,57.83103942871094,220.49781799316406,91.07274627685547
3609,cut1,3609,POPC,382,37.59925079345703,169.15512084960938,80.50430297851562
3609,cut1,3609,POPC,383,136.57998657226562,37.07654571533203,88.80172729492188
3609,cut1,3609,POPC,384,24.365142822265625,155.24954223632812,76.07736206054688
3609,cut1,3609,POPC,385,135.95262145996094,184.55282592773438,86.00991821289062
3609,cut1,3609,POPC,386,105.4037094116211,8.866219520568848,96.8438720703125
3609,cut1,3609,POPC,387,88.78461456298828,27.8532657623291,93.55517578125
3609,cut1,3609,POPC,388,84.49126434326172,146.1083984375,81.9295883178711
3609,cut1,3609,POPC,389,153.87132263183594,29.242708206176758,89.79010772705078
3609,cut1,3609,POPC,390,183.8662567138672,118.80267333984375,91.571044921875
3609,cut1,3609,POPC,391,175.08131408691406,9.299490928649902,94.2807846069336
3609,cut1,3609,POPC,392,91.7668228149414,147.4230499267578,84.78057861328125
3609,cut1,3609,POPC,393,178.35621643066406,206.44900512695312,90.03749084472656
3609,cut1,3609,POPC,394,11.840506553649902,21.97727394104004,97.04878234863281
3609,cut1,3609,POPC,395,187.32058715820312,155.27114868164062,50.9737548828125
3609,cut1,3609,POPC,396,79.83425903320312,165.19700622558594,84.78250885009766
3609,cut1,3609,POPC,397,176.38919067382812,37.37038040161133,92.58018493652344
3609,cut1,3609,POPC,398,140.0344696044922,153.76194763183594,84.1282730102539
3609,cut1,3609,POPC,399,20.019699096679688,86.99645233154297,92.20462799072266
3609,cut1,3609,POPC,400,87.14112854003906,99.09941864013672,79.56185913085938
3609,cut1,3609,POPC,401,155.89541625976562,205.9883270263672,87.92935943603516
3609,cut1,3609,POPC,402,106.38873291015625,65.01105499267578,84.23152160644531
3609,cut1,3609,POPC,403,144.6559295654297,108.95097351074219,80.99205017089844
3609,cut1,3609,POPC,404,124.83056640625,181.4278106689453,82.53739166259766
3609,cut1,3609,POPC,405,68.27374267578125,-0.2767704725265503,93.21419525146484
3609,cut1,3609,POPC,406,7.845996379852295,211.88978576660156,93.09402465820312
3609,cut1,3609,POPC,407,145.2966766357422,202.16482543945312,86.845458984375
3609,cut1,3609,POPC,408,140.24070739746094,25.208654403686523,91.50967407226562
3609,cut1,3609,POPC,409,43.90910339355469,225.71791076660156,91.78974151611328
3609,cut1,3609,POPC,410,88.89181518554688,168.28512573242188,80.48157501220703
3609,cut1,3609,POPC,411,92.27315521240234,55.164520263671875,85.93286895751953
3609,cut1,3609,POPC,412,60.00441741943359,61.99754333496094,92.30684661865234
3609,cut1,3609,POPC,413,157.0844268798828,105.98483276367188,85.8633041381836
3609,cut1,3609,POPC,414,189.63282775878906,87.6701431274414,87.14690399169922
3609,cut1,3609,POPC,415,6.489470958709717,4.790770530700684,98.10768127441406
3609,cut1,3609,POPC,416,117.5144271850586,229.6857452392578,97.07068634033203
3609,cut1,3609,POPC,417,29.492027282714844,172.27938842773438,82.0466537475586
3609,cut1,3609,POPC,418,115.35643768310547,10.539286613464355,94.31517791748047
3609,cut1,3609,POPC,419,34.73601531982422,32.10597229003906,96.61093139648438
3609,cut1,3609,POPC,420,53.3980712890625,89.52405548095703,84.59617614746094
3609,cut1,3609,POPC,421,91.43734741210938,133.37539672851562,76.7161636352539
3609,cut1,3609,POPC,422,76.04192352294922,10.358120918273926,95.04689025878906
3609,cut1,3609,POPC,423,184.476318359375,4.891020774841309,97.9305191040039
3609,cut1,3609,POPC,424,93.38328552246094,84.11148834228516,80.04046630859375
3609,cut1,3609,POPC,425,182.2334442138672,103.67786407470703,89.36666870117188
3609,cut1,3609,POPC,426,57.790000915527344,190.0029296875,83.83573913574219
3609,cut1,3609,POPC,427,46.03150177001953,234.45843505859375,91.2657699584961
3609,cut1,3609,POPC,428,165.1680145263672,130.14141845703125,95.08160400390625
3609,cut1,3609,POPC,429,132.8984375,112.88591003417969,82.19591522216797
3609,cut1,3609,POPC,430,83.25479125976562,67.313720703125,83.87812042236328
3609,cut1,3609,POPC,431,177.56735229492188,78.82548522949219,93.17227935791016
3609,cut1,3609,POPC,432,3.9701836109161377,231.57244873046875,94.20014953613281
3609,cut1,3609,POPC,433,185.87635803222656,134.5037384033203,88.88140869140625
3609,cut1,3609,POPC,434,50.839141845703125,73.18220520019531,92.23184967041016
3609,cut1,3609,POPC,435,133.1883544921875,136.74224853515625,82.61564636230469
3609,cut1,3609,POPC,436,164.42515563964844,98.88644409179688,93.09420776367188
3609,cut1,3609,POPC,437,92.77398681640625,96.28430938720703,80.26393127441406
3609,cut1,3609,POPC,438,24.04267120361328,48.64080047607422,91.82404327392578
3609,cut1,3609,POPC,439,48.35774230957031,17.963518142700195,96.041259765625
3609,cut1,3609,POPC,440,6.185912609100342,218.14170837402344,91.68071746826172
3609,cut1,3609,POPC,441,8.439120292663574,56.14402770996094,93.69145965576172
3609,cut1,3609,POPC,442,163.13050842285156,221.4796142578125,85.957763671875
3609,cut1,3609,POPC,443,118.02434539794922,157.65626525878906,76.93765258789062
3609,cut1,3609,POPC,444,12.20068645477295,233.61720275878906,96.0497055053711
3609,cut1,3609,POPC,445,13.27966594696045,7.859274864196777,97.63470458984375
3609,cut1,3609,POPC,446,130.62144470214844,120.28794860839844,81.80343627929688
3609,cut1,3609,POPC,447,109.74205017089844,192.14138793945312,75.18287658691406
3609,cut1,3609,POPC,448,142.59909057617188,36.145545959472656,88.9850082397461
3609,cut1,3609,POPC,449,13.98945140838623,97.50608825683594,93.02288055419922
3609,cut1,3609,POPC,450,44.89262390136719,100.3077621459961,82.13375091552734
3609,cut1,3609,POPC,451,145.5496368408203,139.57192993164062,82.72706604003906
3609,cut1,3609,POPC,452,170.49209594726562,145.32142639160156,93.93647003173828
3609,cut1,3609,POPC,453,168.6516571044922,191.2425994873047,93.82086944580078
3609,cut1,3609,POPC,454,78.4132080078125,154.66969299316406,84.37696838378906
3609,cut1,3609,POPC,455,66.91316223144531,75.71196746826172,83.88616180419922
3609,cut1,3609,POPC,456,59.006591796875,235.1896514892578,93.05139923095703
3609,cut1,3609,POPC,457,58.0496826171875,178.1988067626953,84.01659393310547
3609,cut1,3609,POPC,458,96.8187942504883,112.17205810546875,80.21094512939453
3609,cut1,3609,POPC,459,168.0953826904297,156.82901000976562,94.07215118408203
3609,cut1,3609,POPC,460,84.49165344238281,75.38190460205078,82.9559555053711
3609,cut1,3609,POPC,461,64.21665954589844,16.170751571655273,98.3462905883789
3609,cut1,3609,POPC,462,18.507911682128906,175.6741180419922,84.11064147949219
3609,cut1,3609,POPC,463,185.79725646972656,13.548155784606934,96.89888000488281
3609,cut1,3609,POPC,464,86.59723663330078,252.58291625976562,94.86703491210938
3609,cut1,3609,POPC,465,22.47393798828125,240.4063262939453,98.98523712158203
3609,cut1,3609,POPC,466,22.12944793701172,10.738486289978027,98.87310028076172
3609,cut1,3609,POPC,467,101.0390625,213.80918884277344,54.70659637451172
3609,cut1,3609,POPC,468,174.83572387695312,72.23799896240234,92.54817962646484
3609,cut1,3609,POPC,469,48.974693298339844,111.91177368164062,77.41896057128906
3609,cut1,3609,POPC,470,60.12574768066406,241.13694763183594,96.46851348876953
3609,cut1,3609,POPC,471,71.38896942138673,234.5898895263672,55.406959533691406
3609,cut1,3609,POPC,472,146.26002502441406,168.62887573242188,88.98088836669922
3609,cut1,3609,POPC,473,183.8100128173828,185.9506072998047,92.28262329101562
3609,cut1,3609,POPC,474,155.20675659179688,176.7025604248047,89.50711822509766
3609,cut1,3609,POPC,475,157.71875,190.0877685546875,90.32344055175781
3609,cut1,3609,POPC,476,167.46250915527344,25.543611526489258,95.80772399902344
3609,cut1,3609,POPC,477,74.35437774658203,187.61180114746094,85.23700714111328
3609,cut1,3609,POPC,478,175.6587371826172,126.37933349609375,91.3781967163086
3609,cut1,3609,POPC,479,169.90550231933594,77.62671661376953,92.4421615600586
3609,cut1,3609,POPC,480,170.87017822265625,66.26348114013672,89.25575256347656
3609,cut1,3609,POPC,481,99.45050811767578,21.110292434692383,95.9412612915039
3609,cut1,3609,POPC,482,84.57373809814453,111.1457748413086,86.0342788696289
3609,cut1,3609,POPC,483,65.78816986083984,220.43194580078125,91.49823760986328
3609,cut1,3609,POPC,484,60.70562744140625,117.18972778320312,80.60523223876953
3609,cut1,3609,POPC,485,59.065834045410156,96.74474334716797,84.1984634399414
3609,cut1,3609,POPC,486,96.21450805664062,228.9243621826172,96.817626953125
3609,cut1,3609,POPC,487,160.92063903808597,25.21280860900879,92.64154815673828
3609,cut1,3609,POPC,488,174.85369873046875,202.64686584472656,86.23455047607422
3609,cut1,3609,POPC,489,158.19232177734375,172.2197265625,92.00320434570312
3609,cut1,3609,POPC,490,68.52131652832031,165.74549865722656,82.11039733886719
3609,cut1,3609,POPC,491,22.668075561523438,79.35074615478516,89.15908050537108
3609,cut1,3609,POPC,492,140.16986083984375,132.8635711669922,85.0554428100586
3609,cut1,3609,POPC,493,33.181610107421875,14.00156307220459,99.9143295288086
3609,cut1,3609,POPC,494,29.03142547607422,50.77947998046875,87.53804016113281
3609,cut1,3609,POPC,495,97.78160095214844,214.20059204101562,93.06941223144531
3609,cut1,3609,POPC,496,71.97711944580078,48.921939849853516,90.10652160644531
3609,cut1,3609,POPC,497,33.08026123046875,145.85528564453125,74.19319915771484
3609,cut1,3609,POPC,498,121.69696807861328,151.26776123046875,79.38140106201172
3609,cut1,3609,POPC,499,124.18647003173828,138.247802734375,81.4106216430664
3609,cut1,3609,POPC,500,98.8615493774414,55.14649963378906,84.41307830810547
3609,cut1,3609,POPC,501,69.64884185791016,173.42689514160156,81.58380126953125
3609,cut1,3609,POPC,502,44.06556701660156,135.75885009765625,71.76152038574219
3609,cut1,3609,POPC,503,182.75323486328125,46.953338623046875,97.85238647460938
3609,cut1,3609,POPC,504,56.10894775390625,161.5255584716797,75.8896713256836
3609,cut1,3609,POPC,505,101.67923736572266,234.19387817382812,101.0106201171875
3609,cut1,3609,POPC,506,5.0108256340026855,52.6317138671875,91.1779556274414
3609,cut1,3609,POPC,507,79.43218994140625,57.30885314941406,87.67675018310547
3609,cut1,3609,POPC,508,85.16142272949219,199.453369140625,82.42572021484375
3609,cut1,3609,POPC,509,118.16248321533203,202.4085235595703,82.18724822998047
3609,cut1,3609,POPC,510,181.25289916992188,192.93893432617188,91.75819396972656
3609,cut1,3609,POPC,511,92.003173828125,64.9962387084961,40.934818267822266
3609,cut1,3609,POPC,512,114.46621704101562,82.31049346923828,74.76505279541016
3609,cut1,3609,POPC,513,113.80715942382812,93.9078140258789,78.53726959228516
3609,cut1,3609,POPC,514,183.8397674560547,74.97433471679688,91.6858139038086
3609,cut1,3609,POPC,515,106.5802001953125,22.84807777404785,97.79141998291016
3609,cut1,3609,POPC,516,64.22564697265625,67.90968322753906,85.35113525390625
3609,cut1,3609,POPC,517,84.27529907226562,202.99716186523438,87.95793914794922
3609,cut1,3609,POPC,518,55.30364227294922,138.42295837402344,71.17594146728516
3609,cut1,3609,POPC,519,112.19647216796875,69.55630493164061,81.46427154541016
3609,cut1,3609,POPC,520,64.18449401855469,36.33629608154297,94.16001892089844
3609,cut1,3609,POPC,521,71.45814514160156,34.984012603759766,91.5909423828125
3609,cut1,3609,POPC,522,31.149566650390625,80.9392623901367,92.33348083496094
3609,cut1,3609,POPC,523,146.40209960937503,186.18992614746094,87.82777404785156
3609,cut1,3609,POPC,524,42.93513488769531,10.537825584411621,93.81343841552734
3609,cut1,3609,POPC,525,104.29652404785156,215.31932067871094,94.06048583984375
3609,cut1,3609,POPC,526,46.672569274902344,85.09169006347656,91.10237121582031
3609,cut1,3609,POPC,527,173.9037628173828,27.706369400024414,93.02342987060547
3609,cut1,3609,POPC,528,89.34650421142578,41.637508392333984,92.10295104980469
3609,cut1,3609,POPC,529,193.1241912841797,57.949180603027344,94.71392822265625
3609,cut1,3609,POPC,530,34.72124481201172,199.80242919921875,92.72542572021484
3609,cut1,3609,POPC,531,34.58966064453125,209.4252471923828,90.00537872314453
3609,cut1,3609,POPC,532,13.163504600524902,113.50299835205078,87.49067687988281
3609,cut1,3609,POPC,533,-0.43422767519950867,79.1785659790039,87.91793823242188
3609,cut1,3609,POPC,534,153.49314880371094,198.5673065185547,86.38764190673828
3609,cut1,3609,POPC,535,-0.8805358409881592,244.43495178222656,96.39155578613281
3609,cut1,3609,POPC,536,67.34408569335938,114.79046630859375,81.76427459716797
3609,cut1,3609,POPC,537,143.0459747314453,147.5249786376953,81.2588119506836
3609,cut1,3609,POPC,538,3.247157335281372,83.46344757080078,91.66429901123047
3609,cut1,3609,POPC,539,151.7263641357422,222.1688690185547,83.25666046142578
3609,cut1,3609,POPC,540,86.14812469482422,229.63111877441406,97.02757263183594
3609,cut1,3609,POPC,541,168.7760467529297,12.782563209533691,95.44745635986328
3609,cut1,3609,POPC,542,180.63743591308594,9.77616024017334,96.99832153320312
3609,cut1,3609,POPC,543,58.45758056640625,199.70932006835938,85.57742309570312
3609,cut1,3609,POPC,544,45.65387725830078,42.90065383911133,94.53273010253906
3609,cut1,3609,POPC,545,189.54656982421875,110.10517883300781,91.05943298339844
3609,cut1,3609,POPC,546,147.6614990234375,213.4584503173828,87.7774658203125
3609,cut1,3609,POPC,547,74.9299087524414,32.26201248168945,94.48651885986328
3609,cut1,3609,POPC,548,181.3666534423828,63.67218780517578,90.935791015625
3609,cut1,3609,POPC,549,57.11919403076172,149.3682098388672,75.29856872558594
3609,cut1,3609,POPC,550,93.77330780029297,116.42698669433594,81.81558227539062
3609,cut1,3609,POPC,551,56.5205078125,106.0953826904297,82.74210357666016
3609,cut1,3609,POPC,552,-0.09069512039422989,208.2755126953125,91.7589111328125
3609,cut1,3609,POPC,553,38.525909423828125,151.8389892578125,72.62657928466797
3609,cut1,3609,POPC,554,16.822364807128906,165.80752563476562,79.5981674194336
3609,cut1,3609,POPC,555,41.10345458984375,177.0642547607422,84.97779846191406
3609,cut1,3609,POPC,556,61.182708740234375,103.49054718017578,84.65482330322266
3609,cut1,3609,POPC,557,62.47752380371094,174.37417602539062,84.25605010986328
3609,cut1,3609,POPC,558,67.10858154296875,26.085729598999023,94.70903778076172
3609,cut1,3609,POPC,559,165.81881713867188,84.490234375,92.29507446289062
3609,cut1,3609,POPC,560,154.26856994628906,61.41960144042969,86.78742980957031
3609,cut1,3609,POPC,561,104.62015533447266,92.55120849609375,77.40802001953125
3609,cut1,3609,POPC,562,131.9567108154297,160.8747100830078,82.7752456665039
3609,cut1,3609,POPC,563,73.7225112915039,218.28668212890625,92.4416732788086
3609,cut1,3609,POPC,564,59.02703857421875,31.276567459106445,94.54319763183594
3609,cut1,3609,POPC,565,53.415504455566406,240.3382568359375,94.87239837646484
3609,cut1,3609,POPC,566,177.97900390625,172.29537963867188,92.09871673583984
3609,cut1,3609,POPC,567,95.10710906982422,174.6321563720703,85.88922882080078
3609,cut1,3609,POPC,568,75.56310272216797,133.05905151367188,70.201904296875
3609,cut1,3609,POPC,569,173.56517028808594,100.4385757446289,91.73108673095703
3609,cut1,3609,POPC,570,153.13844299316406,49.43065643310547,91.5838851928711
3609,cut1,3609,POPC,571,33.84513854980469,238.1212615966797,97.00476837158203
3609,cut1,3609,POPC,572,152.472412109375,142.87989807128906,91.75588989257812
3609,cut1,3609,POPC,573,47.320709228515625,121.06568908691406,38.37722396850586
3609,cut1,3609,POPC,574,78.108154296875,247.6536865234375,91.42365264892578
3609,cut1,3609,POPC,575,183.20797729492188,96.1500015258789,89.4466781616211
3609,cut1,3609,POPC,576,150.0066375732422,192.09815979003906,88.34861755371094
3609,cut1,3609,POPC,577,188.8400421142578,66.30345916748047,91.96705627441406
3609,cut1,3609,POPC,578,173.91168212890625,185.24398803710938,93.02730560302734
3609,cut1,3609,POPC,579,149.09112548828125,149.22091674804688,84.43482971191406
3609,cut1,3609,POPC,580,118.94608306884766,235.37901306152344,101.06519317626953
3609,cut1,3609,POPC,581,16.907569885253906,203.8143768310547,97.9097900390625
3609,cut1,3609,POPC,582,9.819571495056152,31.78950309753418,55.15202331542968
3609,cut1,3609,POPC,583,159.61912536621094,37.30363464355469,93.59606170654297
3609,cut1,3609,POPC,584,174.2433319091797,155.37275695800778,93.88377380371094
3609,cut1,3609,POPC,585,12.41086483001709,226.86293029785156,95.7388687133789
3609,cut1,3609,POPC,586,122.07574462890625,15.680203437805176,94.99282836914062
3609,cut1,3609,POPC,587,18.20134735107422,210.09767150878906,94.07426452636719
3609,cut1,3609,POPC,588,66.50281524658203,156.8940887451172,82.0145263671875
3609,cut1,3609,POPC,589,46.42914581298828,83.80937194824219,44.773284912109375
3609,cut1,3609,POPC,590,94.4163818359375,199.8318634033203,84.8611068725586
3609,cut1,3609,POPC,591,23.685195922851562,219.7905731201172,94.88990783691406
3609,cut1,3609,POPC,592,40.78368377685547,215.94650268554688,89.05644989013672
3609,cut1,3609,POPC,593,135.97686767578125,202.72096252441406,86.257080078125
3609,cut1,3609,POPC,594,122.34420776367188,165.69955444335938,77.25831604003906
3609,cut1,3609,POPC,595,168.68182373046875,41.66085433959961,94.2098617553711
3609,cut1,3609,POPC,596,94.31868743896484,242.12310791015625,93.81412506103516
3609,cut1,3609,POPC,597,75.81907653808594,194.61581420898438,86.37286376953125
3609,cut1,3609,POPC,598,30.031044006347656,163.60379028320312,79.75853729248047
3609,cut1,3609,POPC,599,145.39736938476562,58.14111328125,92.88287353515625
3609,cut1,3609,POPC,600,78.94950103759766,230.84434509277344,94.48829650878906
3609,cut1,3609,POPC,601,68.50624084472656,93.36415100097656,81.10242462158203
3609,cut1,3609,POPC,602,86.60061645507812,207.70472717285156,83.34601593017578
3609,cut1,3609,POPC,603,109.0438003540039,14.566060066223146,95.26651000976561
3609,cut1,3609,POPC,604,69.71062469482422,199.13758850097656,87.41124725341797
3609,cut1,3609,POPC,605,41.11784362792969,47.47954559326172,94.06391143798828
3609,cut1,3609,POPC,606,39.109519958496094,135.317626953125,75.15849304199219
3609,cut1,3609,POPC,607,77.06880950927734,147.9879608154297,78.59400939941406
3609,cut1,3609,POPC,608,7.479903697967529,194.18685913085938,93.50618743896484
3609,cut1,3609,POPC,609,49.691856384277344,230.10830688476562,92.13591003417969
3609,cut1,3609,POPC,610,101.75861358642578,223.87400817871094,49.97699737548828
3609,cut1,3609,POPC,611,66.69197845458984,83.27040100097656,82.75458526611328
3609,cut1,3609,POPC,612,35.9547119140625,43.485595703125,90.37751007080078
3609,cut1,3609,POPC,613,39.96202087402344,196.0481719970703,88.2747802734375
3609,cut1,3609,POPC,614,184.444091796875,231.36134338378906,97.5169906616211
3609,cut1,3609,POPC,615,-4.26145601272583,200.71060180664062,89.5523910522461
3609,cut1,3609,POPC,616,53.28125,128.76881408691406,68.33231353759766
3609,cut1,3609,POPC,617,47.48072814941406,29.72599220275879,97.46231842041016
3609,cut1,3609,POPC,618,107.29852294921875,210.84031677246094,92.1939697265625
3609,cut1,3609,POPC,619,10.300963401794434,42.37892150878906,93.57662200927734
3609,cut1,3609,POPC,620,22.12950897216797,184.07530212402344,87.6976089477539
3609,cut1,3609,POPC,621,81.49507904052734,95.47647094726562,79.5968246459961
3609,cut1,3609,POPC,622,125.1837387084961,126.96275329589844,81.02259063720703
3609,cut1,3609,POPC,623,118.69168853759766,137.59910583496094,85.64735412597656
3609,cut1,3609,POPC,624,124.05126190185548,108.8449478149414,38.85873031616211
3609,cut1,3609,POPC,625,66.06951904296875,53.21604919433594,51.45018768310547
3609,cut1,3609,POPC,626,76.7696990966797,179.76097106933594,39.6414909362793
3609,cut1,3609,POPC,627,161.52711486816406,163.3656463623047,53.06956100463867
3609,cut1,3609,POPC,628,40.72599792480469,54.386650085449226,49.97433853149414
3609,cut1,3609,POPC,629,156.12332153320312,85.91455841064453,58.78020095825195
3609,cut1,3609,POPC,630,143.15972900390625,19.11423683166504,55.371707916259766
3609,cut1,3609,POPC,631,149.47337341308594,203.34999084472656,44.201454162597656
3609,cut1,3609,POPC,632,116.2432632446289,175.67642211914062,41.914554595947266
3609,cut1,3609,POPC,633,145.80918884277344,33.6190071105957,48.25250244140625
3609,cut1,3609,POPC,634,138.1441192626953,29.619970321655273,50.892818450927734
3609,cut1,3609,POPC,635,21.228134155273438,229.38856506347656,53.6348876953125
3609,cut1,3609,POPC,636,191.98721313476562,27.765600204467773,59.0053825378418
3609,cut1,3609,POPC,637,61.99663543701172,241.7593994140625,55.15229034423828
3609,cut1,3609,POPC,638,114.54131317138672,5.153260231018066,52.89958572387695
3609,cut1,3609,POPC,639,35.058143615722656,238.47154235839844,57.29147720336914
3609,cut1,3609,POPC,640,27.182777404785156,205.5592803955078,47.95350646972656
3609,cut1,3609,POPC,641,77.849365234375,236.43405151367188,55.16021728515625
3609,cut1,3609,POPC,642,93.97156524658203,225.38491821289062,52.441837310791016
3609,cut1,3609,POPC,643,39.045265197753906,88.07653045654297,45.501678466796875
3609,cut1,3609,POPC,644,36.880653381347656,102.46973419189453,45.931922912597656
3609,cut1,3609,POPC,645,113.15827178955078,11.374070167541504,51.104087829589844
3609,cut1,3609,POPC,646,165.79541015625,178.61375427246094,51.25351333618164
3609,cut1,3609,POPC,647,197.3502960205078,82.09144592285156,50.49836349487305
3609,cut1,3609,POPC,648,152.52243041992188,162.23387145996094,54.64949417114258
3609,cut1,3609,POPC,649,49.379310607910156,242.42414855957034,56.894161224365234
3609,cut1,3609,POPC,650,-1.3302733898162842,186.05172729492188,53.45304489135742
3609,cut1,3609,POPC,651,162.1403045654297,205.0832977294922,46.41741180419922
3609,cut1,3609,POPC,652,171.4657745361328,226.5026092529297,47.799644470214844
3609,cut1,3609,POPC,653,55.47886657714844,227.6566925048828,49.12937545776367
3609,cut1,3609,POPC,654,16.477466583251953,35.29341125488281,54.91968536376953
3609,cut1,3609,POPC,655,2.315364122390747,46.255767822265625,51.65874099731445
3609,cut1,3609,POPC,656,43.97752380371094,176.48074340820312,52.269813537597656
3609,cut1,3609,POPC,657,93.75531005859375,129.71078491210938,49.18102264404297
3609,cut1,3609,POPC,658,13.686091423034668,111.07656860351562,52.07037353515625
3609,cut1,3609,POPC,659,31.459014892578125,62.330291748046875,49.06388854980469
3609,cut1,3609,POPC,660,131.2070770263672,7.199385643005371,57.59391403198242
3609,cut1,3609,POPC,661,182.3392333984375,187.69898986816406,47.46499252319336
3609,cut1,3609,POPC,662,177.0473175048828,162.22276306152344,55.013832092285156
3609,cut1,3609,POPC,663,5.522887706756592,204.08761596679688,51.71726989746094
3609,cut1,3609,POPC,664,49.59901428222656,249.9867401123047,57.71163558959962
3609,cut1,3609,POPC,665,156.6442413330078,166.7366943359375,51.057491302490234
3609,cut1,3609,POPC,666,34.92963409423828,2.7125790119171143,59.988224029541016
3609,cut1,3609,POPC,667,72.66249084472656,14.0769681930542,53.962913513183594
3609,cut1,3609,POPC,668,167.5218048095703,62.47663879394531,49.65217971801758
3609,cut1,3609,POPC,669,176.38787841796875,242.84645080566406,55.79714584350586
3609,cut1,3609,POPC,670,54.5615234375,168.5107421875,43.807838439941406
3609,cut1,3609,POPC,671,94.3221664428711,7.191275596618652,47.08120346069336
3609,cut1,3609,POPC,672,163.22683715820312,132.4312286376953,50.894081115722656
3609,cut1,3609,POPC,673,40.248680114746094,252.61016845703125,55.1625633239746
3609,cut1,3609,POPC,674,66.0873794555664,46.23548126220703,51.2493896484375
3609,cut1,3609,POPC,675,173.55128479003906,174.24765014648438,51.48727798461914
3609,cut1,3609,POPC,676,6.4459147453308105,26.455598831176758,55.63730239868164
3609,cut1,3609,POPC,677,108.20307159423828,77.74889373779297,45.580718994140625
3609,cut1,3609,POPC,678,23.043663024902344,79.8683090209961,50.263954162597656
3609,cut1,3609,POPC,679,113.0036392211914,139.41831970214844,39.914833068847656
3609,cut1,3609,POPC,680,45.98224639892578,55.55059051513672,50.55022048950195
3609,cut1,3609,POPC,681,85.41248321533203,210.4172821044922,48.50100326538086
3609,cut1,3609,POPC,682,12.848528861999512,222.26956176757812,53.44137954711914
3609,cut1,3609,POPC,683,98.96739959716797,45.03787612915039,54.868839263916016
3609,cut1,3609,POPC,684,40.12187957763672,45.745121002197266,52.091365814208984
3609,cut1,3609,POPC,685,34.184165954589844,48.33327102661133,52.32961654663086
3609,cut1,3609,POPC,686,154.5382843017578,13.23139476776123,51.84021759033203
3609,cut1,3609,POPC,687,53.8126220703125,179.80908203125,47.68510818481445
3609,cut1,3609,POPC,688,107.41851043701172,143.92483520507812,41.89748764038086
3609,cut1,3609,POPC,689,68.413330078125,208.71934509277344,48.01604080200195
3609,cut1,3609,POPC,690,50.2994384765625,75.22500610351562,50.042423248291016
3609,cut1,3609,POPC,691,-1.9159972667694092,162.83241271972656,54.02084732055664
3609,cut1,3609,POPC,692,82.29144287109375,4.486439704895019,53.678131103515625
3609,cut1,3609,POPC,693,122.72977447509766,32.5743293762207,54.67430877685547
3609,cut1,3609,POPC,694,2.8736565113067627,69.42946624755858,50.547943115234375
3609,cut1,3609,POPC,695,145.9340362548828,13.038100242614746,54.37643051147461
3609,cut1,3609,POPC,696,146.89794921875,194.76254272460938,53.51789093017578
3609,cut1,3609,POPC,697,22.217430114746094,89.91851043701172,47.23046112060547
3609,cut1,3609,POPC,698,82.22761535644531,67.21112823486328,49.45708465576172
3609,cut1,3609,POPC,699,11.045771598815918,61.201576232910156,57.02855682373047
3609,cut1,3609,POPC,700,41.11009216308594,239.02410888671875,56.711631774902344
3609,cut1,3609,POPC,701,7.3198466300964355,4.461853981018066,57.71175003051758
3609,cut1,3609,POPC,702,86.55439758300783,204.37301635742188,45.08068084716797
3609,cut1,3609,POPC,703,53.631919860839844,21.50371742248535,53.65339660644531
3609,cut1,3609,POPC,704,10.449755668640137,187.7491455078125,90.7478256225586
3609,cut1,3609,POPC,705,43.915855407714844,62.03596496582031,52.085975646972656
3609,cut1,3609,POPC,706,161.57749938964844,61.28471374511719,50.7666130065918
3609,cut1,3609,POPC,707,25.528686523437504,59.87415313720703,53.32752990722656
3609,cut1,3609,POPC,708,80.06547546386719,78.82496643066405,54.67573165893555
3609,cut1,3609,POPC,709,177.53494262695312,25.075502395629883,59.60700607299805
3609,cut1,3609,POPC,710,9.501692771911621,48.12091064453126,54.62824630737305
3609,cut1,3609,POPC,711,29.707321166992188,29.08802604675293,56.477596282958984
3609,cut1,3609,POPC,712,34.871185302734375,27.679216384887695,57.928096771240234
3609,cut1,3609,POPC,713,183.2708740234375,192.3986358642578,52.64333724975586
3609,cut1,3609,POPC,714,30.450546264648438,218.2466583251953,53.634117126464844
3609,cut1,3609,POPC,715,84.97119140625,233.53407287597656,50.97861862182617
3609,cut1,3609,POPC,716,40.14873504638672,182.8674774169922,46.58446502685547
3609,cut1,3609,POPC,717,99.5745620727539,91.42376708984375,37.53911209106445
3609,cut1,3609,POPC,718,185.23622131347656,232.4993133544922,56.15967559814453
3609,cut1,3609,POPC,719,121.24249267578125,166.40093994140625,37.796875
3609,cut1,3609,POPC,720,42.53913116455078,74.2244873046875,50.786415100097656
3609,cut1,3609,POPC,721,173.9889373779297,121.637451171875,52.351806640625
3609,cut1,3609,POPC,722,46.77619934082031,66.82098388671875,51.34760665893555
3609,cut1,3609,POPC,723,49.255821228027344,234.16452026367188,53.74039840698242
3609,cut1,3609,POPC,724,22.592018127441406,65.70771789550781,51.475982666015625
3609,cut1,3609,POPC,725,102.7845458984375,29.83280372619629,53.153785705566406
3609,cut1,3609,POPC,726,29.385032653808594,237.67796325683594,56.59981155395508
3609,cut1,3609,POPC,727,175.38046264648438,225.27484130859375,52.76799011230469
3609,cut1,3609,POPC,728,55.71253967285156,187.08132934570312,47.89762878417969
3609,cut1,3609,POPC,729,37.93323516845704,233.056396484375,55.37019348144531
3609,cut1,3609,POPC,730,9.792170524597168,192.62510681152344,52.556392669677734
3609,cut1,3609,POPC,731,15.233809471130371,238.9286346435547,54.35239028930664
3609,cut1,3609,POPC,732,150.28648376464844,179.75590515136722,53.921024322509766
3609,cut1,3609,POPC,733,148.31756591796875,107.45429229736328,42.378292083740234
3609,cut1,3609,POPC,734,183.69320678710938,29.02861213684082,58.48857498168945
3609,cut1,3609,POPC,735,151.2378387451172,134.5403289794922,50.00428771972656
3609,cut1,3609,POPC,736,122.81681060791016,239.17178344726562,63.71689987182617
3609,cut1,3609,POPC,737,109.12146759033203,240.94900512695312,56.19316864013672
3609,cut1,3609,POPC,738,177.2594757080078,80.25088500976562,49.37691116333008
3609,cut1,3609,POPC,739,66.99130249023438,186.79519653320312,46.92748641967773
3609,cut1,3609,POPC,740,47.73747253417969,218.64674377441406,47.996788024902344
3609,cut1,3609,POPC,741,108.47573852539062,71.42664337158203,41.15201187133789
3609,cut1,3609,POPC,742,174.5380401611328,237.36199951171875,56.73903274536133
3609,cut1,3609,POPC,743,65.01155853271484,89.61386108398438,46.59877014160156
3609,cut1,3609,POPC,744,100.16163635253906,12.34908390045166,46.76861572265625
3609,cut1,3609,POPC,745,176.0001220703125,61.68773651123047,49.40471649169922
3609,cut1,3609,POPC,746,-0.5986983776092529,61.71641540527344,53.421661376953125
3609,cut1,3609,POPC,747,67.524169921875,234.41143798828125,51.57829666137695
3609,cut1,3609,POPC,748,152.26583862304688,187.22705078125,52.033180236816406
3609,cut1,3609,POPC,749,103.11125946044922,240.67625427246094,53.85750198364258
3609,cut1,3609,POPC,750,59.523895263671875,147.54180908203125,37.1268310546875
3609,cut1,3609,POPC,751,24.047653198242188,106.99559020996094,48.671260833740234
3609,cut1,3609,POPC,752,152.44146728515625,146.366455078125,50.87761306762695
3609,cut1,3609,POPC,753,187.64834594726562,95.94660949707031,51.72294616699219
3609,cut1,3609,POPC,754,183.0508270263672,149.4954376220703,56.5407829284668
3609,cut1,3609,POPC,755,57.09974670410156,5.482918739318848,55.391448974609375
3609,cut1,3609,POPC,756,71.66510009765625,182.92111206054688,44.888328552246094
3609,cut1,3609,POPC,757,61.68920135498047,183.3869171142578,47.68373107910156
3609,cut1,3609,POPC,758,53.530982971191406,221.75857543945312,50.95166015625
3609,cut1,3609,POPC,759,5.043456554412842,219.0305633544922,52.448890686035156
3609,cut1,3609,POPC,760,177.17063903808594,94.31775665283203,58.57310104370117
3609,cut1,3609,POPC,761,145.6924591064453,176.13470458984375,50.422428131103516
3609,cut1,3609,POPC,762,43.85285949707031,22.49055290222168,55.14854431152344
3609,cut1,3609,POPC,763,25.230621337890625,73.86492156982422,50.969032287597656
3609,cut1,3609,POPC,764,106.09889221191406,-0.9068650007247925,51.37025833129883
3609,cut1,3609,POPC,765,4.6989970207214355,238.8109588623047,57.097354888916016
3609,cut1,3609,POPC,766,168.14126586914062,30.896623611450195,52.470481872558594
3609,cut1,3609,POPC,767,160.76461791992188,117.36595153808594,51.55567932128906
3609,cut1,3609,POPC,768,102.19075012207031,35.453853607177734,55.69875717163086
3609,cut1,3609,POPC,769,165.734130859375,149.39317321777344,52.45250701904297
3609,cut1,3609,POPC,770,33.75517272949219,212.55227661132812,50.68451690673828
3609,cut1,3609,POPC,771,96.22119140625,34.066402435302734,52.81703567504883
3609,cut1,3609,POPC,772,140.0198974609375,8.615023612976074,56.77900314331055
3609,cut1,3609,POPC,773,160.5345916748047,146.7924346923828,52.84688186645508
3609,cut1,3609,POPC,774,34.46167755126953,180.96868896484375,44.4520149230957
3609,cut1,3609,POPC,775,72.27944946289062,48.61649322509765,49.89945602416992
3609,cut1,3609,POPC,776,1.2862045764923096,107.86853790283203,46.53847885131836
3609,cut1,3609,POPC,777,63.827674865722656,218.44284057617188,51.30957794189453
3609,cut1,3609,POPC,778,92.46800994873047,22.881792068481445,49.85163497924805
3609,cut1,3609,POPC,779,189.14486694335938,86.93125915527344,50.649505615234375
3609,cut1,3609,POPC,780,41.862083435058594,228.342529296875,53.49354934692383
3609,cut1,3609,POPC,781,32.78582763671875,10.876837730407715,62.87299728393555
3609,cut1,3609,POPC,782,90.30191040039062,59.66260528564453,42.415889739990234
3609,cut1,3609,POPC,783,72.37334442138672,65.08187866210938,49.83384704589844
3609,cut1,3609,POPC,784,52.49365234375,48.73020935058594,51.22590637207031
3609,cut1,3609,POPC,785,65.7696304321289,72.70330810546875,49.669891357421875
3609,cut1,3609,POPC,786,31.30998992919922,18.757272720336914,57.435543060302734
3609,cut1,3609,POPC,787,12.53678035736084,93.63114166259766,52.95541000366211
3609,cut1,3609,POPC,788,107.25933074951172,27.664125442504883,57.80643844604492
3609,cut1,3609,POPC,789,21.13203430175781,0.6105901002883911,56.223392486572266
3609,cut1,3609,POPC,790,179.4480438232422,88.9108657836914,53.969635009765625
3609,cut1,3609,POPC,791,63.91992950439453,78.41729736328125,49.702789306640625
3609,cut1,3609,POPC,792,158.42689514160156,187.87303161621094,54.31153869628906
3609,cut1,3609,POPC,793,156.68290710449216,21.535234451293945,50.0369758605957
3609,cut1,3609,POPC,794,36.69361877441406,37.71560287475586,52.91748046875
3609,cut1,3609,POPC,795,123.10291290283203,177.94583129882815,44.59686279296875
3609,cut1,3609,POPC,796,164.27359008789062,84.36121368408203,51.96574401855469
3609,cut1,3609,POPC,797,25.58818817138672,242.31211853027344,55.14557647705078
3609,cut1,3609,POPC,798,150.46974182128906,8.485383033752441,54.55780792236328
3609,cut1,3609,POPC,799,91.05643463134766,32.37760543823242,50.29050827026367
3609,cut1,3609,POPC,800,40.922019958496094,7.685990333557129,56.7178840637207
3609,cut1,3609,POPC,801,81.30718231201173,248.77511596679688,56.04987716674805
3609,cut1,3609,POPC,802,152.94476318359375,90.87808990478516,52.72671127319336
3609,cut1,3609,POPC,803,119.22300720214842,237.9296875,58.983768463134766
3609,cut1,3609,POPC,804,118.03388214111328,225.0091552734375,54.89297866821289
3609,cut1,3609,POPC,805,164.48622131347656,98.88742065429688,56.889137268066406
3609,cut1,3609,POPC,806,27.244041442871094,151.70314025878906,38.45315933227539
3609,cut1,3609,POPC,807,159.16632080078125,6.649905204772949,52.5566520690918
3609,cut1,3609,POPC,808,51.843971252441406,26.703866958618164,53.77729797363281
3609,cut1,3609,POPC,809,84.72848510742188,110.73531341552734,42.86644744873047
3609,cut1,3609,POPC,810,29.62236785888672,136.023193359375,36.60164260864258
3609,cut1,3609,POPC,811,165.0286407470703,187.7223663330078,51.19972229003906
3609,cut1,3609,POPC,812,21.971450805664062,166.59718322753906,45.57101058959961
3609,cut1,3609,POPC,813,61.49805450439453,1.535319447517395,55.86314392089844
3609,cut1,3609,POPC,814,84.53215026855469,138.1700439453125,78.50647735595703
3609,cut1,3609,POPC,815,33.24812316894531,246.44883728027344,58.040348052978516
3609,cut1,3609,POPC,816,181.16929626464844,65.01579284667969,49.474021911621094
3609,cut1,3609,POPC,817,180.1322784423828,15.43984317779541,59.15590286254883
3609,cut1,3609,POPC,818,187.45425415039062,107.37525939941406,49.582923889160156
3609,cut1,3609,POPC,819,144.475830078125,170.7207489013672,49.30690383911132
3609,cut1,3609,POPC,820,167.53672790527344,142.75119018554688,53.09905242919922
3609,cut1,3609,POPC,821,2.186427354812622,129.68104553222656,54.99320983886719
3609,cut1,3609,POPC,822,63.10333251953124,169.70352172851562,44.59433364868164
3609,cut1,3609,POPC,823,115.01412200927734,244.6521759033203,55.61073303222656
3609,cut1,3609,POPC,824,170.5780487060547,129.73001098632812,58.434520721435554
3609,cut1,3609,POPC,825,82.74641418457031,221.58064270019534,53.29456329345703
3609,cut1,3609,POPC,826,10.50266170501709,81.63442993164062,50.617332458496094
3609,cut1,3609,POPC,827,-0.8954322338104248,124.11495208740234,49.811275482177734
3609,cut1,3609,POPC,828,60.022300720214844,57.450157165527344,52.458221435546875
3609,cut1,3609,POPC,829,91.9914321899414,46.447792053222656,53.544891357421875
3609,cut1,3609,POPC,830,147.6009979248047,130.33335876464844,42.861637115478516
3609,cut1,3609,POPC,831,55.04302215576172,246.33949279785156,56.497352600097656
3609,cut1,3609,POPC,832,-0.959679365158081,224.09759521484375,53.990867614746094
3609,cut1,3609,POPC,833,161.85516357421875,50.024539947509766,51.46479797363281
3609,cut1,3609,POPC,834,36.73900604248047,220.45773315429688,49.379966735839844
3609,cut1,3609,POPC,835,151.57887268066406,251.39476013183594,51.91124725341797
3609,cut1,3609,POPC,836,78.06598663330078,186.40792846679688,41.383644104003906
3609,cut1,3609,POPC,837,11.285147666931152,69.012451171875,53.106910705566406
3609,cut1,3609,POPC,838,86.46192932128906,24.301618576049805,50.32097625732422
3609,cut1,3609,POPC,839,150.3645782470703,40.186389923095696,48.97686767578125
3609,cut1,3609,POPC,840,188.10122680664062,50.97173309326172,50.47441482543945
3609,cut1,3609,POPC,841,179.99203491210938,70.58665466308594,49.270999908447266
3609,cut1,3609,POPC,842,63.123321533203125,208.40916442871094,50.49140930175781
3609,cut1,3609,POPC,843,60.112152099609375,26.882535934448242,52.323638916015625
3609,cut1,3609,POPC,844,41.555259704589844,215.57057189941406,49.06026840209961
3609,cut1,3609,POPC,845,170.82763671875,186.9501953125,49.65777587890625
3609,cut1,3609,POPC,846,0.9162247180938721,19.364442825317383,60.57661819458008
3609,cut1,3609,POPC,847,106.27965545654297,105.00785827636719,36.051666259765625
3609,cut1,3609,POPC,848,189.5948486328125,249.13070678710938,57.481685638427734
3609,cut1,3609,POPC,849,193.0264434814453,40.1700439453125,55.253787994384766
3609,cut1,3609,POPC,850,83.0087890625,196.91082763671875,42.76612091064453
3609,cut1,3609,POPC,851,66.01573944091797,192.17970275878906,44.99465560913086
3609,cut1,3609,POPC,852,121.03705596923828,15.467123985290527,50.14488220214844
3609,cut1,3609,POPC,853,27.405548095703125,35.367652893066406,53.04569625854492
3609,cut1,3609,POPC,854,177.42543029785156,38.345767974853516,55.266483306884766
3609,cut1,3609,POPC,855,7.604766368865967,247.72470092773438,60.93877029418945
3609,cut1,3609,POPC,856,40.56109619140625,75.16532897949219,94.71456909179688
3609,cut1,3609,POPC,857,36.514686584472656,157.18682861328125,39.9912109375
3609,cut1,3609,POPC,858,14.990260124206543,3.855445146560669,57.772029876708984
3609,cut1,3609,POPC,859,90.0692367553711,181.02015686035156,40.851802825927734
3609,cut1,3609,POPC,860,74.87068939208984,34.00040054321289,52.80744171142578
3609,cut1,3609,POPC,861,50.411460876464844,173.76547241210938,48.97887420654297
3609,cut1,3609,POPC,862,55.64106750488281,202.57672119140625,45.42839431762695
3609,cut1,3609,POPC,863,28.61223602294922,230.2593231201172,56.04277801513672
3609,cut1,3609,POPC,864,48.59613800048828,39.492008209228516,51.207027435302734
3609,cut1,3609,POPC,865,63.21281433105469,65.86345672607422,47.99431228637695
3609,cut1,3609,POPC,866,124.21261596679688,158.00233459472656,37.3843879699707
3609,cut1,3609,POPC,867,71.26294708251953,149.53622436523438,40.85106658935547
3609,cut1,3609,POPC,868,157.64730834960938,64.480224609375,47.99906921386719
3609,cut1,3609,POPC,869,90.15261077880861,104.57498931884766,40.052127838134766
3609,cut1,3609,POPC,870,70.90593719482422,214.6608123779297,51.70653533935547
3609,cut1,3609,POPC,871,126.00479888916016,15.140707969665527,55.881710052490234
3609,cut1,3609,POPC,872,76.65546417236328,200.3149871826172,43.908931732177734
3609,cut1,3609,POPC,873,28.133216857910156,11.439288139343262,56.67203903198242
3609,cut1,3609,POPC,874,161.4425048828125,72.19700622558594,50.33662033081055
3609,cut1,3609,POPC,875,29.329086303710938,87.96887969970703,47.6702766418457
3609,cut1,3609,POPC,876,133.80287170410156,246.8307189941406,54.58020782470703
3609,cut1,3609,POPC,877,91.53590393066406,77.65512084960938,42.596134185791016
3609,cut1,3609,POPC,878,190.4113006591797,194.2329864501953,51.031490325927734
3609,cut1,3609,POPC,879,187.06466674804688,174.1226806640625,50.8570671081543
3609,cut1,3609,POPC,880,3.948615312576294,88.091552734375,51.83876037597656
3609,cut1,3609,POPC,881,8.85090160369873,12.828436851501465,54.811012268066406
3609,cut1,3609,POPC,882,20.628318786621094,71.35938262939453,54.057186126708984
3609,cut1,3609,POPC,883,113.4478988647461,28.87379264831543,59.421817779541016
3609,cut1,3609,POPC,884,159.965576171875,193.31222534179688,51.82393264770508
3609,cut1,3609,POPC,885,182.9994354248047,138.06346130371094,57.459903717041016
3609,cut1,3609,POPC,886,73.30679321289062,55.714942932128906,51.46969223022461
3609,cut1,3609,POPC,887,98.92376708984375,115.47451782226562,39.65107727050781
3609,cut1,3609,POPC,888,16.743942260742188,45.14128494262695,53.62550354003906
3609,cut1,3609,POPC,889,174.25765991210938,144.15835571289062,53.90023422241211
3609,cut1,3609,POPC,890,87.93650817871094,216.70762634277344,49.0544319152832
3609,cut1,3609,POPC,891,16.887683868408203,227.31263732910156,50.77680206298828
3609,cut1,3609,POPC,892,121.47650146484375,244.95278930664062,59.56772994995117
3609,cut1,3609,POPC,893,90.75144958496094,17.040027618408203,53.279335021972656
3609,cut1,3609,POPC,894,144.9376220703125,1.4990845918655398,54.53701400756836
3609,cut1,3609,POPC,895,166.32122802734375,40.283790588378906,50.904815673828125
3609,cut1,3609,POPC,896,158.93359375,174.5887451171875,52.809059143066406
3609,cut1,3609,POPC,897,29.400657653808594,4.380328178405762,60.10750961303711
3609,cut1,3609,POPC,898,188.38356018066406,242.2495880126953,57.51274108886719
3609,cut1,3609,POPC,899,118.84391021728516,4.175721168518066,56.6269416809082
3609,cut1,3609,POPC,900,177.11952209472656,149.80612182617188,51.09296417236328
3609,cut1,3609,POPC,901,75.1854019165039,19.326711654663086,54.081825256347656
3609,cut1,3609,POPC,902,107.48336791992188,97.74502563476562,33.75327682495117
3609,cut1,3609,POPC,903,69.03079223632812,35.17622756958008,51.952056884765625
3609,cut1,3609,POPC,904,12.046622276306152,202.95404052734375,53.20851135253906
3609,cut1,3609,POPC,905,189.78463745117188,11.569195747375488,60.43510055541992
3609,cut1,3609,POPC,906,180.60958862304688,37.00358200073242,62.24375534057617
3609,cut1,3609,POPC,907,182.40414428710938,208.37579345703125,53.89528274536133
3609,cut1,3609,POPC,908,83.44711303710938,73.4308090209961,47.15655517578125
3609,cut1,3609,POPC,909,187.7333221435547,129.2411651611328,54.00510025024414
3609,cut1,3609,POPC,910,98.2986068725586,231.3057861328125,51.71675109863281
3609,cut1,3609,POPC,911,102.7391128540039,140.03134155273438,47.20783233642578
3609,cut1,3609,POPC,912,41.51170349121094,189.69728088378906,45.80080795288086
3609,cut1,3609,POPC,913,152.37283325195312,48.62435531616211,53.1866455078125
3609,cut1,3609,POPC,914,149.51043701171875,17.634645462036133,52.697364807128906
3609,cut1,3609,POPC,915,160.42474365234375,93.79885864257812,54.966339111328125
3609,cut1,3609,POPC,916,152.77613830566406,198.41175842285156,48.04328918457031
3609,cut1,3609,POPC,917,18.84111785888672,203.45755004882812,49.77552032470703
3609,cut1,3609,POPC,918,167.359130859375,22.926733016967773,52.66791534423828
3609,cut1,3609,POPC,919,91.48662567138672,232.8045196533203,51.32954788208008
3609,cut1,3609,POPC,920,9.1987943649292,55.344024658203125,55.59280014038086
3609,cut1,3609,POPC,921,55.07378387451172,153.4803924560547,38.86021423339844
3609,cut1,3609,POPC,922,3.1083710193634033,35.50053405761719,57.36137771606445
3609,cut1,3609,POPC,923,156.7514190673828,180.498046875,55.9984130859375
3609,cut1,3609,POPC,924,71.16559600830078,41.534629821777344,50.96269226074219
3609,cut1,3609,POPC,925,183.69415283203125,11.50496768951416,60.8537712097168
3609,cut1,3609,POPC,926,67.82423400878908,199.59889221191406,43.75078582763672
3609,cut1,3609,POPC,927,37.991722106933594,15.033778190612793,58.653934478759766
3609,cut1,3609,POPC,928,157.4416961669922,43.49151611328125,46.7193717956543
3609,cut1,3609,POPC,929,41.92738342285156,38.30216979980469,49.924049377441406
3609,cut1,3609,POPC,930,67.03572845458984,10.564591407775879,53.052398681640625
3609,cut1,3609,POPC,931,128.66116333007812,0.11897385865449905,60.0020637512207
3609,cut1,3609,POPC,932,57.62065124511719,161.9907989501953,41.883934020996094
3609,cut1,3609,POPC,933,103.7864990234375,68.63172912597656,41.49973678588867
3609,cut1,3609,POPC,934,13.54019832611084,25.511926651000977,54.5300407409668
3609,cut1,3609,POPC,935,152.19346618652344,173.46800231933594,54.13242721557617
3609,cut1,3609,POPC,936,171.85850524902344,101.36957550048828,56.89250564575195
3609,cut1,3609,POPC,937,88.52593994140624,69.25051879882812,45.60744857788086
3609,cut1,3609,POPC,938,45.17445373535156,195.7418670654297,47.606727600097656
3609,cut1,3609,POPC,939,43.114120483398445,208.9569854736328,49.91572570800782
3609,cut1,3609,POPC,940,168.31480407714844,162.1422882080078,53.914669036865234
3609,cut1,3609,POPC,941,188.0453643798828,81.30030059814453,51.2662353515625
3609,cut1,3609,POPC,942,58.80907440185547,17.38447189331055,56.031368255615234
3609,cut1,3609,POPC,943,50.86266326904297,158.4060821533203,39.68766403198242
3609,cut1,3609,POPC,944,42.96453857421875,244.20570373535156,54.091346740722656
3609,cut1,3609,POPC,945,175.61830139160156,50.12193298339844,52.558738708496094
3609,cut1,3609,POPC,946,159.60879516601562,100.71528625488281,49.1739158630371
3609,cut1,3609,POPC,947,95.00241088867188,0.7566472291946411,53.45484161376953
3609,cut1,3609,POPC,948,177.81637573242188,232.7930145263672,56.81052780151367
3609,cut1,3609,POPC,949,71.70091247558594,95.4310531616211,43.6534309387207
3609,cut1,3609,POPC,950,187.41294860839844,216.61459350585938,52.16672134399414
3609,cut1,3609,POPC,951,79.4365234375,228.07763671875,53.28635025024414
3609,cut1,3609,POPC,952,37.46723175048828,21.867834091186523,59.4760627746582
3609,cut1,3609,POPC,953,144.46791076660156,26.19359016418457,51.39826202392579
3609,cut1,3609,POPC,954,179.9870147705078,110.00028991699219,51.886680603027344
3609,cut1,3609,POPC,955,169.26747131347656,8.394667625427246,55.00154113769531
3609,cut1,3609,POPC,956,83.23856353759766,33.25506591796875,54.56708526611328
3609,cut1,3609,POPC,957,72.22340393066406,89.70372772216795,47.994224548339844
3609,cut1,3609,POPC,958,187.83169555664062,203.03184509277344,53.50322723388672
3609,cut1,3609,POPC,959,87.58629608154297,134.8232879638672,45.839149475097656
3609,cut1,3609,POPC,960,62.17522430419922,233.8887176513672,54.15017318725586
3609,cut1,3609,POPC,961,189.093017578125,35.73173904418945,57.92459487915039
3609,cut1,3609,POPC,962,134.8722381591797,36.551395416259766,51.10866928100586
3609,cut1,3609,POPC,963,10.569022178649902,230.49673461914062,52.0046501159668
3609,cut1,3609,POPC,964,180.96290588378906,119.87486267089844,55.23724365234375
3609,cut1,3609,POPC,965,184.07122802734375,162.33297729492188,55.76188659667969
3609,cut1,3609,POPC,966,67.2606430053711,2.9489052295684814,56.98760223388672
3609,cut1,3609,POPC,967,12.31478023529053,212.0543670654297,51.615970611572266
3609,cut1,3609,POPC,968,49.98957824707031,209.08265686035156,50.661643981933594
3609,cut1,3609,POPC,969,89.01148223876953,90.28367614746094,45.06101608276367
3609,cut1,3609,POPC,970,62.18842315673828,130.87879943847656,37.5634765625
3609,cut1,3609,POPC,971,33.41590881347656,83.35923767089844,46.92977523803711
3609,cut1,3609,POPC,972,23.990806579589844,212.9399871826172,49.902870178222656
3609,cut1,3609,POPC,973,26.813369750976562,50.07579040527344,51.60160827636719
3609,cut1,3609,POPC,974,136.91796875,14.86608600616455,56.80218505859375
3609,cut1,3609,POPC,975,96.516357421875,248.94677734375,57.587398529052734
3609,cut1,3609,POPC,976,77.06341552734375,147.67918395996094,39.115665435791016
3609,cut1,3609,POPC,977,174.6736297607422,128.1476287841797,54.747833251953125
3609,cut1,3609,POPC,978,88.80655670166016,9.051920890808105,52.14270782470703
3609,cut1,3609,POPC,979,1.3319008350372314,97.6900863647461,52.999351501464844
3609,cut1,3609,POPC,980,76.85880279541016,69.78555297851562,49.04719161987305
3609,cut1,3609,POPC,981,97.01641845703125,209.6012420654297,49.6175537109375
3609,cut1,3609,POPC,982,67.19205474853516,174.96786499023438,45.36259078979492
3609,cut1,3609,POPC,983,20.8251953125,241.17649841308594,58.06686782836914
3609,cut1,3609,POPC,984,9.496066093444824,116.39558410644531,48.46135330200195
3609,cut1,3609,POPC,985,59.048866271972656,214.4228515625,50.436309814453125
3609,cut1,3609,POPC,986,181.20127868652344,219.00421142578122,51.466732025146484
3609,cut1,3609,POPC,987,170.1893310546875,58.267242431640625,51.855873107910156
3609,cut1,3609,POPC,988,101.88497161865234,58.065513610839844,44.32074737548828
3609,cut1,3609,POPC,989,31.001998901367188,173.22967529296875,40.444175720214844
3609,cut1,3609,POPC,990,96.70386505126953,108.9262466430664,40.20130157470703
3609,cut1,3609,POPC,991,15.965384483337402,98.2689437866211,53.16846466064453
3609,cut1,3609,POPC,992,44.92683410644531,33.21617889404297,52.839935302734375
3609,cut1,3609,POPC,993,136.9352569580078,162.96823120117188,42.192264556884766
3609,cut1,3609,POPC,994,72.99235534667969,239.52146911621094,58.1421012878418
3609,cut1,3609,POPC,995,98.64794158935548,125.0951919555664,47.680301666259766
3609,cut1,3609,POPC,996,165.04847717285156,88.03926849365236,56.37071228027344
3609,cut1,3609,POPC,997,172.54275512695312,192.81353759765625,49.59922409057617
3609,cut1,3609,POPC,998,60.40278625488281,49.59505081176758,48.53620529174805
3609,cut1,3609,POPC,999,22.73920440673828,43.866172790527344,51.08432388305664
3609,cut1,3609,POPC,1000,58.97361755371094,11.841906547546387,54.579429626464844
3609,cut1,3609,POPC,1001,3.989356279373169,198.7830047607422,54.33683395385742
3609,cut1,3609,POPC,1002,69.1475601196289,23.787355422973633,52.60786437988281
3609,cut1,3609,POPC,1003,36.0970458984375,175.92173767089844,40.4000358581543
3609,cut1,3609,POPC,1004,161.82464599609375,200.14247131347656,49.465309143066406
3609,cut1,3609,POPC,1005,43.62135314941406,14.330044746398926,56.42337417602539
3609,cut1,3609,POPC,1006,35.460784912109375,150.3865203857422,41.43669509887695
3609,cut1,3609,POPC,1007,53.71125793457031,125.31558227539062,42.37356185913086
3609,cut1,3609,POPC,1008,153.84347534179688,98.5870590209961,48.311370849609375
3609,cut1,3609,POPC,1009,27.613449096679688,40.32790756225586,50.70024871826172
3609,cut1,3609,POPC,1010,124.6753921508789,101.92668151855469,40.19545364379883
3609,cut1,3609,POPC,1011,145.54443359375,136.30445861816406,53.6353874206543
3609,cut1,3609,POPC,1012,163.6457977294922,107.46507263183594,50.675724029541016
3609,cut1,3609,POPC,1013,185.45335388183597,59.567665100097656,48.36281967163086
3609,cut1,3609,POPC,1014,152.56040954589844,192.55459594726562,54.51591491699219
3609,cut1,3609,POPC,1015,159.17237854003906,78.79859924316406,51.955413818359375
3609,cut1,3609,POPC,1016,172.0208282470703,35.5785026550293,56.67456817626953
3609,cut1,3609,POPC,1017,170.7421722412109,45.108280181884766,50.30810546875
3609,cut1,3609,POPC,1018,10.119536399841309,103.7332305908203,48.591060638427734
3609,cut1,3609,POPC,1019,17.460147857666016,210.77450561523438,50.418609619140625
3609,cut1,3609,POPC,1020,161.70138549804688,13.921902656555176,52.862789154052734
3609,cut1,3609,POPC,1021,186.83969116210938,17.78213119506836,59.45644760131836
3609,cut1,3609,POPC,1022,-1.3780639171600342,73.60256958007812,52.85673141479492
3609,cut1,3609,POPC,1023,153.79156494140622,29.836843490600586,47.64762878417969
3609,cut1,3609,POPC,1024,84.04505920410156,91.20378875732422,50.82328796386719
3609,cut1,3609,POPC,1025,71.42448425292969,221.7437286376953,51.568504333496094
3609,cut1,3609,POPC,1026,47.14635467529296,6.814023017883301,54.918270111083984
3609,cut1,3609,POPC,1027,18.668872833251953,187.01986694335938,50.0982666015625
3609,cut1,3609,POPC,1028,96.41058349609375,239.55479431152344,54.39807891845703
3609,cut1,3609,POPC,1029,170.0001983642578,76.74247741699219,47.80744552612305
3609,cut1,3609,POPC,1030,0.0066063604317605495,1.0383988618850708,61.227596282958984
3609,cut1,3609,POPC,1031,18.832988739013672,218.3494415283203,53.03498458862305
3609,cut1,3609,POPC,1032,175.44833374023438,54.691017150878906,49.923439025878906
3609,cut1,3609,POPC,1033,182.80784606933594,3.6123878955841064,58.30696487426758
3609,cut1,3609,POPC,1034,19.28527069091797,14.94742488861084,52.537174224853516
3609,cut1,3609,POPC,1035,150.6942596435547,154.89024353027344,50.4236946105957
3609,cut1,3609,POPC,1036,76.10702514648438,193.38172912597656,45.963531494140625
3609,cut1,3609,POPC,1037,20.875930786132812,98.24301147460938,50.42867660522461
3609,cut1,3609,POPC,1038,25.31976318359375,223.69931030273438,54.86022186279297
3609,cut1,3609,POPC,1039,155.08778381347656,126.22335052490234,45.45818328857422
3609,cut1,3609,POPC,1040,59.499656677246094,71.05292510986328,50.04776382446289
3609,cut1,3609,POPC,1041,76.78081512451172,165.7362823486328,43.04477310180664
3609,cut1,3609,POPC,1042,115.10420227050781,23.323266983032227,52.23588562011719
3609,cut1,3609,POPC,1043,172.9417266845703,199.12525939941406,52.657142639160156
3609,cut1,3609,POPC,1044,157.86245727539062,160.20132446289062,49.705631256103516
3609,cut1,3609,POPC,1045,2.2229340076446533,117.27412414550781,48.9723014831543
3609,cut1,3609,POPC,1046,-0.3406684100627899,237.5765838623047,54.01517868041992
3609,cut1,3609,POPC,1047,170.73353576660156,137.4441680908203,58.82479476928711
3609,cut1,3609,POPC,1048,170.53433227539062,84.5594482421875,53.12982940673828
3609,cut1,3609,POPC,1049,140.1239471435547,147.6009063720703,51.98928451538086
3609,cut1,3609,POPC,1050,24.155075073242188,176.8608856201172,44.45850372314453
3609,cut1,3609,POPC,1051,171.56187438964844,105.87371826171875,52.87618637084961
3609,cut1,3609,POPC,1052,185.64227294921875,225.7365264892578,54.033329010009766
3609,cut1,3609,POPC,1053,154.34957885742188,74.36543273925781,49.373382568359375
3609,cut1,3609,POPC,1054,179.2864227294922,100.76769256591797,56.30109405517578
3609,cut1,3609,POPC,1055,137.2657470703125,249.65548706054688,51.517913818359375
3609,cut1,3609,POPC,1056,20.34893035888672,55.15345001220703,52.99840545654297
3609,cut1,3609,POPC,1057,88.99337005615234,36.427303314208984,54.65755081176758
3609,cut1,3609,POPC,1058,179.66339111328125,229.03204345703125,55.33814239501953
3609,cut1,3609,POPC,1059,25.40642547607422,100.42144775390625,48.21692657470703
3609,cut1,3609,POPC,1060,105.24130249023438,51.95946502685547,48.96268844604492
3609,cut1,3609,POPC,1061,93.07020568847656,93.93533325195312,40.7943000793457
3609,cut1,3609,POPC,1062,49.76422882080078,13.458306312561035,53.22212219238281
3609,cut1,3609,POPC,1063,115.90293884277344,148.43731689453125,40.374000549316406
3609,cut1,3609,POPC,1064,52.0487060546875,83.01219940185547,49.41442108154297
3609,cut1,3609,POPC,1065,27.293838500976562,195.37567138671875,48.83123779296875
3609,cut1,3609,POPC,1066,182.6824493408203,245.4916534423828,57.68190383911133
3609,cut1,3609,POPC,1067,10.678153038024902,241.19973754882812,58.66215133666992
3609,cut1,3609,POPC,1068,84.20819854736328,15.568350791931152,53.89958572387695
3609,cut1,3609,POPC,1069,144.77577209472656,187.26702880859375,51.90654373168945
3609,cut1,3609,POPC,1070,5.811072826385498,18.038782119750977,57.123043060302734
3609,cut1,3609,POPC,1071,49.498863220214844,194.93418884277344,44.96450424194336
3609,cut1,3609,POPC,1072,173.73741149902344,168.72462463378906,56.3651008605957
3609,cut1,3609,POPC,1073,82.62251281738281,41.089473724365234,50.86659622192383
3609,cut1,3609,POPC,1074,87.1696548461914,190.38040161132812,42.23451232910156
3609,cut1,3609,POPC,1075,40.79328918457031,28.26894187927246,54.6987419128418
3609,cut1,3609,POPC,1076,151.75270080566406,62.09552001953125,50.620819091796875
3609,cut1,3609,POPC,1077,125.65006256103516,7.604172706604004,56.43478775024414
3609,cut1,3609,POPC,1078,177.2781982421875,115.11759948730469,51.83928298950195
3609,cut1,3609,POPC,1079,179.51795959472656,175.29345703125,50.537960052490234
3609,cut1,3609,POPC,1080,162.7702178955078,0.5807229280471802,54.51872634887695
3609,cut1,3609,POPC,1081,17.118560791015625,63.72166442871094,55.09629440307617
3609,cut1,3609,POPC,1082,2.719672441482544,192.917724609375,53.81710433959961
3609,cut1,3609,POPC,1083,171.8409423828125,4.67710018157959,59.47500228881836
3609,cut1,3609,POPC,1084,172.1455078125,26.96845817565918,56.865230560302734
3609,cut1,3609,POPC,1085,109.55372619628906,185.56175231933594,45.30753707885742
3609,cut1,3609,POPC,1086,185.4774627685547,123.73039245605469,55.66682052612305
3609,cut1,3609,POPC,1087,45.18670654296875,90.84505462646484,42.93728256225586
3609,cut1,3609,POPC,1088,67.54155731201172,244.75685119628906,57.21226501464844
3609,cut1,3609,POPC,1089,128.1260223388672,165.63636779785156,38.361934661865234
3609,cut1,3609,POPC,1090,188.15438842773438,43.554847717285156,52.579917907714844
3609,cut1,3609,POPC,1091,110.16663360595703,231.03213500976562,55.9703483581543
3609,cut1,3609,POPC,1092,166.26419067382812,210.086181640625,48.65735626220703
3609,cut1,3609,POPC,1093,15.059435844421387,195.2903594970703,51.63888931274414
3609,cut1,3609,POPC,1094,55.393699645996094,54.589019775390625,49.10196304321289
3609,cut1,3609,POPC,1095,69.39871215820312,80.7271728515625,50.45941162109375
3609,cut1,3609,POPC,1096,73.31938934326172,-2.462275266647339,57.96566390991211
3609,cut1,3609,POPC,1097,159.6507110595703,35.209075927734375,50.82331848144531
3609,cut1,3609,POPC,1098,34.34637451171875,72.47355651855469,48.54387664794922
3609,cut1,3609,POPC,1099,134.2641143798828,19.71451759338379,56.30403518676758
3609,cut1,3609,POPC,1100,175.10557556152344,249.73394775390625,57.66301345825195
3609,cut1,3609,POPC,1101,185.5872039794922,116.46085357666016,51.171539306640625
3609,cut1,3609,POPC,1102,119.85887908935547,183.03390502929688,45.14506530761719
3609,cut1,3609,POPC,1103,13.321402549743652,87.3993148803711,50.51911544799805
3609,cut1,3609,POPC,1104,157.46896362304688,132.78750610351562,50.22172546386719
3609,cut1,3609,POPC,1105,110.84351348876953,224.7775421142578,56.55116653442383
3609,cut1,3609,POPC,1106,64.67796325683594,163.4962158203125,43.917911529541016
3609,cut1,3609,POPC,1107,28.370346069335938,95.65379333496094,47.622718811035156
3609,cut1,3609,POPC,1108,107.23275756835938,213.14076232910156,51.55309295654297
3609,cut1,3609,POPC,1109,58.77055358886719,37.936485290527344,50.46122360229492
3609,cut1,3609,POPC,1110,4.974532604217529,213.47561645507812,52.09019470214844
3609,cut1,3609,POPC,1111,49.627220153808594,202.73033142089844,49.39892578125
3609,cut1,3609,POPC,1112,179.47605895996094,132.43002319335938,57.19731521606445
3609,cut1,3609,POPC,1113,21.67711639404297,193.35421752929688,51.210697174072266
3609,cut1,3609,POPC,1114,20.967262268066403,28.22422981262207,55.82876968383789
3609,cut1,3609,POPC,1115,153.45347595214844,139.43307495117188,55.406002044677734
3609,cut1,3609,POPC,1116,172.66656494140625,155.80746459960938,54.08732986450195
3609,cut1,3609,POPC,1117,60.60968017578125,95.83560943603516,42.592498779296875
3609,cut1,3609,POPC,1118,73.67125701904297,101.98878479003906,45.12544631958008
3609,cut1,3609,POPC,1119,164.9016571044922,168.0277862548828,56.02760314941406
3609,cut1,3609,POPC,1120,79.27558135986328,9.905396461486816,51.668766021728516
3609,cut1,3609,POPC,1121,53.007835388183594,142.0304412841797,34.848899841308594
3609,cut1,3609,POPC,1122,125.2975845336914,150.4894256591797,41.94055938720703
3609,cut1,3609,POPC,1123,37.40226745605469,66.69387817382812,49.98530578613281
3609,cut1,3609,POPC,1124,85.95532989501953,50.667015075683594,48.53731155395508
3609,cut1,3609,POPC,1125,107.89708709716797,172.90182495117188,37.70508575439453
3609,cut1,3609,POPC,1126,89.58340454101562,238.6667022705078,52.9094352722168
3609,cut1,3609,POPC,1127,88.6598892211914,41.93976974487304,54.13076400756836
3609,cut1,3609,POPC,1128,170.91014099121094,13.056342124938965,56.756954193115234
3609,cut1,3609,POPC,1129,26.493247985839844,250.14720153808597,58.72922897338867
3609,cut1,3609,POPC,1130,69.87537384033203,227.64944458007812,50.93331527709961
3609,cut1,3609,POPC,1131,58.599388122558594,76.99630737304688,48.645687103271484
3609,cut1,3609,POPC,1132,142.224365234375,140.11366271972656,51.06714630126953
3609,cut1,3609,POPC,1133,187.98472595214844,65.38955688476562,50.12965393066406
3609,cut1,3609,POPC,1134,161.70864868164062,139.53005981445312,56.14790344238281
3609,cut1,3609,POPC,1135,74.48489379882811,205.4763946533203,43.76470947265625
3609,cut1,3609,POPC,1136,96.26102447509766,217.10508728027344,50.02932357788086
3609,cut1,3609,POPC,1137,32.62030792236328,100.75267028808594,48.724510192871094
3609,cut1,3609,POPC,1138,68.9478759765625,169.34620666503906,45.2497673034668
3609,cut1,3609,POPC,1139,95.47846984863281,137.555908203125,51.48430633544922
3609,cut1,3609,POPC,1140,5.894507884979248,111.56504821777344,50.491973876953125
3609,cut1,3609,POPC,1141,56.63230895996094,67.0776596069336,54.05791473388672
3609,cut1,3609,POPC,1142,164.97927856445312,127.43868255615234,52.659217834472656
3609,cut1,3609,POPC,1143,133.22723388671875,26.170629501342773,55.28690719604492
3609,cut1,3609,SAPI,1144,81.11961364746094,25.261232376098633,52.17849349975586
3609,cut1,3609,SAPI,1145,63.15973663330078,153.5466766357422,38.63533020019531
3609,cut1,3609,SAPI,1146,111.24488067626953,18.081586837768555,50.38972473144531
3609,cut1,3609,SAPI,1147,10.131709098815918,37.96320724487305,52.78700256347656
3609,cut1,3609,SAPI,1148,40.86878204345703,165.33767700195312,40.199462890625
3609,cut1,3609,SAPI,1149,58.731719970703125,193.6761474609375,44.6103401184082
3609,cut1,3609,SAPI,1150,115.54703521728516,160.0662078857422,35.51025390625
3609,cut1,3609,SAPI,1151,18.0054931640625,171.9138641357422,45.32426071166993
3609,cut1,3609,SAPI,1152,103.05780029296875,205.12525939941406,47.8983039855957
3609,cut1,3609,SAPI,1153,102.74035644531251,77.73316955566406,40.7457275390625
3609,cut1,3609,SAPI,1154,129.61111450195312,34.59767150878906,54.146793365478516
3609,cut1,3609,SAPI,1155,136.2113342285156,145.8125457763672,48.13861083984375
3609,cut1,3609,SAPI,1156,89.45899200439453,247.91281127929688,50.16238784790039
3609,cut1,3609,SAPI,1157,150.838623046875,67.98616790771484,48.30387878417969
3609,cut1,3609,SAPI,1158,17.781818389892578,85.64999389648438,48.65026092529297
3609,cut1,3609,SAPI,1159,158.79258728027344,215.9217071533203,45.3991584777832
3609,cut1,3609,SAPI,1160,64.86572265625,99.0416259765625,38.12788009643555
3609,cut1,3609,SAPI,1161,192.2293701171875,146.9837188720703,54.53792190551758
3609,cut1,3609,SAPI,1162,133.77981567382812,138.44729614257812,45.316043853759766
3609,cut1,3609,SAPI,1163,151.07015991210938,84.78109741210938,53.358192443847656
3609,cut1,3609,SAPI,1164,140.33953857421875,131.94178771972656,46.48591995239258
3609,cut1,3609,SAPI,1165,147.83309936523438,100.38570404052734,46.054176330566406
3609,cut1,3609,SAPI,1166,183.98910522460938,180.97088623046878,47.843650817871094
3609,cut1,3609,SAPI,1167,180.25944519042972,168.9580078125,55.45085144042969
3609,cut1,3609,SAPI,1168,164.7379608154297,243.2383270263672,58.55698013305664
3609,cut1,3609,SAPI,1169,146.82823181152344,55.937583923339844,50.78467178344726
3609,cut1,3609,SAPI,1170,97.10623168945312,198.42105102539062,42.087501525878906
3609,cut1,3609,SAPI,1171,116.15895080566406,232.4005889892578,55.87148666381836
3609,cut1,3609,SAPI,1172,110.53877258300781,167.25094604492188,35.8724365234375
3609,cut1,3609,SAPI,1173,79.3171157836914,242.77615356445312,57.560184478759766
3609,cut1,3609,SAPI,1174,78.9906997680664,94.21251678466797,49.23798751831055
3609,cut1,3609,SAPI,1175,112.06351470947266,214.57080078125,49.884796142578125
3609,cut1,3609,SAPI,1176,157.5803985595703,247.23345947265625,51.38145065307617
3609,cut1,3609,SAPI,1177,178.8912353515625,213.77691650390625,52.16937255859375
3609,cut1,3609,SAPI,1178,77.41988372802734,172.5095672607422,39.97926712036133
3609,cut1,3609,SAPI,1179,134.17636108398438,236.2334442138672,47.28761291503906
3609,cut1,3609,SAPI,1180,132.44598388671875,152.53440856933594,48.62434768676758
3609,cut1,3609,SAPI,1181,59.217506408691406,141.7540740966797,35.55364990234375
