,System,Frame,Resname,Resnum,X,Y,Z
6774,cut1,6774,POPC,0,143.9060516357422,206.41293334960938,81.20199584960938
6774,cut1,6774,POPC,1,66.44229888916016,166.57321166992188,88.2773208618164
6774,cut1,6774,POPC,2,137.85601806640625,245.97653198242188,101.2632827758789
6774,cut1,6774,POPC,3,111.92000579833984,171.35382080078125,78.1597671508789
6774,cut1,6774,POPC,4,150.54624938964844,142.18528747558594,82.93836975097656
6774,cut1,6774,POPC,5,135.2700958251953,130.81753540039062,81.12403869628906
6774,cut1,6774,POPC,6,155.32579040527344,168.2960968017578,83.09619140625
6774,cut1,6774,POPC,7,73.37422943115234,223.0592346191406,92.83616638183594
6774,cut1,6774,POPC,8,25.145977020263672,51.77766799926758,91.50128173828125
6774,cut1,6774,POPC,9,157.8467254638672,205.88737487792966,83.65510559082031
6774,cut1,6774,POPC,10,29.223777770996094,225.83767700195312,89.6897201538086
6774,cut1,6774,POPC,11,95.9840316772461,20.28472900390625,95.69847106933594
6774,cut1,6774,POPC,12,177.8387451171875,64.43785095214844,86.7157211303711
6774,cut1,6774,POPC,13,108.047607421875,144.02992248535156,82.3880386352539
6774,cut1,6774,POPC,14,113.78841400146484,178.55845642089844,73.81005859375
6774,cut1,6774,POPC,15,38.87654495239258,126.84382629394531,76.37557983398438
6774,cut1,6774,POPC,16,95.4691390991211,120.16876983642578,83.99666595458984
6774,cut1,6774,POPC,17,39.71379470825196,34.959415435791016,94.10800170898438
6774,cut1,6774,POPC,18,109.98248291015625,230.6289825439453,100.35419464111328
6774,cut1,6774,POPC,19,102.95368957519531,16.93328094482422,97.37661743164062
6774,cut1,6774,POPC,20,107.81781005859375,250.64329528808594,96.64613342285156
6774,cut1,6774,POPC,21,117.27086639404297,101.5564956665039,78.386962890625
6774,cut1,6774,POPC,22,168.41793823242188,76.08346557617188,86.46524810791016
6774,cut1,6774,POPC,23,88.21098327636719,3.452155590057373,97.23359680175781
6774,cut1,6774,POPC,24,84.64610290527344,215.52337646484375,93.06658172607422
6774,cut1,6774,POPC,25,77.35330200195312,175.25186157226562,86.28195190429688
6774,cut1,6774,POPC,26,37.8138313293457,213.137939453125,94.06088256835938
6774,cut1,6774,POPC,27,59.61123275756836,156.817626953125,76.83943939208984
6774,cut1,6774,POPC,28,43.41794204711914,197.8324737548828,89.2000503540039
6774,cut1,6774,POPC,29,39.04719161987305,62.28889083862305,86.59054565429688
6774,cut1,6774,POPC,30,188.61997985839844,189.8776397705078,92.73651885986328
6774,cut1,6774,POPC,31,171.86441040039062,211.33409118652344,85.6112060546875
6774,cut1,6774,POPC,32,72.74952697753906,230.1078643798828,92.88397216796875
6774,cut1,6774,POPC,33,72.24962615966797,104.48165893554688,88.7022933959961
6774,cut1,6774,POPC,34,185.89144897460938,101.26384735107422,90.78021240234375
6774,cut1,6774,POPC,35,140.9040069580078,248.8854217529297,93.86585998535156
6774,cut1,6774,POPC,36,173.3603973388672,231.9691925048828,95.82342529296875
6774,cut1,6774,POPC,37,119.07891082763672,166.47877502441406,75.70172119140625
6774,cut1,6774,POPC,38,82.47233581542969,63.99985122680664,85.71807861328125
6774,cut1,6774,POPC,39,100.92581176757812,210.2051239013672,89.60977935791016
6774,cut1,6774,POPC,40,103.67610931396483,91.12274169921875,75.34940338134766
6774,cut1,6774,POPC,41,115.36260986328125,47.443058013916016,81.84812927246094
6774,cut1,6774,POPC,42,191.20359802246094,108.12528228759766,90.60999298095703
6774,cut1,6774,POPC,43,112.91402435302734,98.04690551757812,79.20989990234375
6774,cut1,6774,POPC,44,171.31072998046875,44.4057502746582,89.7267074584961
6774,cut1,6774,POPC,45,31.390117645263672,100.4942398071289,83.82371520996094
6774,cut1,6774,POPC,46,14.325920104980469,247.81224060058594,96.67628479003906
6774,cut1,6774,POPC,47,28.463687896728516,88.05632019042969,84.91342163085936
6774,cut1,6774,POPC,48,86.69233703613281,69.8375244140625,80.15733337402344
6774,cut1,6774,POPC,49,125.7899398803711,58.77235794067383,81.2257308959961
6774,cut1,6774,POPC,50,173.78126525878906,128.93710327148438,91.54866027832031
6774,cut1,6774,POPC,51,53.58687210083008,166.9398651123047,85.21800994873047
6774,cut1,6774,POPC,52,75.31686401367188,201.98529052734375,89.4252700805664
6774,cut1,6774,POPC,53,171.30947875976562,155.07693481445312,90.85945892333984
6774,cut1,6774,POPC,54,91.90050506591797,92.38616943359375,79.1670913696289
6774,cut1,6774,POPC,55,135.82867431640625,28.55062484741211,90.38914489746094
6774,cut1,6774,POPC,56,71.88237762451172,23.001930236816406,97.1908950805664
6774,cut1,6774,POPC,57,124.11451721191406,175.48123168945312,80.0781478881836
6774,cut1,6774,POPC,58,172.6335906982422,68.24369812011719,84.08626556396484
6774,cut1,6774,POPC,59,47.3410530090332,33.065555572509766,94.51708221435547
6774,cut1,6774,POPC,60,69.21611022949219,218.09498596191406,95.05541229248047
6774,cut1,6774,POPC,61,59.26004409790039,232.337646484375,94.88794708251953
6774,cut1,6774,POPC,62,114.03263092041016,156.3207244873047,79.87078857421875
6774,cut1,6774,POPC,63,45.7960319519043,237.1066436767578,91.97105407714844
6774,cut1,6774,POPC,64,144.84495544433594,13.582793235778809,91.16726684570312
6774,cut1,6774,POPC,65,137.1237030029297,33.1999397277832,86.5562973022461
6774,cut1,6774,POPC,66,108.2187728881836,148.02789306640625,78.83739471435547
6774,cut1,6774,POPC,67,18.431377410888672,24.411602020263672,94.36738586425781
6774,cut1,6774,POPC,68,55.04658889770508,149.73080444335938,77.44804382324219
6774,cut1,6774,POPC,69,144.0751953125,20.513702392578125,92.06514739990234
6774,cut1,6774,POPC,70,64.26266479492188,15.792258262634277,95.70773315429688
6774,cut1,6774,POPC,71,173.02183532714844,32.64506912231445,91.3185806274414
6774,cut1,6774,POPC,72,134.47447204589844,196.29949951171875,50.75759506225586
6774,cut1,6774,POPC,73,16.357513427734375,80.98087310791016,89.19708251953125
6774,cut1,6774,POPC,74,181.17994689941406,155.963623046875,90.95604705810547
6774,cut1,6774,POPC,75,63.77388381958008,151.5353240966797,79.67259979248047
6774,cut1,6774,POPC,76,124.96640014648438,134.71131896972656,82.20352935791016
6774,cut1,6774,POPC,77,96.97472381591797,190.3416900634766,87.88509368896484
6774,cut1,6774,POPC,78,9.281929016113281,107.45233154296875,87.62315368652344
6774,cut1,6774,POPC,79,41.82278823852539,71.91861724853516,46.670623779296875
6774,cut1,6774,POPC,80,116.0123062133789,25.61009979248047,96.70525360107422
6774,cut1,6774,POPC,81,107.92852783203125,4.78535795211792,96.05339813232422
6774,cut1,6774,POPC,82,47.66573715209961,62.03865432739258,86.71080017089845
6774,cut1,6774,POPC,83,36.68392562866211,48.99448776245117,91.16130065917969
6774,cut1,6774,POPC,84,39.9720573425293,55.62693405151367,88.14159393310547
6774,cut1,6774,POPC,85,92.76852416992188,181.04568481445312,86.43197631835938
6774,cut1,6774,POPC,86,74.7094497680664,48.65785598754883,89.91465759277344
6774,cut1,6774,POPC,87,166.46664428710938,242.10311889648438,96.78522491455078
6774,cut1,6774,POPC,88,118.7074203491211,68.1409683227539,85.66016387939453
6774,cut1,6774,POPC,89,20.010684967041016,100.33548736572266,88.16464233398438
6774,cut1,6774,POPC,90,180.41583251953125,105.41580200195312,87.63906860351562
6774,cut1,6774,POPC,91,124.34333801269531,26.254817962646484,91.00959014892578
6774,cut1,6774,POPC,92,35.3431510925293,71.69847106933594,90.89077758789062
6774,cut1,6774,POPC,93,134.15695190429688,183.0322723388672,80.4361343383789
6774,cut1,6774,POPC,94,18.013721466064453,215.61129760742188,89.62305450439453
6774,cut1,6774,POPC,95,119.27271270751953,143.24156188964844,81.69437408447267
6774,cut1,6774,POPC,96,187.58106994628906,167.29481506347656,92.64446258544922
6774,cut1,6774,POPC,97,93.71475219726562,118.77299499511719,41.8310661315918
6774,cut1,6774,POPC,98,120.67665100097656,88.4008560180664,74.09703063964844
6774,cut1,6774,POPC,99,178.96499633789062,2.032588481903076,96.42132568359375
6774,cut1,6774,POPC,100,49.0452995300293,144.7672576904297,74.92267608642578
6774,cut1,6774,POPC,101,24.546669006347656,67.80497741699219,92.69273376464844
6774,cut1,6774,POPC,102,96.15907287597656,206.95819091796875,89.27256774902342
6774,cut1,6774,POPC,103,162.20823669433594,149.76893615722656,87.51376342773438
6774,cut1,6774,POPC,104,58.838802337646484,240.5208740234375,95.37859344482422
6774,cut1,6774,POPC,105,10.790325164794922,240.4754638671875,96.5586166381836
6774,cut1,6774,POPC,106,60.09445571899414,80.63937377929688,85.96009826660156
6774,cut1,6774,POPC,107,16.26671600341797,111.9423828125,85.08953857421875
6774,cut1,6774,POPC,108,164.3842315673828,191.55517578125,81.25140380859375
6774,cut1,6774,POPC,109,104.0546646118164,233.72508239746094,95.67511749267578
6774,cut1,6774,POPC,110,94.03790283203125,33.7393913269043,92.83970642089844
6774,cut1,6774,POPC,111,186.6808319091797,10.818140983581543,94.19229888916016
6774,cut1,6774,POPC,112,190.67831420898438,54.87198257446289,91.54429626464844
6774,cut1,6774,POPC,113,45.27775955200195,215.51004028320312,91.8805160522461
6774,cut1,6774,POPC,114,84.08244323730469,84.86396789550781,82.93293762207031
6774,cut1,6774,POPC,115,96.77013397216797,234.71046447753906,94.25336456298828
6774,cut1,6774,POPC,116,89.0512161254883,219.38739013671872,93.29472351074219
6774,cut1,6774,POPC,117,67.13471221923828,93.96440124511719,82.17011260986328
6774,cut1,6774,POPC,118,25.715423583984375,30.40976333618164,95.3512954711914
6774,cut1,6774,POPC,119,120.3810806274414,81.25162506103516,83.05565643310547
6774,cut1,6774,POPC,120,169.41285705566406,215.21937561035156,78.2896499633789
6774,cut1,6774,POPC,121,17.121341705322266,10.614092826843262,96.0320816040039
6774,cut1,6774,POPC,122,180.8718719482422,17.933582305908203,92.4066162109375
6774,cut1,6774,POPC,123,33.866336822509766,188.85044860839844,91.18717956542969
6774,cut1,6774,POPC,124,47.17752456665039,203.79090881347656,89.80857849121094
6774,cut1,6774,POPC,125,20.300094604492188,19.289791107177734,95.04862976074219
6774,cut1,6774,POPC,126,45.2508430480957,226.80560302734375,93.07743835449219
6774,cut1,6774,POPC,127,156.9490966796875,95.04280853271484,88.23544311523438
6774,cut1,6774,POPC,128,45.62514114379883,17.201656341552734,96.95109558105469
6774,cut1,6774,POPC,129,126.2996597290039,3.955867290496826,97.27969360351562
6774,cut1,6774,POPC,130,169.42408752441406,174.29031372070312,86.8681411743164
6774,cut1,6774,POPC,131,53.64632034301758,185.09671020507812,88.71705627441406
6774,cut1,6774,POPC,132,73.56954956054688,232.36137390136716,54.679725646972656
6774,cut1,6774,POPC,133,101.34563446044922,140.72923278808594,47.35588073730469
6774,cut1,6774,POPC,134,61.56117630004883,41.027095794677734,93.24734497070312
6774,cut1,6774,POPC,135,186.10816955566406,146.16639709472656,93.08230590820312
6774,cut1,6774,POPC,136,144.2546844482422,26.74715805053711,88.68528747558594
6774,cut1,6774,POPC,137,37.58706283569336,150.78677368164062,76.83721160888672
6774,cut1,6774,POPC,138,50.18901443481445,105.9310073852539,79.19086456298828
6774,cut1,6774,POPC,139,140.12046813964844,120.46685028076172,82.23259735107422
6774,cut1,6774,POPC,140,85.02940368652344,143.9374542236328,83.48042297363281
6774,cut1,6774,POPC,141,184.7882843017578,119.95832824707031,94.81317901611328
6774,cut1,6774,POPC,142,195.8673858642578,172.48184204101562,87.37759399414062
6774,cut1,6774,POPC,143,36.230037689208984,108.45926666259766,77.77371215820312
6774,cut1,6774,POPC,144,84.14299011230469,226.59994506835938,97.44001007080078
6774,cut1,6774,POPC,145,161.1954803466797,132.71923828125,88.78614807128906
6774,cut1,6774,POPC,146,138.86671447753906,135.40560913085938,79.2126693725586
6774,cut1,6774,POPC,147,72.11392211914062,177.70101928710938,87.27194213867188
6774,cut1,6774,POPC,148,184.5810089111328,127.967041015625,95.3642807006836
6774,cut1,6774,POPC,149,185.38983154296875,54.316104888916016,89.06983184814453
6774,cut1,6774,POPC,150,54.91057205200195,173.50567626953125,86.0390853881836
6774,cut1,6774,POPC,151,98.95826721191406,82.92781829833984,78.93446350097656
6774,cut1,6774,POPC,152,184.0125732421875,92.44803619384766,86.6605224609375
6774,cut1,6774,POPC,153,123.28644561767578,148.7028350830078,81.76488494873047
6774,cut1,6774,POPC,154,140.58920288085938,198.74105834960938,77.85013580322266
6774,cut1,6774,POPC,155,56.423526763916016,98.61451721191406,82.71504211425781
6774,cut1,6774,POPC,156,77.85696411132812,42.00728988647461,91.51065063476562
6774,cut1,6774,POPC,157,20.444591522216797,92.55260467529297,85.6458511352539
6774,cut1,6774,POPC,158,54.85910415649414,159.6720428466797,82.0839614868164
6774,cut1,6774,POPC,159,92.41690826416016,104.7975082397461,81.24798583984375
6774,cut1,6774,POPC,160,36.46125411987305,30.40488052368164,93.78166198730469
6774,cut1,6774,POPC,161,87.05998229980469,176.27175903320312,86.5560073852539
6774,cut1,6774,POPC,162,15.044376373291016,203.43606567382812,92.0774917602539
6774,cut1,6774,POPC,163,80.7457275390625,188.67449951171875,91.10507202148438
6774,cut1,6774,POPC,164,62.771854400634766,247.21104431152344,99.97517395019531
6774,cut1,6774,POPC,165,3.9435384273529053,48.55857467651367,92.0902099609375
6774,cut1,6774,POPC,166,82.66456604003906,185.97569274902344,87.7791519165039
6774,cut1,6774,POPC,167,64.75267791748047,189.00808715820312,90.21920776367188
6774,cut1,6774,POPC,168,68.850341796875,58.154117584228516,91.89088439941406
6774,cut1,6774,POPC,169,174.76495361328125,172.58642578125,89.07551574707031
6774,cut1,6774,POPC,170,165.12228393554688,40.860904693603516,89.77641296386719
6774,cut1,6774,POPC,171,35.34505081176758,18.437339782714844,95.51790618896484
6774,cut1,6774,POPC,172,180.28843688964844,114.09915924072266,92.41339874267578
6774,cut1,6774,POPC,173,32.4155387878418,63.91547775268555,90.18019104003906
6774,cut1,6774,POPC,174,183.66127014160156,194.0371551513672,87.00718688964844
6774,cut1,6774,POPC,175,47.53805160522461,68.93956756591797,88.70339965820312
6774,cut1,6774,POPC,176,181.08628845214844,70.05847930908203,87.50618743896484
6774,cut1,6774,POPC,177,122.24784088134766,8.539053916931152,98.89183044433594
6774,cut1,6774,POPC,178,12.152328491210938,225.54550170898438,90.84903717041016
6774,cut1,6774,POPC,179,37.47421646118164,226.72186279296875,89.91323852539064
6774,cut1,6774,POPC,180,44.11306381225586,94.75163269042969,85.39867401123047
6774,cut1,6774,POPC,181,17.174720764160156,42.948604583740234,90.17314910888672
6774,cut1,6774,POPC,182,150.62123107910156,151.03749084472656,83.12971496582031
6774,cut1,6774,POPC,183,109.59918212890626,107.69840240478516,77.55780792236328
6774,cut1,6774,POPC,184,140.3432159423828,143.29444885253906,80.1545639038086
6774,cut1,6774,POPC,185,101.12619018554688,145.10719299316406,79.92769622802734
6774,cut1,6774,POPC,186,191.72378540039062,32.52500534057617,92.88133239746094
6774,cut1,6774,POPC,187,177.05056762695312,242.2754669189453,97.79167175292969
6774,cut1,6774,POPC,188,185.23219299316406,42.359920501708984,92.85771942138672
6774,cut1,6774,POPC,189,47.72506332397461,253.64170837402344,96.80009460449219
6774,cut1,6774,POPC,190,129.02133178710938,86.21572875976562,73.31892395019531
6774,cut1,6774,POPC,191,0.9568478465080261,221.91212463378906,50.57773208618164
6774,cut1,6774,POPC,192,53.55366897583008,5.418551921844482,98.31883239746094
6774,cut1,6774,POPC,193,165.3168182373047,236.96084594726562,94.73713684082031
6774,cut1,6774,POPC,194,174.9482421875,75.30298614501953,84.74475860595703
6774,cut1,6774,POPC,195,158.14157104492188,119.22545623779297,89.7010269165039
6774,cut1,6774,POPC,196,90.04695892333984,212.44223022460938,91.34944152832031
6774,cut1,6774,POPC,197,34.08986282348633,39.59760665893555,90.55780029296875
6774,cut1,6774,POPC,198,58.47806167602539,14.450629234313965,100.37442779541016
6774,cut1,6774,POPC,199,47.73191452026367,10.750178337097168,94.94549560546875
6774,cut1,6774,POPC,200,39.929134368896484,28.949443817138672,55.23295974731445
6774,cut1,6774,POPC,201,182.33787536621094,245.5974884033203,98.18595123291016
6774,cut1,6774,POPC,202,42.62893295288086,25.854827880859375,96.14509582519531
6774,cut1,6774,POPC,203,186.95230102539062,110.3165283203125,93.0815658569336
6774,cut1,6774,POPC,204,153.48703002929688,122.48532104492188,84.45278930664062
6774,cut1,6774,POPC,205,167.52365112304688,104.98163604736328,88.30564880371094
6774,cut1,6774,POPC,206,174.3874053955078,6.020862102508545,92.79987335205078
6774,cut1,6774,POPC,207,59.50410079956055,193.30186462402344,90.77400207519531
6774,cut1,6774,POPC,208,80.42881774902344,220.221923828125,95.10671997070312
6774,cut1,6774,POPC,209,16.515365600585938,240.4093475341797,91.32274627685547
6774,cut1,6774,POPC,210,60.41262435913086,207.08892822265625,90.651611328125
6774,cut1,6774,POPC,211,173.26837158203125,100.91648864746094,88.90953826904297
6774,cut1,6774,POPC,212,31.129093170166016,243.61358642578125,91.09906768798828
6774,cut1,6774,POPC,213,154.5569305419922,54.36149215698242,92.5023422241211
6774,cut1,6774,POPC,214,186.5132293701172,211.2225341796875,91.2293701171875
6774,cut1,6774,POPC,215,35.79349136352539,240.18812561035156,87.42887115478516
6774,cut1,6774,POPC,216,87.67794799804688,26.500385284423828,94.69618225097656
6774,cut1,6774,POPC,217,165.84310913085938,127.03298950195312,90.96648406982422
6774,cut1,6774,POPC,218,183.794677734375,217.32997131347656,91.5495834350586
6774,cut1,6774,POPC,219,93.76828765869139,15.121237754821777,98.5086441040039
6774,cut1,6774,POPC,220,26.288593292236328,-0.3984838128089905,96.48406219482422
6774,cut1,6774,POPC,221,181.6943359375,173.0243377685547,90.5144271850586
6774,cut1,6774,POPC,222,5.8322062492370605,54.202266693115234,90.55690002441406
6774,cut1,6774,POPC,223,92.9017562866211,128.42257690429688,79.24191284179688
6774,cut1,6774,POPC,224,76.89511108398438,82.89874267578125,85.6884994506836
6774,cut1,6774,POPC,225,173.97109985351562,164.50259399414062,92.38943481445312
6774,cut1,6774,POPC,226,31.665218353271484,136.92308044433594,76.18574523925781
6774,cut1,6774,POPC,227,56.43387222290039,180.1555633544922,85.8343276977539
6774,cut1,6774,POPC,228,49.48530960083008,96.72840881347656,82.09918975830078
6774,cut1,6774,POPC,229,75.31649780273436,95.04071807861328,84.01884460449219
6774,cut1,6774,POPC,230,148.79827880859375,165.73284912109375,83.85153198242188
6774,cut1,6774,POPC,231,158.26272583007812,23.980728149414062,94.77961730957031
6774,cut1,6774,POPC,232,137.3953857421875,181.8333740234375,41.444583892822266
6774,cut1,6774,POPC,233,128.58287048339844,137.82525634765625,78.51127624511719
6774,cut1,6774,POPC,234,39.883487701416016,233.9503173828125,92.5775146484375
6774,cut1,6774,POPC,235,191.9069366455078,7.946170330047607,96.06757354736328
6774,cut1,6774,POPC,236,172.4201202392578,247.59559631347656,98.02391815185547
6774,cut1,6774,POPC,237,157.27642822265625,142.8938751220703,86.16263580322264
6774,cut1,6774,POPC,238,30.727336883544922,20.750484466552734,91.59819030761719
6774,cut1,6774,POPC,239,103.86897277832031,47.08198928833008,86.44654083251953
6774,cut1,6774,POPC,240,9.426456451416016,42.29341506958008,93.52753448486328
6774,cut1,6774,POPC,241,-1.062114953994751,210.56533813476562,93.14253234863281
6774,cut1,6774,POPC,242,167.31790161132812,164.08425903320312,86.81006622314453
6774,cut1,6774,POPC,243,106.76146697998047,63.69221115112305,84.90931701660156
6774,cut1,6774,POPC,244,192.94956970214844,241.12039184570312,95.78074645996094
6774,cut1,6774,POPC,245,156.7599334716797,63.5505256652832,91.93868255615234
6774,cut1,6774,POPC,246,98.05333709716797,108.75682067871094,84.3357162475586
6774,cut1,6774,POPC,247,18.948795318603516,13.173060417175293,61.81344985961914
6774,cut1,6774,POPC,248,79.93340301513672,69.78050231933594,87.09109497070312
6774,cut1,6774,POPC,249,62.9016227722168,86.01690673828125,87.03701782226562
6774,cut1,6774,POPC,250,184.39791870117188,75.88632202148438,87.25542449951172
6774,cut1,6774,POPC,251,114.23011016845703,63.295223236083984,87.6685562133789
6774,cut1,6774,POPC,252,138.22244262695312,104.37271881103516,77.45073699951172
6774,cut1,6774,POPC,253,53.04141616821289,245.8405303955078,94.21195983886719
6774,cut1,6774,POPC,254,115.43817138671875,230.6171112060547,102.93737030029297
6774,cut1,6774,POPC,255,135.29566955566406,170.71414184570312,78.1538314819336
6774,cut1,6774,POPC,256,155.9840850830078,80.76893615722656,81.57022094726562
6774,cut1,6774,POPC,257,150.91409301757812,241.4037322998047,91.37538146972656
6774,cut1,6774,POPC,258,181.1503143310547,44.39960861206055,90.24075317382812
6774,cut1,6774,POPC,259,49.04460525512695,135.89808654785156,72.46697998046875
6774,cut1,6774,POPC,260,123.37139892578125,74.9865493774414,83.59423828125
6774,cut1,6774,POPC,261,179.4527587890625,35.706485748291016,90.20720672607422
6774,cut1,6774,POPC,262,120.46556854248047,15.336722373962402,97.78507232666016
6774,cut1,6774,POPC,263,68.15462493896484,71.4201889038086,85.34566497802734
6774,cut1,6774,POPC,264,69.0744400024414,63.72219467163086,86.74586486816406
6774,cut1,6774,POPC,265,162.4721221923828,172.34088134765625,84.91951751708984
6774,cut1,6774,POPC,266,121.74829864501953,252.91587829589844,100.72122955322266
6774,cut1,6774,POPC,267,143.8775634765625,132.4779510498047,81.9959716796875
6774,cut1,6774,POPC,268,122.98090362548828,181.9018096923828,77.31415557861328
6774,cut1,6774,POPC,269,188.13052368164062,229.63804626464844,93.0912857055664
6774,cut1,6774,POPC,270,98.68529510498047,217.89886474609375,92.51657104492188
6774,cut1,6774,POPC,271,67.4488525390625,5.780333995819092,101.77099609375
6774,cut1,6774,POPC,272,121.93582153320312,245.0653076171875,102.30927276611328
6774,cut1,6774,POPC,273,42.038700103759766,41.88615036010742,90.43045806884766
6774,cut1,6774,POPC,274,161.45574951171875,69.76918029785156,84.7061996459961
6774,cut1,6774,POPC,275,10.540580749511719,117.447265625,84.6485824584961
6774,cut1,6774,POPC,276,178.6174774169922,66.28309631347658,52.230003356933594
6774,cut1,6774,POPC,277,97.76580047607422,76.46260070800781,80.81771087646484
6774,cut1,6774,POPC,278,50.842105865478516,77.2545166015625,84.97016143798828
6774,cut1,6774,POPC,279,160.0899658203125,9.643778800964355,91.83240509033203
6774,cut1,6774,POPC,280,65.25528717041016,114.74312591552734,88.02632141113281
6774,cut1,6774,POPC,281,144.3701934814453,169.4115753173828,77.37641143798828
6774,cut1,6774,POPC,282,105.36671447753906,111.71328735351562,78.3776626586914
6774,cut1,6774,POPC,283,100.704345703125,194.79153442382815,82.7476577758789
6774,cut1,6774,POPC,284,152.40988159179688,115.0273666381836,83.21109771728516
6774,cut1,6774,POPC,285,1.5011022090911865,-0.8169942498207092,98.77017974853516
6774,cut1,6774,POPC,286,176.2676544189453,195.1766357421875,82.78084564208984
6774,cut1,6774,POPC,287,72.8574447631836,146.86221313476562,82.51121520996094
6774,cut1,6774,POPC,288,49.647281646728516,196.35885620117188,85.67204284667969
6774,cut1,6774,POPC,289,150.76681518554688,29.33364486694336,93.586181640625
6774,cut1,6774,POPC,290,106.8085708618164,226.8006591796875,96.51893615722656
6774,cut1,6774,POPC,291,21.477020263671875,235.4855499267578,90.53451538085938
6774,cut1,6774,POPC,292,65.06707000732422,203.52769470214844,92.17819213867188
6774,cut1,6774,POPC,293,47.13248825073242,220.96697998046875,89.4246597290039
6774,cut1,6774,POPC,294,23.85171890258789,229.33099365234375,90.08464813232422
6774,cut1,6774,POPC,295,128.8673553466797,80.24446868896484,44.82430648803711
6774,cut1,6774,POPC,296,62.00715255737305,21.659046173095703,99.63253021240234
6774,cut1,6774,POPC,297,12.734298706054688,69.3936996459961,90.65924072265625
6774,cut1,6774,POPC,298,111.79224395751953,161.70672607421875,78.8976821899414
6774,cut1,6774,POPC,299,46.08964920043945,115.07518768310547,76.92174530029297
6774,cut1,6774,POPC,300,30.99338150024414,206.46287536621094,92.01197814941406
6774,cut1,6774,POPC,301,69.50271606445312,197.10105895996094,91.88716888427734
6774,cut1,6774,POPC,302,53.5353889465332,41.97871780395508,93.30470275878905
6774,cut1,6774,POPC,303,28.514198303222656,175.10194396972656,84.853515625
6774,cut1,6774,POPC,304,132.44212341308594,76.56917572021484,76.8672103881836
6774,cut1,6774,POPC,305,22.546199798583984,150.3551483154297,77.78726959228517
6774,cut1,6774,POPC,306,86.74905395507812,93.2330093383789,82.95967864990234
6774,cut1,6774,POPC,307,34.82046127319336,164.53500366210938,84.30833435058594
6774,cut1,6774,POPC,308,144.60470581054688,3.954219341278076,92.06843566894531
6774,cut1,6774,POPC,309,84.03488159179688,14.957110404968262,99.52710723876953
6774,cut1,6774,POPC,310,77.73504638671875,152.70326232910156,86.56016540527344
6774,cut1,6774,POPC,311,10.635597229003906,13.393397331237793,93.96717071533203
6774,cut1,6774,POPC,312,36.92397689819336,8.43384075164795,95.61945343017578
6774,cut1,6774,POPC,313,24.653114318847656,81.74797058105469,88.42350006103516
6774,cut1,6774,POPC,314,55.36379623413086,144.3428192138672,72.54072570800781
6774,cut1,6774,POPC,315,9.295001983642578,217.72650146484375,91.67511749267578
6774,cut1,6774,POPC,316,139.3144989013672,10.4363431930542,91.1527328491211
6774,cut1,6774,POPC,317,79.04611968994142,17.288883209228516,98.17684936523438
6774,cut1,6774,POPC,318,185.7450714111328,26.48440170288086,91.69756317138673
6774,cut1,6774,POPC,319,36.22450637817383,143.3756561279297,75.02397918701172
6774,cut1,6774,POPC,320,64.15199279785156,194.78086853027344,93.77680206298828
6774,cut1,6774,POPC,321,179.36627197265625,208.8878173828125,89.70521545410156
6774,cut1,6774,POPC,322,125.4878921508789,91.91216278076172,71.8088150024414
6774,cut1,6774,POPC,323,175.212158203125,109.18836212158203,93.02432250976561
6774,cut1,6774,POPC,324,181.67762756347656,83.14804077148438,85.2320327758789
6774,cut1,6774,POPC,325,167.45411682128906,5.10774564743042,96.14351654052734
6774,cut1,6774,POPC,326,109.81558990478516,45.05856704711914,84.77127075195312
6774,cut1,6774,POPC,327,69.09607696533203,13.721770286560059,97.95647430419922
6774,cut1,6774,POPC,328,12.339996337890625,75.56441497802734,90.48787689208984
6774,cut1,6774,POPC,329,55.3435173034668,50.28963851928711,87.73353576660156
6774,cut1,6774,POPC,330,73.03060913085938,2.9369311332702637,100.38396453857422
6774,cut1,6774,POPC,331,156.7003631591797,160.9352264404297,84.91836547851562
6774,cut1,6774,POPC,332,110.08039093017578,245.27032470703125,98.16522979736328
6774,cut1,6774,POPC,333,17.2261962890625,104.89765167236328,84.75161743164062
6774,cut1,6774,POPC,334,190.13404846191406,89.6303939819336,89.99308776855469
6774,cut1,6774,POPC,335,20.533958435058594,243.38746643066406,93.65541076660156
6774,cut1,6774,POPC,336,36.21480178833008,184.06251525878906,86.24542236328125
6774,cut1,6774,POPC,337,127.47032928466797,171.01327514648438,77.10346984863281
6774,cut1,6774,POPC,338,42.634822845458984,103.76268005371094,82.0494155883789
6774,cut1,6774,POPC,339,94.43177032470703,68.03423309326172,83.00298309326172
6774,cut1,6774,POPC,340,154.23756408691406,8.815512657165527,89.93328094482422
6774,cut1,6774,POPC,341,146.78125,198.15066528320312,79.73287200927734
6774,cut1,6774,POPC,342,166.67739868164062,34.4063606262207,91.01311492919922
6774,cut1,6774,POPC,343,36.97494888305664,220.1199188232422,90.0977783203125
6774,cut1,6774,POPC,344,54.42068099975586,84.3718032836914,83.85408782958984
6774,cut1,6774,POPC,345,139.36395263671875,114.15887451171875,81.53838348388672
6774,cut1,6774,POPC,346,13.77035903930664,90.84986114501953,87.86389923095703
6774,cut1,6774,POPC,347,173.4823455810547,196.1764373779297,47.5904426574707
6774,cut1,6774,POPC,348,129.3430938720703,67.59573364257812,78.34220123291016
6774,cut1,6774,POPC,349,172.12519836425778,59.9101676940918,88.34632873535156
6774,cut1,6774,POPC,350,145.6872100830078,108.66738891601562,81.40237426757812
6774,cut1,6774,POPC,351,63.07682418823242,173.56634521484375,86.64530181884766
6774,cut1,6774,POPC,352,164.09324645996094,16.713481903076172,92.68572235107422
6774,cut1,6774,POPC,353,182.9888458251953,238.71139526367188,98.11385345458984
6774,cut1,6774,POPC,354,38.19917678833008,92.15874481201172,84.13249969482422
6774,cut1,6774,POPC,355,63.471012115478516,139.9628448486328,72.65065002441406
6774,cut1,6774,POPC,356,128.96701049804688,225.4611053466797,101.7120132446289
6774,cut1,6774,POPC,357,165.0335235595703,110.6568832397461,88.5458755493164
6774,cut1,6774,POPC,358,88.49234771728516,203.9748992919922,90.00289916992188
6774,cut1,6774,POPC,359,152.3509521484375,210.92601013183594,82.5296401977539
6774,cut1,6774,POPC,360,44.9500617980957,247.33441162109375,93.21904754638672
6774,cut1,6774,POPC,361,45.07077407836914,162.64599609375,85.59146118164062
6774,cut1,6774,POPC,362,78.88179779052734,31.79526138305664,91.63677215576172
6774,cut1,6774,POPC,363,168.93853759765625,139.23373413085938,90.49659729003906
6774,cut1,6774,POPC,364,71.03947448730469,137.00376892089844,70.26986694335938
6774,cut1,6774,POPC,365,88.39798736572266,61.82425308227539,84.19602966308594
6774,cut1,6774,POPC,366,99.16956329345703,88.74199676513672,79.61238098144531
6774,cut1,6774,POPC,367,173.8639373779297,107.77545166015625,88.13243865966797
6774,cut1,6774,POPC,368,9.493934631347656,35.47330093383789,94.25311279296875
6774,cut1,6774,POPC,369,160.11045837402344,2.4636454582214355,94.30826568603516
6774,cut1,6774,POPC,370,158.6982879638672,177.5297393798828,83.61688995361328
6774,cut1,6774,POPC,371,70.63631439208984,153.55401611328125,84.02017974853516
6774,cut1,6774,POPC,372,1.2811734676361084,203.34132385253906,90.91395568847656
6774,cut1,6774,POPC,373,78.21752166748047,211.94366455078125,92.1431884765625
6774,cut1,6774,POPC,374,131.69088745117188,14.22309398651123,91.87278747558594
6774,cut1,6774,POPC,375,97.62228393554688,248.0359344482422,95.05207061767578
6774,cut1,6774,POPC,376,73.85206604003906,67.3315200805664,88.15506744384766
6774,cut1,6774,POPC,377,89.04102325439453,42.36720657348633,89.61278533935547
6774,cut1,6774,POPC,378,94.77815246582031,111.95421600341797,80.37774658203125
6774,cut1,6774,POPC,379,27.91497802734375,60.51486587524414,92.3457260131836
6774,cut1,6774,POPC,380,55.26871109008789,55.13850021362305,87.90501403808594
6774,cut1,6774,POPC,381,77.83839416503906,247.15756225585938,94.958251953125
6774,cut1,6774,POPC,382,42.715274810791016,168.90650939941406,84.82032775878906
6774,cut1,6774,POPC,383,138.1048126220703,17.498661041259766,87.93655395507812
6774,cut1,6774,POPC,384,23.398487091064453,144.00144958496094,73.8274154663086
6774,cut1,6774,POPC,385,139.31068420410156,162.3183135986328,77.57103729248047
6774,cut1,6774,POPC,386,66.09282684326172,27.248394012451172,96.95108795166016
6774,cut1,6774,POPC,387,64.07064819335938,33.312557220458984,95.6541976928711
6774,cut1,6774,POPC,388,70.21454620361328,142.34718322753906,79.01667785644531
6774,cut1,6774,POPC,389,173.8273468017578,13.717665672302246,92.68647003173828
6774,cut1,6774,POPC,390,3.9863126277923584,115.22885131835938,90.79540252685547
6774,cut1,6774,POPC,391,185.81507873535156,33.11806106567383,90.90503692626953
6774,cut1,6774,POPC,392,78.50194549560547,140.23716735839844,78.57318115234375
6774,cut1,6774,POPC,393,0.13811463117599487,223.7865447998047,92.56694793701172
6774,cut1,6774,POPC,394,11.898735046386719,233.5031280517578,95.39500427246094
6774,cut1,6774,POPC,395,2.840179204940796,156.4657440185547,53.816429138183594
6774,cut1,6774,POPC,396,79.51644897460938,165.69326782226562,84.60919189453125
6774,cut1,6774,POPC,397,5.651217937469482,16.521881103515625,92.9133071899414
6774,cut1,6774,POPC,398,135.59788513183594,143.7643585205078,77.33247375488281
6774,cut1,6774,POPC,399,41.87904739379883,86.28759002685547,87.35135650634766
6774,cut1,6774,POPC,400,77.47268676757812,89.73987579345703,82.35205078125
6774,cut1,6774,POPC,401,168.3336944580078,206.37940979003906,81.66567993164062
6774,cut1,6774,POPC,402,110.8604736328125,58.78178024291992,84.12059020996094
6774,cut1,6774,POPC,403,135.39447021484375,123.1233901977539,79.89617919921875
6774,cut1,6774,POPC,404,149.3644561767578,135.27337646484375,86.61449432373047
6774,cut1,6774,POPC,405,74.79505920410156,18.376380920410156,94.56147766113281
6774,cut1,6774,POPC,406,38.09622573852539,202.25534057617188,89.72085571289062
6774,cut1,6774,POPC,407,137.14376831054688,156.207275390625,79.33185577392578
6774,cut1,6774,POPC,408,131.03057861328125,19.60742950439453,89.04559326171874
6774,cut1,6774,POPC,409,23.603424072265625,201.49603271484375,93.24392700195312
6774,cut1,6774,POPC,410,87.71307373046875,169.5040283203125,79.96192932128906
6774,cut1,6774,POPC,411,99.15519714355469,40.374141693115234,84.51948547363281
6774,cut1,6774,POPC,412,51.86770248413086,29.312198638916016,94.03062438964844
6774,cut1,6774,POPC,413,160.05337524414062,100.51153564453125,86.05289459228516
6774,cut1,6774,POPC,414,187.5493621826172,69.52887725830078,89.6480712890625
6774,cut1,6774,POPC,415,173.5916290283203,20.531253814697266,91.5478286743164
6774,cut1,6774,POPC,416,127.11701202392578,246.28285217285156,105.67545318603516
6774,cut1,6774,POPC,417,43.97488784790039,191.8227996826172,85.56393432617188
6774,cut1,6774,POPC,418,80.18402099609375,25.59683609008789,93.72659301757812
6774,cut1,6774,POPC,419,27.214187622070312,17.45635223388672,94.66360473632812
6774,cut1,6774,POPC,420,57.42788314819336,91.00469970703125,81.25172424316406
6774,cut1,6774,POPC,421,98.67048645019531,138.3228302001953,83.1388931274414
6774,cut1,6774,POPC,422,64.26725006103516,60.25676345825195,88.87836456298828
6774,cut1,6774,POPC,423,157.6187286376953,15.998885154724121,93.1452865600586
6774,cut1,6774,POPC,424,112.20298767089844,82.60616302490234,82.76227569580078
6774,cut1,6774,POPC,425,173.28076171875,87.7712173461914,86.99240112304688
6774,cut1,6774,POPC,426,85.86478424072266,197.3956604003906,92.13782501220703
6774,cut1,6774,POPC,427,103.4192886352539,242.08819580078125,97.77615356445312
6774,cut1,6774,POPC,428,177.4798126220703,123.79694366455078,92.419677734375
6774,cut1,6774,POPC,429,142.94837951660156,126.67708587646484,79.60408020019531
6774,cut1,6774,POPC,430,80.90545654296875,45.974979400634766,88.32254028320312
6774,cut1,6774,POPC,431,11.738113403320312,85.0869140625,88.42725372314453
6774,cut1,6774,POPC,432,19.78000259399414,224.9737091064453,89.15060424804688
6774,cut1,6774,POPC,433,188.57542419433594,136.28297424316406,92.62134552001953
6774,cut1,6774,POPC,434,87.96895599365234,80.97306060791016,81.4725112915039
6774,cut1,6774,POPC,435,165.00460815429688,117.95282745361328,90.48722076416016
6774,cut1,6774,POPC,436,-0.9627383351325989,99.07511901855469,89.76110076904297
6774,cut1,6774,POPC,437,123.03974151611328,63.38703536987305,83.56887817382812
6774,cut1,6774,POPC,438,17.42470932006836,62.678409576416016,91.61349487304688
6774,cut1,6774,POPC,439,40.28944778442383,2.0995516777038574,95.79389190673827
6774,cut1,6774,POPC,440,18.62195587158203,197.7713165283203,93.98737335205078
6774,cut1,6774,POPC,441,5.654334545135498,65.45000457763672,86.44686126708984
6774,cut1,6774,POPC,442,5.602237224578857,210.2745819091797,90.06523132324219
6774,cut1,6774,POPC,443,116.94059753417969,150.61122131347656,81.06588745117188
6774,cut1,6774,POPC,444,32.90108871459961,235.64553833007812,91.54608154296875
6774,cut1,6774,POPC,445,5.358211040496827,237.73072814941406,97.2340316772461
6774,cut1,6774,POPC,446,129.29624938964844,117.5779037475586,80.48530578613281
6774,cut1,6774,POPC,447,116.07086181640625,186.94241333007812,76.24099731445312
6774,cut1,6774,POPC,448,146.81237792968747,34.75370407104492,90.66421508789062
6774,cut1,6774,POPC,449,14.317768096923828,97.24201202392578,85.7839126586914
6774,cut1,6774,POPC,450,44.59334182739258,109.17495727539062,79.08512878417969
6774,cut1,6774,POPC,451,146.69239807128906,119.24996948242188,82.70674896240234
6774,cut1,6774,POPC,452,180.1438751220703,134.1154327392578,94.40589141845703
6774,cut1,6774,POPC,453,173.14065551757812,185.7796630859375,86.44974517822266
6774,cut1,6774,POPC,454,89.67945098876953,151.57292175292972,85.36732482910156
6774,cut1,6774,POPC,455,67.88358306884766,83.36637115478516,85.39997863769531
6774,cut1,6774,POPC,456,75.04513549804688,241.98709106445312,96.13561248779297
6774,cut1,6774,POPC,457,97.6767807006836,198.3428955078125,85.9815444946289
6774,cut1,6774,POPC,458,84.15929412841797,103.45329284667969,85.58538818359375
6774,cut1,6774,POPC,459,171.2267608642578,148.3399200439453,89.54703521728516
6774,cut1,6774,POPC,460,116.09291076660156,85.86809539794922,78.36436462402344
6774,cut1,6774,POPC,461,51.129146575927734,19.524005889892578,98.03610229492188
6774,cut1,6774,POPC,462,29.19430923461914,167.7589111328125,83.16834259033203
6774,cut1,6774,POPC,463,31.650897979736328,214.943359375,91.16316986083984
6774,cut1,6774,POPC,464,33.047428131103516,-0.818359911441803,94.83548736572266
6774,cut1,6774,POPC,465,37.67039108276367,247.21566772460938,91.48872375488281
6774,cut1,6774,POPC,466,28.215499877929688,36.92399215698242,95.543701171875
6774,cut1,6774,POPC,467,115.81544494628906,209.50247192382812,57.58317184448242
6774,cut1,6774,POPC,468,164.17176818847656,47.53500747680664,92.01014709472656
6774,cut1,6774,POPC,469,70.31446075439453,118.01932525634766,82.76148223876953
6774,cut1,6774,POPC,470,92.09881591796875,244.58628845214844,94.42446899414062
6774,cut1,6774,POPC,471,99.44502258300781,244.5137481689453,59.749393463134766
6774,cut1,6774,POPC,472,154.94000244140625,192.04531860351562,81.9747314453125
6774,cut1,6774,POPC,473,188.81134033203125,178.88851928710938,93.78401947021484
6774,cut1,6774,POPC,474,143.4802703857422,192.33370971679688,77.16869354248047
6774,cut1,6774,POPC,475,144.5706329345703,159.26742553710938,82.55960083007812
6774,cut1,6774,POPC,476,177.1336669921875,27.646312713623047,94.61306762695312
6774,cut1,6774,POPC,477,67.90419006347656,184.80630493164062,87.5765609741211
6774,cut1,6774,POPC,478,178.97305297851562,90.46763610839844,85.56578826904297
6774,cut1,6774,POPC,479,161.0393524169922,77.2154312133789,88.30797576904297
6774,cut1,6774,POPC,480,187.26600646972656,84.56399536132812,87.16281127929688
6774,cut1,6774,POPC,481,83.3001480102539,244.24118041992188,92.96942901611328
6774,cut1,6774,POPC,482,81.29971313476562,109.70980072021484,86.1170425415039
6774,cut1,6774,POPC,483,76.3994140625,237.70448303222656,90.82060241699219
6774,cut1,6774,POPC,484,56.39065933227539,114.93537139892578,80.43513488769531
6774,cut1,6774,POPC,485,56.5054817199707,107.04090118408203,81.0864028930664
6774,cut1,6774,POPC,486,118.844970703125,225.2154083251953,102.97526550292969
6774,cut1,6774,POPC,487,189.49722290039062,60.68191909790039,91.76189422607422
6774,cut1,6774,POPC,488,178.05979919433594,200.4130401611328,84.86116027832031
6774,cut1,6774,POPC,489,166.65443420410156,197.64183044433594,82.86784362792969
6774,cut1,6774,POPC,490,80.75235748291016,233.1439666748047,92.49930572509766
6774,cut1,6774,POPC,491,26.23810577392578,75.54859924316406,87.83875274658203
6774,cut1,6774,POPC,492,157.0143280029297,112.03752899169922,82.00437927246094
6774,cut1,6774,POPC,493,51.6243782043457,237.19317626953125,94.71644592285156
6774,cut1,6774,POPC,494,31.035144805908203,48.47487258911132,91.10306549072266
6774,cut1,6774,POPC,495,67.52549743652344,244.12419128417966,95.266845703125
6774,cut1,6774,POPC,496,104.42472076416016,36.57974624633789,86.42591094970703
6774,cut1,6774,POPC,497,48.5373420715332,154.52684020996094,74.71403503417969
6774,cut1,6774,POPC,498,130.99468994140625,158.06764221191403,78.43097686767578
6774,cut1,6774,POPC,499,128.8283233642578,164.06663513183594,76.6211166381836
6774,cut1,6774,POPC,500,106.64923095703125,76.66417694091797,83.54019165039062
6774,cut1,6774,POPC,501,90.73772430419922,238.7346954345703,94.6849594116211
6774,cut1,6774,POPC,502,43.19862747192383,144.4198760986328,72.52161407470703
6774,cut1,6774,POPC,503,-1.943695306777954,39.79240036010742,94.51840209960938
6774,cut1,6774,POPC,504,42.499263763427734,156.82179260253906,79.9370346069336
6774,cut1,6774,POPC,505,115.04800415039062,240.5890655517578,98.65779113769531
6774,cut1,6774,POPC,506,30.97214126586914,78.73776245117188,86.77068328857422
6774,cut1,6774,POPC,507,48.2449836730957,38.8061408996582,92.42911529541016
6774,cut1,6774,POPC,508,64.38831329345703,179.50975036621094,83.48416137695312
6774,cut1,6774,POPC,509,124.54027557373047,190.401611328125,79.05116271972656
6774,cut1,6774,POPC,510,159.1173095703125,186.09573364257812,82.18157196044922
6774,cut1,6774,POPC,511,97.67682647705078,75.4704360961914,46.2856330871582
6774,cut1,6774,POPC,512,117.69105529785156,94.7591781616211,75.71589660644531
6774,cut1,6774,POPC,513,107.40997314453125,86.12871551513672,81.52888488769531
6774,cut1,6774,POPC,514,1.1022870540618896,82.98909759521484,87.99995422363281
6774,cut1,6774,POPC,515,115.88945007324219,11.149645805358887,98.22987365722656
6774,cut1,6774,POPC,516,68.4830551147461,44.22330856323242,91.48603820800781
6774,cut1,6774,POPC,517,116.460693359375,211.0615692138672,97.61587524414062
6774,cut1,6774,POPC,518,61.30521774291992,135.0464324951172,68.94314575195312
6774,cut1,6774,POPC,519,90.43843078613281,86.15939331054688,78.6583023071289
6774,cut1,6774,POPC,520,82.40851593017578,58.02445602416992,87.24041748046875
6774,cut1,6774,POPC,521,84.90914154052734,50.9114875793457,89.02145385742188
6774,cut1,6774,POPC,522,54.330753326416016,70.30762481689453,89.69805908203125
6774,cut1,6774,POPC,523,144.54568481445312,185.2230987548828,78.29743957519531
6774,cut1,6774,POPC,524,23.729076385498047,10.909052848815918,93.9615249633789
6774,cut1,6774,POPC,525,123.1972427368164,238.80810546875,103.06974029541016
6774,cut1,6774,POPC,526,44.85805130004883,48.80776596069336,88.56417846679688
6774,cut1,6774,POPC,527,1.762805700302124,22.78241729736328,91.65234375
6774,cut1,6774,POPC,528,95.56869506835938,55.1203498840332,83.25739288330078
6774,cut1,6774,POPC,529,160.53494262695312,33.6119499206543,92.95999145507812
6774,cut1,6774,POPC,530,58.5841178894043,212.93637084960938,91.21309661865236
6774,cut1,6774,POPC,531,37.96043014526367,176.54908752441406,85.99602508544922
6774,cut1,6774,POPC,532,7.808539867401123,101.69839477539062,87.28092956542969
6774,cut1,6774,POPC,533,162.58421325683594,87.78795623779297,86.23368072509766
6774,cut1,6774,POPC,534,150.19117736816406,182.42227172851562,78.44269561767578
6774,cut1,6774,POPC,535,22.623863220214844,207.70826721191406,89.89331817626953
6774,cut1,6774,POPC,536,62.67831802368164,97.14103698730469,83.92524719238281
6774,cut1,6774,POPC,537,120.60115051269531,172.4298553466797,76.85039520263672
6774,cut1,6774,POPC,538,-2.061088800430298,75.43490600585938,89.09428405761719
6774,cut1,6774,POPC,539,162.54061889648438,211.5361785888672,82.43792724609375
6774,cut1,6774,POPC,540,93.90662384033203,225.56105041503906,93.49803924560547
6774,cut1,6774,POPC,541,157.01626586914062,248.31500244140625,93.42216491699219
6774,cut1,6774,POPC,542,180.44825744628906,9.205096244812012,92.28311920166017
6774,cut1,6774,POPC,543,45.342906951904304,176.435546875,84.61151123046875
6774,cut1,6774,POPC,544,63.792423248291016,50.19913101196289,88.47085571289062
6774,cut1,6774,POPC,545,167.9308319091797,82.69928741455078,87.90507507324219
6774,cut1,6774,POPC,546,157.67791748046875,196.45260620117188,80.92723846435547
6774,cut1,6774,POPC,547,86.44803619384766,31.740108489990234,92.02256774902344
6774,cut1,6774,POPC,548,169.3579559326172,55.052425384521484,89.92953491210938
6774,cut1,6774,POPC,549,31.522281646728516,149.2128143310547,76.6616439819336
6774,cut1,6774,POPC,550,88.11458587646484,117.12600708007812,88.26956176757812
6774,cut1,6774,POPC,551,63.44294357299805,108.51953125,85.55879974365234
6774,cut1,6774,POPC,552,4.773471355438232,195.8162384033203,95.23694610595702
6774,cut1,6774,POPC,553,29.106342315673828,153.00286865234375,81.57032012939453
6774,cut1,6774,POPC,554,22.545242309570312,166.2079315185547,84.70683288574219
6774,cut1,6774,POPC,555,65.02510833740234,157.8411407470703,81.50798797607422
6774,cut1,6774,POPC,556,14.704582214355469,52.258480072021484,94.37297058105469
6774,cut1,6774,POPC,557,105.84732055664062,218.54859924316406,94.18196105957031
6774,cut1,6774,POPC,558,70.69441223144531,34.75648880004883,94.46432495117188
6774,cut1,6774,POPC,559,170.50613403320312,94.0501937866211,86.31553649902344
6774,cut1,6774,POPC,560,166.53274536132812,61.82504653930664,88.78404235839844
6774,cut1,6774,POPC,561,104.72931671142578,100.68675231933594,81.89353942871094
6774,cut1,6774,POPC,562,120.12039947509766,154.57794189453125,83.21814727783203
6774,cut1,6774,POPC,563,66.54977416992188,237.59266662597656,94.26575469970703
6774,cut1,6774,POPC,564,23.590229034423828,42.764644622802734,90.61106872558594
6774,cut1,6774,POPC,565,55.65519332885742,221.45289611816406,89.62726593017578
6774,cut1,6774,POPC,566,178.4829864501953,181.2942352294922,87.83818054199219
6774,cut1,6774,POPC,567,93.37494659423828,171.82933044433594,81.49568176269531
6774,cut1,6774,POPC,568,78.88850402832031,133.74679565429688,69.50822448730469
6774,cut1,6774,POPC,569,164.86329650878906,95.75067138671875,84.67786407470702
6774,cut1,6774,POPC,570,156.51617431640625,47.88374710083008,90.3245849609375
6774,cut1,6774,POPC,571,60.642398834228516,7.702216625213623,97.5293960571289
6774,cut1,6774,POPC,572,163.64283752441406,142.69180297851562,88.37322998046875
6774,cut1,6774,POPC,573,47.638675689697266,121.91072845458984,39.05532455444336
6774,cut1,6774,POPC,574,98.27455139160156,26.645343780517578,95.26802825927734
6774,cut1,6774,POPC,575,5.415027141571045,94.20142364501953,89.4784164428711
6774,cut1,6774,POPC,576,144.675048828125,177.44700622558594,77.52973175048828
6774,cut1,6774,POPC,577,161.26483154296875,58.29155349731445,88.5684814453125
6774,cut1,6774,POPC,578,149.6071014404297,172.15113830566406,78.04884338378906
6774,cut1,6774,POPC,579,177.23423767089844,147.9364776611328,90.85575866699219
6774,cut1,6774,POPC,580,131.54971313476562,233.3063201904297,103.09265899658203
6774,cut1,6774,POPC,581,37.69998550415039,192.93898010253906,90.17143249511719
6774,cut1,6774,POPC,582,25.88475799560547,36.21554183959961,53.67421340942383
6774,cut1,6774,POPC,583,136.97872924804688,3.223140239715576,94.79444122314452
6774,cut1,6774,POPC,584,187.08790588378906,202.04478454589844,92.15575408935547
6774,cut1,6774,POPC,585,9.587997436523438,198.9088134765625,93.60907745361328
6774,cut1,6774,POPC,586,125.85690307617188,19.802074432373047,93.48486328125
6774,cut1,6774,POPC,587,31.445980072021484,198.0903778076172,93.88896942138672
6774,cut1,6774,POPC,588,71.47502136230469,162.60955810546875,83.34542846679688
6774,cut1,6774,POPC,589,25.959819793701172,76.15738677978516,48.33172225952149
6774,cut1,6774,POPC,590,103.56968688964844,203.60386657714844,84.7933120727539
6774,cut1,6774,POPC,591,75.6600341796875,206.86024475097656,92.10016632080078
6774,cut1,6774,POPC,592,25.09955596923828,215.70013427734375,89.33892059326172
6774,cut1,6774,POPC,593,135.7107391357422,189.48593139648438,79.88886260986328
6774,cut1,6774,POPC,594,135.7193603515625,149.6819305419922,80.39834594726562
6774,cut1,6774,POPC,595,165.00411987304688,26.33230972290039,92.77151489257812
6774,cut1,6774,POPC,596,99.63390350341797,3.589927196502686,94.74095153808594
6774,cut1,6774,POPC,597,55.35076522827149,200.73609924316406,91.29959869384766
6774,cut1,6774,POPC,598,24.336692810058594,158.30633544921875,80.400634765625
6774,cut1,6774,POPC,599,147.013671875,55.581607818603516,90.31851196289062
6774,cut1,6774,POPC,600,92.73194885253906,49.216373443603516,85.93941497802734
6774,cut1,6774,POPC,601,79.81414031982422,75.90596008300781,84.78738403320312
6774,cut1,6774,POPC,602,107.93526458740234,207.12681579589844,86.68228149414062
6774,cut1,6774,POPC,603,79.41629028320312,2.7124056816101074,99.41399383544922
6774,cut1,6774,POPC,604,73.78067779541016,187.81333923339844,88.81014251708984
6774,cut1,6774,POPC,605,10.006404876708984,29.430561065673828,93.51394653320312
6774,cut1,6774,POPC,606,41.775936126708984,131.7753143310547,73.95413970947266
6774,cut1,6774,POPC,607,84.27035522460938,136.23583984375,76.59840393066406
6774,cut1,6774,POPC,608,29.469512939453125,181.93966674804688,91.67073822021484
6774,cut1,6774,POPC,609,96.87055206298828,10.050471305847168,96.35127258300781
6774,cut1,6774,POPC,610,78.60128021240234,245.59613037109375,59.21721267700195
6774,cut1,6774,POPC,611,91.56169891357422,74.58841705322266,80.47525787353516
6774,cut1,6774,POPC,612,19.189666748046875,31.076274871826172,95.00000762939453
6774,cut1,6774,POPC,613,68.58177947998047,210.65705871582034,94.09944152832031
6774,cut1,6774,POPC,614,188.43772888183594,234.82699584960938,96.39016723632812
6774,cut1,6774,POPC,615,161.53607177734375,162.63015747070312,87.16890716552734
6774,cut1,6774,POPC,616,53.32453536987305,130.32933044433594,70.5759506225586
6774,cut1,6774,POPC,617,32.94887161254883,83.95381164550781,87.80096435546875
6774,cut1,6774,POPC,618,112.72639465332031,215.79824829101562,96.93096923828125
6774,cut1,6774,POPC,619,17.348602294921875,48.521663665771484,91.68324279785156
6774,cut1,6774,POPC,620,45.86342239379883,181.2532501220703,88.41409301757812
6774,cut1,6774,POPC,621,101.65703582763672,56.66672897338867,84.5287857055664
6774,cut1,6774,POPC,622,123.8641128540039,125.76683807373047,81.20942687988281
6774,cut1,6774,POPC,623,113.50736999511719,139.8917236328125,82.29790496826172
6774,cut1,6774,POPC,624,123.0808334350586,109.4894027709961,39.081356048583984
6774,cut1,6774,POPC,625,95.86384582519531,32.0203742980957,54.227596282958984
6774,cut1,6774,POPC,626,84.19550323486328,184.67745971679685,46.337345123291016
6774,cut1,6774,POPC,627,164.66709899902344,142.86973571777344,53.841732025146484
6774,cut1,6774,POPC,628,17.71002960205078,36.916194915771484,53.562095642089844
6774,cut1,6774,POPC,629,167.15103149414062,79.2127685546875,46.07652282714844
6774,cut1,6774,POPC,630,121.1026611328125,15.14094066619873,56.054866790771484
6774,cut1,6774,POPC,631,156.76170349121094,191.29763793945312,45.23377227783203
6774,cut1,6774,POPC,632,117.11720275878906,178.32308959960938,38.85017395019531
6774,cut1,6774,POPC,633,137.50204467773438,-0.16021782159805298,54.670169830322266
6774,cut1,6774,POPC,634,149.44012451171875,33.818843841552734,50.48684310913086
6774,cut1,6774,POPC,635,181.8108673095703,14.028403282165527,53.734188079833984
6774,cut1,6774,POPC,636,183.87698364257812,34.333927154541016,51.66345977783203
6774,cut1,6774,POPC,637,35.40995407104492,215.568115234375,48.31691360473633
6774,cut1,6774,POPC,638,135.32138061523438,6.1342997550964355,50.77252197265625
6774,cut1,6774,POPC,639,34.52769088745117,244.26608276367188,56.26185989379883
6774,cut1,6774,POPC,640,25.16167449951172,205.78172302246094,54.17008590698242
6774,cut1,6774,POPC,641,81.07931518554688,13.294573783874513,55.82796859741211
6774,cut1,6774,POPC,642,58.76791763305664,248.38742065429688,49.878963470458984
6774,cut1,6774,POPC,643,75.77902984619139,70.02153778076172,46.927276611328125
6774,cut1,6774,POPC,644,38.63401412963867,97.81856536865234,46.802215576171875
6774,cut1,6774,POPC,645,118.66065216064453,230.16748046875,58.931827545166016
6774,cut1,6774,POPC,646,181.01986694335938,191.14108276367188,52.33534240722656
6774,cut1,6774,POPC,647,175.75091552734375,72.22769927978516,50.83681106567383
6774,cut1,6774,POPC,648,174.2327880859375,157.70993041992188,47.83645248413086
6774,cut1,6774,POPC,649,60.02712631225586,227.11618041992188,53.180946350097656
6774,cut1,6774,POPC,650,1.0038716793060303,191.38137817382812,53.5812873840332
6774,cut1,6774,POPC,651,159.9548797607422,197.85496520996094,42.859107971191406
6774,cut1,6774,POPC,652,177.6590118408203,218.12472534179685,46.73998260498047
6774,cut1,6774,POPC,653,64.20368957519531,221.78018188476562,52.90083694458008
6774,cut1,6774,POPC,654,51.39560317993164,244.4236602783203,53.10357666015625
6774,cut1,6774,POPC,655,44.305973052978516,14.587447166442871,56.964385986328125
6774,cut1,6774,POPC,656,47.6252326965332,168.00860595703125,43.077430725097656
6774,cut1,6774,POPC,657,94.44390869140625,131.4749755859375,50.16086959838868
6774,cut1,6774,POPC,658,26.270423889160156,116.6938705444336,49.906490325927734
6774,cut1,6774,POPC,659,37.37157058715821,65.06269836425781,49.57429885864258
6774,cut1,6774,POPC,660,115.75344848632812,250.47470092773438,58.88139724731445
6774,cut1,6774,POPC,661,184.03717041015625,154.19529724121094,52.2355842590332
6774,cut1,6774,POPC,662,188.83401489257812,158.4739532470703,52.313053131103516
6774,cut1,6774,POPC,663,31.497905731201172,199.67588806152344,54.417236328125
6774,cut1,6774,POPC,664,2.3445470333099365,27.283428192138672,58.71609115600586
6774,cut1,6774,POPC,665,171.7689666748047,163.98248291015625,45.03596115112305
6774,cut1,6774,POPC,666,24.247631072998047,247.22145080566406,60.59504318237305
6774,cut1,6774,POPC,667,97.71918487548828,0.1842455267906189,59.100101470947266
6774,cut1,6774,POPC,668,164.42669677734375,52.846866607666016,47.922889709472656
6774,cut1,6774,POPC,669,4.905383586883545,238.53614807128906,56.622894287109375
6774,cut1,6774,POPC,670,59.813961029052734,163.6374053955078,48.18747329711914
6774,cut1,6774,POPC,671,94.02481842041016,230.97207641601562,55.67817306518555
6774,cut1,6774,POPC,672,170.82334899902344,123.30086517333984,46.564537048339844
6774,cut1,6774,POPC,673,33.36757278442383,29.345279693603516,55.09007263183594
6774,cut1,6774,POPC,674,75.7555923461914,20.523803710937496,52.64937973022461
6774,cut1,6774,POPC,675,171.04071044921875,177.03250122070312,50.07963562011719
6774,cut1,6774,POPC,676,183.46742248535156,54.23142623901367,49.4925422668457
6774,cut1,6774,POPC,677,108.17234802246094,79.11641693115234,48.12615966796875
6774,cut1,6774,POPC,678,52.59897994995117,37.897274017333984,52.65388107299805
6774,cut1,6774,POPC,679,111.74775695800781,139.23927307128906,41.68916702270508
6774,cut1,6774,POPC,680,44.478397369384766,66.49501037597655,49.75282669067383
6774,cut1,6774,POPC,681,97.67094421386719,208.56167602539062,54.813480377197266
6774,cut1,6774,POPC,682,20.920230865478516,225.0814208984375,50.482704162597656
6774,cut1,6774,POPC,683,82.9466781616211,43.872982025146484,47.952762603759766
6774,cut1,6774,POPC,684,27.096614837646484,47.49953842163086,48.616519927978516
6774,cut1,6774,POPC,685,16.440608978271484,29.991199493408203,55.01861572265625
6774,cut1,6774,POPC,686,165.4527130126953,7.542041301727295,52.49964141845703
6774,cut1,6774,POPC,687,77.03089904785156,184.94052124023438,43.37343978881836
6774,cut1,6774,POPC,688,106.76139068603516,147.23170471191406,42.02595520019531
6774,cut1,6774,POPC,689,70.01661682128906,219.10226440429688,50.8885726928711
6774,cut1,6774,POPC,690,58.77341079711914,63.766170501708984,48.266876220703125
6774,cut1,6774,POPC,691,2.9816930294036865,165.5692138671875,56.13187789916992
6774,cut1,6774,POPC,692,115.78166961669922,235.07606506347656,61.51432418823242
6774,cut1,6774,POPC,693,113.24151611328125,22.152000427246094,60.63676071166992
6774,cut1,6774,POPC,694,2.1554715633392334,74.66425323486328,55.1077995300293
6774,cut1,6774,POPC,695,141.8912811279297,5.5575175285339355,53.30209732055664
6774,cut1,6774,POPC,696,149.96829223632812,187.15945434570312,50.4475212097168
6774,cut1,6774,POPC,697,22.44695281982422,81.09272766113281,46.297462463378906
6774,cut1,6774,POPC,698,55.68021774291992,51.389728546142585,52.97894287109375
6774,cut1,6774,POPC,699,5.919501781463623,52.01740646362305,51.081398010253906
6774,cut1,6774,POPC,700,55.58723068237305,230.52037048339844,55.173927307128906
6774,cut1,6774,POPC,701,171.70626831054688,10.430323600769043,52.760318756103516
6774,cut1,6774,POPC,702,86.06359100341797,204.1766357421875,46.89231872558594
6774,cut1,6774,POPC,703,62.40023422241211,20.403701782226562,55.58103561401367
6774,cut1,6774,POPC,704,21.086055755615234,186.61660766601562,93.57368469238281
6774,cut1,6774,POPC,705,57.25691604614258,71.69525909423828,50.24626541137695
6774,cut1,6774,POPC,706,149.88394165039062,25.380382537841797,51.93201446533203
6774,cut1,6774,POPC,707,35.10018539428711,59.32878494262695,53.83023452758789
6774,cut1,6774,POPC,708,79.09062957763672,80.29144287109375,54.03446960449219
6774,cut1,6774,POPC,709,170.67486572265625,35.835514068603516,49.78989028930665
6774,cut1,6774,POPC,710,176.97850036621094,55.34273147583008,50.276371002197266
6774,cut1,6774,POPC,711,40.709842681884766,54.31936264038086,54.38975143432617
6774,cut1,6774,POPC,712,44.45394515991211,58.79372024536133,52.17213821411133
6774,cut1,6774,POPC,713,5.091529369354248,198.25692749023438,53.28635787963867
6774,cut1,6774,POPC,714,16.51119613647461,200.0837860107422,56.545936584472656
6774,cut1,6774,POPC,715,73.81108856201172,6.484717845916748,57.70187759399414
6774,cut1,6774,POPC,716,36.539058685302734,182.9003448486328,48.45922088623047
6774,cut1,6774,POPC,717,101.57401275634767,91.60359191894531,40.11412811279297
6774,cut1,6774,POPC,718,11.526973724365234,207.49949645996094,55.947696685791016
6774,cut1,6774,POPC,719,118.4969482421875,169.35830688476562,35.74845504760742
6774,cut1,6774,POPC,720,62.79985427856445,76.23488616943358,48.56029510498047
6774,cut1,6774,POPC,721,181.20057678222656,132.46286010742188,58.66737747192383
6774,cut1,6774,POPC,722,49.834476470947266,71.49279022216797,49.003509521484375
6774,cut1,6774,POPC,723,25.95594024658203,237.93310546875,53.24276351928711
6774,cut1,6774,POPC,724,23.323139190673828,59.10934066772461,50.54164505004883
6774,cut1,6774,POPC,725,93.33320617675781,14.797102928161621,58.29568099975586
6774,cut1,6774,POPC,726,9.430908203125,250.15483093261722,58.42966842651367
6774,cut1,6774,POPC,727,188.630126953125,220.25509643554688,50.42525863647461
6774,cut1,6774,POPC,728,77.05065155029297,210.9500732421875,50.9511833190918
6774,cut1,6774,POPC,729,68.09012603759766,209.7025146484375,49.46548843383789
6774,cut1,6774,POPC,730,43.608768463134766,210.343994140625,48.40431594848633
6774,cut1,6774,POPC,731,186.90054321289062,29.344768524169922,53.982704162597656
6774,cut1,6774,POPC,732,156.29820251464844,167.34474182128906,47.83856201171875
6774,cut1,6774,POPC,733,153.95993041992188,107.50989532470703,46.94169998168945
6774,cut1,6774,POPC,734,6.545596599578857,41.30500411987305,56.1897087097168
6774,cut1,6774,POPC,735,142.47422790527344,138.5523681640625,46.94957733154297
6774,cut1,6774,POPC,736,132.2327423095703,237.14146423339844,64.033203125
6774,cut1,6774,POPC,737,108.0173110961914,236.01455688476562,59.23518753051758
6774,cut1,6774,POPC,738,179.1157684326172,77.2641830444336,54.11134338378906
6774,cut1,6774,POPC,739,70.34598541259766,186.33477783203125,45.30213928222656
6774,cut1,6774,POPC,740,26.368282318115234,217.95921325683594,51.21305847167969
6774,cut1,6774,POPC,741,104.87710571289062,69.02811431884766,45.89533615112305
6774,cut1,6774,POPC,742,190.6861572265625,237.0614013671875,55.25620651245117
6774,cut1,6774,POPC,743,73.72518920898438,87.16143035888672,48.97562789916992
6774,cut1,6774,POPC,744,76.15138244628906,240.0523681640625,56.68890380859375
6774,cut1,6774,POPC,745,160.79527282714844,41.21280288696289,50.89212417602539
6774,cut1,6774,POPC,746,19.417682647705078,95.36803436279297,45.58078384399414
6774,cut1,6774,POPC,747,53.42592239379882,216.9722442626953,52.63954544067383
6774,cut1,6774,POPC,748,161.5482635498047,178.05679321289062,50.003204345703125
6774,cut1,6774,POPC,749,99.0880355834961,224.30101013183594,57.80156326293945
6774,cut1,6774,POPC,750,62.772342681884766,145.4403533935547,39.27187728881836
6774,cut1,6774,POPC,751,14.242061614990236,104.45545196533203,44.47666549682617
6774,cut1,6774,POPC,752,171.0106658935547,114.76437377929688,46.819427490234375
6774,cut1,6774,POPC,753,5.535369396209717,100.84449005126953,46.3702278137207
6774,cut1,6774,POPC,754,187.8131866455078,150.00474548339844,58.915470123291016
6774,cut1,6774,POPC,755,68.58818054199219,250.6380615234375,55.93769454956055
6774,cut1,6774,POPC,756,78.5550537109375,178.1057586669922,43.77481460571289
6774,cut1,6774,POPC,757,68.29502868652344,198.8158416748047,51.59475326538086
6774,cut1,6774,POPC,758,20.451553344726562,238.82537841796872,54.58204650878906
6774,cut1,6774,POPC,759,189.42724609375,17.439800262451172,53.14263916015625
6774,cut1,6774,POPC,760,170.11566162109375,91.59394073486328,54.21540451049805
6774,cut1,6774,POPC,761,141.1684112548828,176.5860137939453,41.92623519897461
6774,cut1,6774,POPC,762,43.44668960571289,39.488033294677734,54.99886703491211
6774,cut1,6774,POPC,763,51.771549224853516,56.662654876708984,52.12144470214844
6774,cut1,6774,POPC,764,136.5714874267578,239.81719970703122,60.60313034057617
6774,cut1,6774,POPC,765,11.42630386352539,200.61180114746094,55.821712493896484
6774,cut1,6774,POPC,766,143.82757568359372,23.64990234375,51.193077087402344
6774,cut1,6774,POPC,767,-2.7523691654205322,83.61222839355469,51.102203369140625
6774,cut1,6774,POPC,768,102.18669128417969,31.621662139892578,53.7480354309082
6774,cut1,6774,POPC,769,163.9010772705078,164.6112823486328,43.19034194946289
6774,cut1,6774,POPC,770,36.46072769165039,198.2735595703125,52.198875427246094
6774,cut1,6774,POPC,771,115.70065307617188,15.367827415466309,58.666751861572266
6774,cut1,6774,POPC,772,162.39051818847656,240.83950805664062,56.00959014892578
6774,cut1,6774,POPC,773,159.21401977539062,133.18466186523438,47.540218353271484
6774,cut1,6774,POPC,774,35.18882369995117,171.82002258300778,46.280033111572266
6774,cut1,6774,POPC,775,86.39822387695312,32.20126724243164,49.829132080078125
6774,cut1,6774,POPC,776,6.191470623016357,116.29241943359375,45.683563232421875
6774,cut1,6774,POPC,777,60.57462692260742,216.87844848632812,51.910400390625
6774,cut1,6774,POPC,778,102.95821380615234,251.23492431640625,56.38795852661133
6774,cut1,6774,POPC,779,182.68780517578125,72.60738372802734,53.80785369873047
6774,cut1,6774,POPC,780,16.926681518554688,240.68067932128906,58.56935501098633
6774,cut1,6774,POPC,781,56.05099105834961,27.171405792236328,55.37605667114258
6774,cut1,6774,POPC,782,87.87589263916016,67.05522918701172,50.74322509765625
6774,cut1,6774,POPC,783,58.092350006103516,57.671566009521484,49.718204498291016
6774,cut1,6774,POPC,784,63.98933029174805,69.53076171875,48.67574691772461
6774,cut1,6774,POPC,785,63.46879196166992,81.85211944580078,46.19198989868164
6774,cut1,6774,POPC,786,76.55775451660156,33.96711349487305,48.47123336791992
6774,cut1,6774,POPC,787,29.483219146728516,58.268863677978516,51.25852966308594
6774,cut1,6774,POPC,788,106.09821319580078,21.06037139892578,58.307125091552734
6774,cut1,6774,POPC,789,194.3046417236328,10.288985252380371,55.62056350708008
6774,cut1,6774,POPC,790,163.22959899902344,87.86927032470703,51.73102951049805
6774,cut1,6774,POPC,791,31.170825958251953,80.63300323486328,47.05785369873047
6774,cut1,6774,POPC,792,171.45550537109375,169.84202575683594,48.11579513549805
6774,cut1,6774,POPC,793,158.1798858642578,5.322146892547607,52.63512420654297
6774,cut1,6774,POPC,794,37.48471450805664,36.50820541381836,55.56639862060547
6774,cut1,6774,POPC,795,130.89794921875,159.14776611328125,41.567604064941406
6774,cut1,6774,POPC,796,171.65716552734375,85.154296875,49.23176574707031
6774,cut1,6774,POPC,797,27.158836364746094,13.79697322845459,58.59727096557617
6774,cut1,6774,POPC,798,160.96531677246094,14.309992790222168,51.329952239990234
6774,cut1,6774,POPC,799,108.35552978515625,28.00399398803711,59.96623611450195
6774,cut1,6774,POPC,800,40.77780532836914,48.05128860473633,54.01140213012695
6774,cut1,6774,POPC,801,44.34615707397461,223.53489685058594,51.23231506347656
6774,cut1,6774,POPC,802,150.71189880371094,93.74323272705078,46.63957595825195
6774,cut1,6774,POPC,803,117.56356048583984,222.78565979003906,56.92313766479492
6774,cut1,6774,POPC,804,111.05852508544922,223.10594177246094,58.87355422973633
6774,cut1,6774,POPC,805,170.89231872558594,107.9720458984375,49.59918975830078
6774,cut1,6774,POPC,806,32.27373123168945,157.63851928710938,41.834320068359375
6774,cut1,6774,POPC,807,188.24656677246094,-0.805145800113678,52.924983978271484
6774,cut1,6774,POPC,808,58.69777297973633,35.99302291870117,52.36171340942383
6774,cut1,6774,POPC,809,84.49455261230469,110.59234619140625,43.40367126464844
6774,cut1,6774,POPC,810,27.73828887939453,134.1984100341797,42.64062118530274
6774,cut1,6774,POPC,811,165.56884765625,174.01864624023438,46.1647834777832
6774,cut1,6774,POPC,812,26.533203125,169.85806274414062,49.24500274658203
6774,cut1,6774,POPC,813,71.5136489868164,237.77366638183594,57.992027282714844
6774,cut1,6774,POPC,814,93.15080261230469,135.84487915039062,82.5967788696289
6774,cut1,6774,POPC,815,37.98439407348633,253.5498809814453,58.1180534362793
6774,cut1,6774,POPC,816,191.140625,45.58220291137695,51.83810043334961
6774,cut1,6774,POPC,817,190.61888122558594,6.904025554656982,50.194488525390625
6774,cut1,6774,POPC,818,177.46697998046875,93.21402740478516,54.33334732055664
6774,cut1,6774,POPC,819,153.42572021484375,159.81727600097656,47.47749328613281
6774,cut1,6774,POPC,820,163.99221801757812,119.6219711303711,45.86587905883789
6774,cut1,6774,POPC,821,2.2925336360931396,131.93447875976562,56.522701263427734
6774,cut1,6774,POPC,822,67.79203033447266,163.92745971679688,45.09880828857422
6774,cut1,6774,POPC,823,130.9766082763672,243.80223083496094,60.630130767822266
6774,cut1,6774,POPC,824,156.6461944580078,127.20249938964844,43.23512649536133
6774,cut1,6774,POPC,825,64.28145599365234,231.3682861328125,53.41224670410156
6774,cut1,6774,POPC,826,-1.590545892715454,89.63436889648438,48.93235397338867
6774,cut1,6774,POPC,827,13.984203338623047,114.88768005371094,48.287078857421875
6774,cut1,6774,POPC,828,51.45957565307617,46.363033294677734,52.19614028930664
6774,cut1,6774,POPC,829,104.1917724609375,38.71721267700195,51.75116729736328
6774,cut1,6774,POPC,830,140.03099060058594,123.07317352294922,45.38909912109375
6774,cut1,6774,POPC,831,4.466109752655029,227.105712890625,52.309146881103516
6774,cut1,6774,POPC,832,10.726043701171875,220.6855926513672,49.69660186767578
6774,cut1,6774,POPC,833,149.71856689453125,16.792556762695312,48.28531265258789
6774,cut1,6774,POPC,834,56.7369499206543,210.33645629882812,54.037471771240234
6774,cut1,6774,POPC,835,156.1377410888672,239.34783935546875,58.931827545166016
6774,cut1,6774,POPC,836,78.84588623046875,228.02536010742188,55.907623291015625
6774,cut1,6774,POPC,837,11.084468841552734,67.1657485961914,49.51873779296875
6774,cut1,6774,POPC,838,97.00271606445312,18.503307342529297,56.26785659790039
6774,cut1,6774,POPC,839,143.28697204589844,40.468441009521484,53.807029724121094
6774,cut1,6774,POPC,840,155.74185180664062,31.661609649658203,47.77437210083008
6774,cut1,6774,POPC,841,188.32366943359375,77.84751892089844,52.958221435546875
6774,cut1,6774,POPC,842,76.3396987915039,217.69647216796875,50.7689208984375
6774,cut1,6774,POPC,843,54.08977127075195,18.176551818847656,54.31650543212891
6774,cut1,6774,POPC,844,47.032718658447266,217.7063751220703,53.16609573364258
6774,cut1,6774,POPC,845,179.31178283691406,186.36595153808594,53.48234939575195
6774,cut1,6774,POPC,846,28.60354232788086,23.692249298095703,53.40640640258789
6774,cut1,6774,POPC,847,106.35977172851562,105.8328857421875,37.05561447143555
6774,cut1,6774,POPC,848,176.76536560058594,35.49419021606445,50.83937454223633
6774,cut1,6774,POPC,849,20.965576171875,43.12370681762696,52.51211166381836
6774,cut1,6774,POPC,850,91.02069091796875,216.01300048828125,56.27547836303711
6774,cut1,6774,POPC,851,61.19392013549805,194.4103240966797,46.49931335449219
6774,cut1,6774,POPC,852,125.91726684570312,12.962489128112793,51.69920349121094
6774,cut1,6774,POPC,853,32.58024978637695,-0.7021413445472717,57.290069580078125
6774,cut1,6774,POPC,854,148.55418395996094,0.04309028014540672,51.337547302246094
6774,cut1,6774,POPC,855,181.7632598876953,250.84774780273438,55.23049545288086
6774,cut1,6774,POPC,856,47.07406997680664,81.23684692382812,87.45246887207031
6774,cut1,6774,POPC,857,42.97250747680664,155.8767547607422,41.732967376708984
6774,cut1,6774,POPC,858,9.643394470214844,27.901866912841797,59.13388442993164
6774,cut1,6774,POPC,859,92.86380767822266,180.81137084960938,45.036041259765625
6774,cut1,6774,POPC,860,100.54446411132812,23.677734375,54.42413330078125
6774,cut1,6774,POPC,861,47.434818267822266,183.2574462890625,50.124176025390625
6774,cut1,6774,POPC,862,79.16946411132812,196.13673400878906,45.30271911621094
6774,cut1,6774,POPC,863,19.368881225585938,252.12667846679688,59.4810905456543
6774,cut1,6774,POPC,864,63.30477523803711,246.16879272460938,55.43268966674805
6774,cut1,6774,POPC,865,66.69136810302733,41.49814224243164,54.88020706176758
6774,cut1,6774,POPC,866,124.62786102294922,161.2356414794922,38.28837203979492
6774,cut1,6774,POPC,867,74.86739349365234,147.37635803222656,37.76396179199219
6774,cut1,6774,POPC,868,166.39035034179688,60.52221298217773,49.08320617675781
6774,cut1,6774,POPC,869,98.11654663085938,97.40811157226562,42.9848976135254
6774,cut1,6774,POPC,870,82.58848571777344,222.1715850830078,57.142608642578125
6774,cut1,6774,POPC,871,118.72431945800781,241.6173553466797,60.936275482177734
6774,cut1,6774,POPC,872,93.08702087402344,203.27430725097653,44.901248931884766
6774,cut1,6774,POPC,873,47.44496536254883,20.226036071777344,57.06227493286133
6774,cut1,6774,POPC,874,160.7281494140625,48.727787017822266,51.217742919921875
6774,cut1,6774,POPC,875,4.84663724899292,62.483211517333984,49.38851547241211
6774,cut1,6774,POPC,876,125.88175964355469,240.14166259765625,61.54643630981445
6774,cut1,6774,POPC,877,93.33885192871094,59.535335540771484,50.63393783569336
6774,cut1,6774,POPC,878,194.4260711669922,184.5092315673828,49.52199172973633
6774,cut1,6774,POPC,879,180.10098266601562,172.417236328125,49.162811279296875
6774,cut1,6774,POPC,880,15.999454498291016,90.33343505859375,44.0284538269043
6774,cut1,6774,POPC,881,160.0187530517578,247.33726501464844,57.658782958984375
6774,cut1,6774,POPC,882,55.79562759399414,78.62601470947266,46.64266586303711
6774,cut1,6774,POPC,883,117.8971939086914,27.135967254638672,59.58449935913086
6774,cut1,6774,POPC,884,169.177490234375,146.92930603027344,50.87546157836914
6774,cut1,6774,POPC,885,185.56932067871094,139.6261749267578,60.04475021362305
6774,cut1,6774,POPC,886,76.8393783569336,54.20669937133789,49.969051361083984
6774,cut1,6774,POPC,887,100.84899139404297,119.49574279785156,42.572425842285156
6774,cut1,6774,POPC,888,19.90044403076172,54.81708908081055,51.51944351196289
6774,cut1,6774,POPC,889,165.79071044921875,134.150634765625,48.211997985839844
6774,cut1,6774,POPC,890,91.27745056152344,207.53219604492188,51.43709945678711
6774,cut1,6774,POPC,891,176.8899688720703,18.562442779541016,51.959407806396484
6774,cut1,6774,POPC,892,124.13350677490234,248.86009216308594,59.83928298950196
6774,cut1,6774,POPC,893,99.20047760009766,11.265177726745605,57.49968338012695
6774,cut1,6774,POPC,894,142.30943298339844,246.18075561523438,57.2816047668457
6774,cut1,6774,POPC,895,172.0291748046875,52.023372650146484,48.48910140991211
6774,cut1,6774,POPC,896,168.15211486816406,183.01614379882812,52.091461181640625
6774,cut1,6774,POPC,897,67.70429229736328,27.43337631225586,52.08301544189453
6774,cut1,6774,POPC,898,19.047985076904297,6.355090618133545,61.240787506103516
6774,cut1,6774,POPC,899,110.35482025146484,3.134864330291748,59.918582916259766
6774,cut1,6774,POPC,900,176.9720916748047,109.47723388671875,48.66923522949219
6774,cut1,6774,POPC,901,86.75253295898438,23.621692657470703,50.418094635009766
6774,cut1,6774,POPC,902,105.11038208007812,99.93244171142578,37.56260681152344
6774,cut1,6774,POPC,903,71.39573669433594,12.312373161315918,56.018463134765625
6774,cut1,6774,POPC,904,31.541370391845703,208.4415740966797,53.7801399230957
6774,cut1,6774,POPC,905,13.234230041503906,23.275901794433594,57.371788024902344
6774,cut1,6774,POPC,906,173.404052734375,27.327129364013672,50.49491500854492
6774,cut1,6774,POPC,907,17.364559173583984,191.46212768554688,55.10707473754883
6774,cut1,6774,POPC,908,84.8897933959961,80.73130798339844,49.66123962402344
6774,cut1,6774,POPC,909,4.544463634490967,124.58575439453125,50.8317756652832
6774,cut1,6774,POPC,910,79.2964096069336,200.9058074951172,49.62100601196289
6774,cut1,6774,POPC,911,98.91757202148438,146.81520080566406,47.259700775146484
6774,cut1,6774,POPC,912,58.527462005615234,176.82908630371094,48.508941650390625
6774,cut1,6774,POPC,913,152.71728515625,51.20866775512695,53.00275802612305
6774,cut1,6774,POPC,914,128.934326171875,250.5247344970703,54.95270919799805
6774,cut1,6774,POPC,915,172.95828247070312,101.43546295166016,53.205810546875
6774,cut1,6774,POPC,916,167.32473754882812,191.8889923095703,49.96558380126953
6774,cut1,6774,POPC,917,186.04891967773438,196.6382293701172,50.04960632324219
6774,cut1,6774,POPC,918,161.2962646484375,34.426876068115234,51.28242111206055
6774,cut1,6774,POPC,919,103.32398986816406,232.31199645996094,61.406681060791016
6774,cut1,6774,POPC,920,34.453678131103516,70.6505355834961,48.61642837524414
6774,cut1,6774,POPC,921,60.38692855834961,154.03533935546875,39.36174774169922
6774,cut1,6774,POPC,922,6.1200785636901855,34.267635345458984,56.38688659667969
6774,cut1,6774,POPC,923,150.9376983642578,173.98870849609375,44.70345687866211
6774,cut1,6774,POPC,924,77.71261596679688,41.931270599365234,51.92461013793945
6774,cut1,6774,POPC,925,14.27890396118164,44.600704193115234,52.09658432006836
6774,cut1,6774,POPC,926,88.54794311523438,243.19866943359375,55.41741943359375
6774,cut1,6774,POPC,927,47.20708084106445,48.8385124206543,54.330509185791016
6774,cut1,6774,POPC,928,154.41354370117188,13.033278465270996,53.26811218261719
6774,cut1,6774,POPC,929,55.9995002746582,12.941145896911621,56.736270904541016
6774,cut1,6774,POPC,930,93.2055206298828,26.201618194580078,52.527854919433594
6774,cut1,6774,POPC,931,150.23304748535156,243.47882080078125,56.23102951049805
6774,cut1,6774,POPC,932,62.552860260009766,169.25204467773438,49.32235336303711
6774,cut1,6774,POPC,933,97.06856536865234,69.41317749023438,46.36066436767578
6774,cut1,6774,POPC,934,21.943843841552734,24.995056152343754,55.07407760620117
6774,cut1,6774,POPC,935,160.1524200439453,137.86280822753906,55.23323440551758
6774,cut1,6774,POPC,936,180.86669921875,97.1788558959961,50.08949279785156
6774,cut1,6774,POPC,937,89.55693054199219,76.19599151611328,48.67144012451172
6774,cut1,6774,POPC,938,51.4221534729004,196.666259765625,53.079917907714844
6774,cut1,6774,POPC,939,52.06898880004883,204.68484497070312,55.486915588378906
6774,cut1,6774,POPC,940,179.46307373046875,151.1612548828125,54.21796798706055
6774,cut1,6774,POPC,941,191.30599975585938,64.98735046386719,52.82896423339844
6774,cut1,6774,POPC,942,49.43586349487305,9.359519004821777,59.52596664428711
6774,cut1,6774,POPC,943,54.947513580322266,156.10621643066406,43.28559875488281
6774,cut1,6774,POPC,944,44.30904769897461,246.82411193847656,57.91755676269531
6774,cut1,6774,POPC,945,182.40087890625,22.122989654541016,54.04115295410156
6774,cut1,6774,POPC,946,159.14149475097656,103.03666687011719,47.910545349121094
6774,cut1,6774,POPC,947,79.97775268554688,1.6818841695785522,59.064327239990234
6774,cut1,6774,POPC,948,10.438770294189453,236.404296875,58.72464370727539
6774,cut1,6774,POPC,949,71.77822875976562,98.97603607177734,44.09242248535156
6774,cut1,6774,POPC,950,185.04742431640625,182.0617218017578,53.883159637451165
6774,cut1,6774,POPC,951,73.52835083007812,224.5948028564453,54.851661682128906
6774,cut1,6774,POPC,952,62.66264724731445,12.220152854919432,55.361572265625
6774,cut1,6774,POPC,953,124.23348236083984,7.988341808319092,56.115970611572266
6774,cut1,6774,POPC,954,178.30751037597656,83.57295227050781,49.6710205078125
6774,cut1,6774,POPC,955,154.33241271972656,-0.46838051080703735,53.11553192138672
6774,cut1,6774,POPC,956,87.80634307861328,18.504226684570312,52.15932846069336
6774,cut1,6774,POPC,957,94.54862976074219,65.77813720703125,50.05659866333008
6774,cut1,6774,POPC,958,0.4685017466545105,201.7847442626953,50.44780349731445
6774,cut1,6774,POPC,959,88.56928253173828,136.3177032470703,44.18496322631836
6774,cut1,6774,POPC,960,28.032901763916016,2.37233304977417,58.20083999633789
6774,cut1,6774,POPC,961,191.8827667236328,39.320743560791016,51.99059295654296
6774,cut1,6774,POPC,962,138.30799865722656,35.671749114990234,55.660404205322266
6774,cut1,6774,POPC,963,18.659461975097656,229.38087463378906,53.79132080078125
6774,cut1,6774,POPC,964,188.0978240966797,133.2390594482422,55.067420959472656
6774,cut1,6774,POPC,965,177.68218994140625,139.29598999023438,58.044734954833984
6774,cut1,6774,POPC,966,90.43555450439453,10.789813041687012,54.600135803222656
6774,cut1,6774,POPC,967,12.03628921508789,229.04489135742188,52.44190979003906
6774,cut1,6774,POPC,968,32.38469314575195,220.4702606201172,51.04966735839844
6774,cut1,6774,POPC,969,93.25157928466797,92.12522888183594,46.73637771606445
6774,cut1,6774,POPC,970,57.44119644165039,132.07008361816406,36.96604537963867
6774,cut1,6774,POPC,971,40.234600067138665,80.79108428955078,43.33821487426758
6774,cut1,6774,POPC,972,45.920963287353516,255.04345703125,59.95212173461914
6774,cut1,6774,POPC,973,14.6693115234375,57.20668411254883,50.244361877441406
6774,cut1,6774,POPC,974,131.07252502441406,17.83407974243164,51.3099365234375
6774,cut1,6774,POPC,975,89.34291076660156,221.82162475585938,58.39877700805664
6774,cut1,6774,POPC,976,78.86031341552734,143.3313751220703,42.206966400146484
6774,cut1,6774,POPC,977,168.24659729003906,137.16358947753906,53.319976806640625
6774,cut1,6774,POPC,978,99.7403793334961,233.41969299316406,56.68860626220703
6774,cut1,6774,POPC,979,9.442455291748047,86.14366912841797,47.17348861694336
6774,cut1,6774,POPC,980,80.24057006835938,74.29888916015625,48.612815856933594
6774,cut1,6774,POPC,981,110.13765716552734,207.43348693847656,60.33469772338867
6774,cut1,6774,POPC,982,51.94779586791992,188.15374755859375,48.98907470703125
6774,cut1,6774,POPC,983,2.6149632930755615,251.27777099609375,55.063053131103516
6774,cut1,6774,POPC,984,1.8026082515716553,106.32927703857422,47.189632415771484
6774,cut1,6774,POPC,985,39.1422004699707,228.4395294189453,51.522666931152344
6774,cut1,6774,POPC,986,182.56289672851562,226.4021759033203,53.29025650024414
6774,cut1,6774,POPC,987,170.9243927001953,64.24544525146484,51.35698318481445
6774,cut1,6774,POPC,988,101.3838882446289,57.98954391479492,50.63453674316406
6774,cut1,6774,POPC,989,30.730587005615234,182.35940551757812,50.71539306640625
6774,cut1,6774,POPC,990,96.026123046875,107.07827758789062,40.17781448364258
6774,cut1,6774,POPC,991,-4.021582126617432,54.0008888244629,50.69963836669922
6774,cut1,6774,POPC,992,63.678035736083984,57.446414947509766,47.90842056274414
6774,cut1,6774,POPC,993,147.23968505859375,144.09654235839844,48.17940902709961
6774,cut1,6774,POPC,994,36.45170974731445,233.72915649414062,50.75551223754883
6774,cut1,6774,POPC,995,98.38377380371095,123.53966522216797,48.010231018066406
6774,cut1,6774,POPC,996,157.76457214355466,67.44866943359375,47.274925231933594
6774,cut1,6774,POPC,997,176.6512451171875,181.74034118652344,52.075706481933594
6774,cut1,6774,POPC,998,66.58464050292969,47.83431625366211,48.51377487182617
6774,cut1,6774,POPC,999,48.674983978271484,77.44617462158203,46.69552993774414
6774,cut1,6774,POPC,1000,46.31376266479492,228.91659545898438,53.47858810424805
6774,cut1,6774,POPC,1001,8.112598419189453,192.55262756347656,51.603790283203125
6774,cut1,6774,POPC,1002,61.707584381103516,26.752086639404297,53.925987243652344
6774,cut1,6774,POPC,1003,39.838558197021484,174.77139282226562,44.76432800292969
6774,cut1,6774,POPC,1004,155.68724060058594,183.2952423095703,51.122501373291016
6774,cut1,6774,POPC,1005,80.67648315429688,7.087207317352295,58.71095657348633
6774,cut1,6774,POPC,1006,37.48642349243164,150.59353637695312,43.000457763671875
6774,cut1,6774,POPC,1007,56.13364028930664,127.5505142211914,40.683738708496094
6774,cut1,6774,POPC,1008,159.38551330566406,92.24044036865234,48.32994079589844
6774,cut1,6774,POPC,1009,37.018863677978516,17.853343963623047,56.61944580078125
6774,cut1,6774,POPC,1010,124.35236358642578,101.68061828613281,41.65904998779297
6774,cut1,6774,POPC,1011,152.79556274414062,142.432861328125,52.31890869140625
6774,cut1,6774,POPC,1012,185.89122009277344,102.06246185302734,46.568538665771484
6774,cut1,6774,POPC,1013,146.65455627441406,10.271109580993652,52.31015396118164
6774,cut1,6774,POPC,1014,162.85305786132812,187.35769653320312,49.110008239746094
6774,cut1,6774,POPC,1015,168.5960235595703,69.64207458496094,50.255252838134766
6774,cut1,6774,POPC,1016,161.23643493652344,24.437198638916016,51.977054595947266
6774,cut1,6774,POPC,1017,149.8453369140625,43.2675895690918,51.54888916015625
6774,cut1,6774,POPC,1018,11.41098403930664,110.11209106445312,45.14593505859375
6774,cut1,6774,POPC,1019,13.603919982910156,8.816115379333496,59.013790130615234
6774,cut1,6774,POPC,1020,169.0671844482422,42.73299789428711,47.06024169921875
6774,cut1,6774,POPC,1021,16.24758529663086,17.43268585205078,58.88174819946289
6774,cut1,6774,POPC,1022,4.197093486785889,70.67466735839845,48.684913635253906
6774,cut1,6774,POPC,1023,167.2713165283203,28.01430892944336,50.392486572265625
6774,cut1,6774,POPC,1024,84.61426544189453,90.59349060058594,53.13682556152344
6774,cut1,6774,POPC,1025,51.77376174926758,225.5071563720703,53.53810119628906
6774,cut1,6774,POPC,1026,66.67503356933594,5.699981212615967,56.64668273925781
6774,cut1,6774,POPC,1027,25.208999633789062,186.77845764160156,56.73252868652344
6774,cut1,6774,POPC,1028,85.89875030517578,2.019282817840576,56.28183364868164
6774,cut1,6774,POPC,1029,158.6186676025391,55.36930465698242,49.07166290283203
6774,cut1,6774,POPC,1030,181.29086303710938,4.791144847869872,52.821659088134766
6774,cut1,6774,POPC,1031,13.823173522949219,250.55303955078125,62.82606887817383
6774,cut1,6774,POPC,1032,184.19203186035156,47.34469985961914,50.294193267822266
6774,cut1,6774,POPC,1033,4.105212688446045,244.89895629882812,56.08063507080078
6774,cut1,6774,POPC,1034,9.818614959716797,17.731338500976562,59.508419036865234
6774,cut1,6774,POPC,1035,163.36318969726562,153.9199981689453,45.37376022338867
6774,cut1,6774,POPC,1036,89.31112670898438,232.90432739257812,52.49663162231445
6774,cut1,6774,POPC,1037,19.48925018310547,102.08395385742188,45.66529083251953
6774,cut1,6774,POPC,1038,52.97658920288086,5.580932140350342,54.393104553222656
6774,cut1,6774,POPC,1039,166.1079864501953,113.370361328125,51.4000129699707
6774,cut1,6774,POPC,1040,71.36176300048828,90.32032012939453,45.22768020629883
6774,cut1,6774,POPC,1041,78.53565979003906,165.594970703125,44.021751403808594
6774,cut1,6774,POPC,1042,115.5592269897461,7.100512981414795,55.398120880126946
6774,cut1,6774,POPC,1043,173.4631805419922,190.30862426757812,51.813907623291016
6774,cut1,6774,POPC,1044,158.7234649658203,161.8995361328125,43.94485092163086
6774,cut1,6774,POPC,1045,187.12815856933594,112.8634033203125,47.585391998291016
6774,cut1,6774,POPC,1046,182.66712951660156,39.906681060791016,49.127017974853516
6774,cut1,6774,POPC,1047,161.45321655273438,125.2063217163086,45.6182861328125
6774,cut1,6774,POPC,1048,158.03338623046875,85.43547821044922,47.70155715942383
6774,cut1,6774,POPC,1049,150.56182861328128,139.71148681640625,46.377994537353516
6774,cut1,6774,POPC,1050,44.76716995239258,191.60350036621094,49.081939697265625
6774,cut1,6774,POPC,1051,163.77841186523438,97.48651123046875,46.9849853515625
6774,cut1,6774,POPC,1052,198.43203735351562,207.23678588867188,52.90485382080078
6774,cut1,6774,POPC,1053,154.44158935546875,76.234375,47.84259796142578
6774,cut1,6774,POPC,1054,34.968868255615234,76.5348129272461,49.409454345703125
6774,cut1,6774,POPC,1055,143.2286682128906,239.43499755859375,59.130916595458984
6774,cut1,6774,POPC,1056,23.49264144897461,71.20836639404297,45.747100830078125
6774,cut1,6774,POPC,1057,90.53446960449219,44.79160690307617,51.828861236572266
6774,cut1,6774,POPC,1058,183.89022827148438,239.28131103515625,55.142513275146484
6774,cut1,6774,POPC,1059,25.656009674072266,94.1795883178711,44.41408920288086
6774,cut1,6774,POPC,1060,106.79285430908203,53.29722213745117,50.216060638427734
6774,cut1,6774,POPC,1061,99.56388854980469,101.64093017578125,39.035377502441406
6774,cut1,6774,POPC,1062,60.91862869262695,241.25628662109375,50.375267028808594
6774,cut1,6774,POPC,1063,119.76464080810547,148.67652893066406,46.80974578857422
6774,cut1,6774,POPC,1064,45.76377487182617,87.01022338867188,45.39166259765625
6774,cut1,6774,POPC,1065,14.734561920166016,217.41137695312497,50.73662185668945
6774,cut1,6774,POPC,1066,189.7829132080078,227.77723693847656,54.32867431640625
6774,cut1,6774,POPC,1067,-1.321270227432251,215.539306640625,49.29798889160156
6774,cut1,6774,POPC,1068,96.28630828857422,6.581977367401123,58.009098052978516
6774,cut1,6774,POPC,1069,150.487548828125,180.6321258544922,48.75877380371094
6774,cut1,6774,POPC,1070,27.847991943359375,41.87439346313477,51.063873291015625
6774,cut1,6774,POPC,1071,63.46963119506836,201.25201416015625,50.75748825073242
6774,cut1,6774,POPC,1072,172.15211486816406,142.10861206054688,54.12614822387695
6774,cut1,6774,POPC,1073,87.72645568847656,36.974056243896484,52.480228424072266
6774,cut1,6774,POPC,1074,72.3951644897461,193.30926513671875,46.74480438232422
6774,cut1,6774,POPC,1075,92.50888061523438,247.27798461914062,58.87324905395508
6774,cut1,6774,POPC,1076,153.32542419433594,38.390499114990234,50.13499450683594
6774,cut1,6774,POPC,1077,124.59503936767578,233.6290740966797,62.83023452758789
6774,cut1,6774,POPC,1078,187.3327178955078,97.26094818115234,48.36355209350586
6774,cut1,6774,POPC,1079,180.0453643798828,164.68777465820312,48.82516860961914
6774,cut1,6774,POPC,1080,185.56988525390625,232.30567932128906,55.395713806152344
6774,cut1,6774,POPC,1081,17.737239837646484,76.32125854492188,47.25703048706054
6774,cut1,6774,POPC,1082,20.38457489013672,209.16744995117188,54.01713943481445
6774,cut1,6774,POPC,1083,175.0866241455078,43.302486419677734,48.47560501098633
6774,cut1,6774,POPC,1084,167.56028747558594,18.816547393798828,49.83076095581055
6774,cut1,6774,POPC,1085,113.69170379638672,182.1294403076172,42.68438720703125
6774,cut1,6774,POPC,1086,187.18699645996094,91.15354919433594,51.690589904785156
6774,cut1,6774,POPC,1087,42.288883209228516,92.58636474609375,45.0135383605957
6774,cut1,6774,POPC,1088,41.14730453491211,8.540667533874512,57.59888458251953
6774,cut1,6774,POPC,1089,137.5928497314453,156.676513671875,42.54114532470703
6774,cut1,6774,POPC,1090,184.96725463867188,60.38502883911133,50.83449172973633
6774,cut1,6774,POPC,1091,97.20185852050781,217.587646484375,55.98122787475586
6774,cut1,6774,POPC,1092,162.44244384765625,204.37298583984375,40.983711242675774
6774,cut1,6774,POPC,1093,23.54247283935547,199.25717163085938,56.018959045410156
6774,cut1,6774,POPC,1094,25.538002014160156,65.3316421508789,48.073448181152344
6774,cut1,6774,POPC,1095,71.05624389648438,58.11494064331055,50.28514862060547
6774,cut1,6774,POPC,1096,74.27340698242188,250.007080078125,58.536808013916016
6774,cut1,6774,POPC,1097,172.821044921875,2.8408160209655766,52.40383529663086
6774,cut1,6774,POPC,1098,69.45421600341797,69.24568176269531,47.34520721435547
6774,cut1,6774,POPC,1099,138.38946533203125,18.941261291503906,50.96522903442383
6774,cut1,6774,POPC,1100,177.2469482421875,242.56973266601562,54.15831756591797
6774,cut1,6774,POPC,1101,183.37359619140625,81.61231994628906,52.022178649902344
6774,cut1,6774,POPC,1102,121.3389892578125,173.28929138183594,39.15182113647461
6774,cut1,6774,POPC,1103,8.927669525146484,78.30218505859375,46.551353454589844
6774,cut1,6774,POPC,1104,146.72691345214844,133.76022338867188,44.70237350463867
6774,cut1,6774,POPC,1105,105.18607330322266,225.61581420898438,59.16667556762695
6774,cut1,6774,POPC,1106,63.13825607299805,180.26934814453125,49.66440200805664
6774,cut1,6774,POPC,1107,35.086299896240234,94.5254898071289,50.83504867553711
6774,cut1,6774,POPC,1108,110.52240753173828,214.3337860107422,59.137271881103516
6774,cut1,6774,POPC,1109,78.87855529785156,25.520130157470703,50.89216232299805
6774,cut1,6774,POPC,1110,187.7657012939453,204.27598571777344,48.15328598022461
6774,cut1,6774,POPC,1111,74.41838836669922,205.5284881591797,51.42652130126953
6774,cut1,6774,POPC,1112,174.99008178710938,127.28836822509766,52.4371223449707
6774,cut1,6774,POPC,1113,31.116779327392578,228.8968963623047,51.13053894042969
6774,cut1,6774,POPC,1114,33.16122817993164,13.040907859802246,56.71228790283203
6774,cut1,6774,POPC,1115,181.00033569335938,125.01531982421875,51.68434143066406
6774,cut1,6774,POPC,1116,176.0578155517578,148.80715942382812,48.25999069213867
6774,cut1,6774,POPC,1117,58.9040641784668,100.10643005371094,45.40623474121094
6774,cut1,6774,POPC,1118,62.630313873291016,91.69304656982422,41.03594970703125
6774,cut1,6774,POPC,1119,192.59786987304688,168.59078979492188,51.789798736572266
6774,cut1,6774,POPC,1120,95.8585205078125,239.86988830566406,56.656124114990234
6774,cut1,6774,POPC,1121,51.07186508178711,149.18177795410156,37.038261413574226
6774,cut1,6774,POPC,1122,124.20184326171876,154.90188598632812,43.72077941894531
6774,cut1,6774,POPC,1123,62.80266189575195,46.0221061706543,52.41458511352539
6774,cut1,6774,POPC,1124,66.16398620605467,33.35427474975586,53.527618408203125
6774,cut1,6774,POPC,1125,111.65497589111328,175.7466278076172,36.38645935058594
6774,cut1,6774,POPC,1126,103.88673400878906,2.8750452995300293,60.70344161987305
6774,cut1,6774,POPC,1127,72.46967315673828,47.080509185791016,51.01295852661133
6774,cut1,6774,POPC,1128,168.5772705078125,246.7346649169922,53.42052841186524
6774,cut1,6774,POPC,1129,5.780120372772217,5.027755260467529,59.62912368774414
6774,cut1,6774,POPC,1130,60.487972259521484,207.25538635253906,50.37467956542969
6774,cut1,6774,POPC,1131,36.545536041259766,90.24677276611328,46.84161376953125
6774,cut1,6774,POPC,1132,132.8042449951172,145.27796936035156,47.19978332519531
6774,cut1,6774,POPC,1133,17.285694122314453,63.42302322387695,47.38405227661133
6774,cut1,6774,POPC,1134,184.44044494628906,119.33600616455078,51.93207550048828
6774,cut1,6774,POPC,1135,81.50559997558594,234.53224182128906,53.09943771362305
6774,cut1,6774,POPC,1136,86.74872589111328,212.78579711914062,53.24788284301758
6774,cut1,6774,POPC,1137,33.26804733276367,102.71372985839844,50.356651306152344
6774,cut1,6774,POPC,1138,69.03612518310547,180.07395935058594,45.63731002807617
6774,cut1,6774,POPC,1139,95.64432525634766,139.149658203125,49.74462127685547
6774,cut1,6774,POPC,1140,10.192794799804688,93.77374267578125,46.52311325073242
6774,cut1,6774,POPC,1141,87.14940643310547,61.431514739990234,49.46568298339844
6774,cut1,6774,POPC,1142,189.9799346923828,124.63624572753906,49.67543411254883
6774,cut1,6774,POPC,1143,131.51185607910156,28.358531951904297,54.74485778808594
6774,cut1,6774,SAPI,1144,98.75743103027344,43.6827507019043,50.66724395751953
6774,cut1,6774,SAPI,1145,71.10832214355469,154.16497802734375,39.602970123291016
6774,cut1,6774,SAPI,1146,108.23281860351562,11.9528226852417,55.23696517944336
6774,cut1,6774,SAPI,1147,48.141109466552734,25.425445556640625,54.95245361328125
6774,cut1,6774,SAPI,1148,39.63344192504883,165.7620391845703,44.83021545410156
6774,cut1,6774,SAPI,1149,60.93832778930664,188.16198730468747,45.58152389526367
6774,cut1,6774,SAPI,1150,115.87651824951172,161.34812927246094,34.76865005493164
6774,cut1,6774,SAPI,1151,28.60189437866211,175.89515686035156,50.36649703979492
6774,cut1,6774,SAPI,1152,108.19876861572266,202.40440368652344,53.08637619018555
6774,cut1,6774,SAPI,1153,102.70579528808594,78.25128936767578,44.909400939941406
6774,cut1,6774,SAPI,1154,130.5803985595703,34.93249893188477,55.44740295410156
6774,cut1,6774,SAPI,1155,130.55377197265625,149.43930053710938,45.8923454284668
6774,cut1,6774,SAPI,1156,111.87677001953125,242.9075469970703,57.5199089050293
6774,cut1,6774,SAPI,1157,152.75244140625,60.371578216552734,47.40707778930664
6774,cut1,6774,SAPI,1158,29.904048919677734,100.68537139892578,45.86322021484375
6774,cut1,6774,SAPI,1159,162.52117919921875,210.9357147216797,39.01626205444336
6774,cut1,6774,SAPI,1160,67.11238861083984,101.35221862792969,35.946468353271484
6774,cut1,6774,SAPI,1161,2.5834729671478276,146.42703247070312,58.526058197021484
6774,cut1,6774,SAPI,1162,134.80918884277344,134.93544006347656,45.52088928222656
6774,cut1,6774,SAPI,1163,151.4146728515625,86.85882568359375,52.69635772705078
6774,cut1,6774,SAPI,1164,135.8287353515625,128.10946655273438,42.596473693847656
6774,cut1,6774,SAPI,1165,147.84521484375,102.77839660644531,46.617366790771484
6774,cut1,6774,SAPI,1166,195.05213928222656,178.05270385742188,51.13539123535156
6774,cut1,6774,SAPI,1167,184.5377197265625,174.5146942138672,52.19553375244141
6774,cut1,6774,SAPI,1168,175.7190399169922,233.3504638671875,57.77617645263672
6774,cut1,6774,SAPI,1169,146.2682647705078,56.2258186340332,50.54823303222656
6774,cut1,6774,SAPI,1170,100.58226776123047,198.99777221679688,48.183895111083984
6774,cut1,6774,SAPI,1171,128.8098907470703,223.66421508789062,59.53615188598633
6774,cut1,6774,SAPI,1172,110.8890380859375,169.32496643066406,33.70433807373047
6774,cut1,6774,SAPI,1173,46.86386489868164,239.23114013671875,54.69346237182617
6774,cut1,6774,SAPI,1174,81.42975616455078,92.43722534179688,48.430084228515625
6774,cut1,6774,SAPI,1175,120.82732391357422,214.93556213378906,54.14030456542969
6774,cut1,6774,SAPI,1176,168.61203002929688,238.5462188720703,54.61962890625
6774,cut1,6774,SAPI,1177,181.73153686523438,212.4173126220703,45.47600555419922
6774,cut1,6774,SAPI,1178,74.6197738647461,170.09503173828125,41.61125183105469
6774,cut1,6774,SAPI,1179,145.73841857910156,232.88059997558594,55.363262176513665
6774,cut1,6774,SAPI,1180,143.82992553710938,149.51817321777344,43.71283721923828
6774,cut1,6774,SAPI,1181,60.19813919067383,138.16207885742188,36.27201843261719
