,System,Frame,Resname,Resnum,X,Y,Z
1428,cut1,1428,POPC,0,125.2090835571289,210.51837158203125,83.70870208740234
1428,cut1,1428,POPC,1,23.370307922363278,161.5054931640625,86.24549865722656
1428,cut1,1428,POPC,2,147.47006225585938,16.557607650756836,102.91826629638672
1428,cut1,1428,POPC,3,102.8861083984375,167.83973693847656,81.11326599121094
1428,cut1,1428,POPC,4,150.14866638183594,184.64537048339844,93.0618667602539
1428,cut1,1428,POPC,5,112.6063003540039,179.36508178710938,78.28313446044922
1428,cut1,1428,POPC,6,155.43093872070312,156.65464782714844,93.36654663085938
1428,cut1,1428,POPC,7,28.80530548095703,229.38687133789062,102.34825134277344
1428,cut1,1428,POPC,8,1.0805740356445312,54.292415618896484,99.6829833984375
1428,cut1,1428,POPC,9,162.76268005371094,157.38723754882812,98.22875213623047
1428,cut1,1428,POPC,10,5.312286376953125,205.4697723388672,100.67947387695312
1428,cut1,1428,POPC,11,82.93218994140625,210.61599731445312,96.22834014892578
1428,cut1,1428,POPC,12,51.47575378417969,61.37925338745117,94.06038665771484
1428,cut1,1428,POPC,13,107.60929870605469,150.11338806152344,78.8546371459961
1428,cut1,1428,POPC,14,101.67353057861328,178.2268829345703,77.0256576538086
1428,cut1,1428,POPC,15,39.367164611816406,132.1754608154297,78.98023223876953
1428,cut1,1428,POPC,16,89.7929916381836,129.12110900878906,82.53968048095703
1428,cut1,1428,POPC,17,92.03276824951172,21.881620407104492,101.80430603027344
1428,cut1,1428,POPC,18,98.09178161621094,242.92237854003906,106.5834732055664
1428,cut1,1428,POPC,19,93.76769256591797,230.72616577148438,102.16494750976562
1428,cut1,1428,POPC,20,132.13372802734375,9.343582153320312,101.59327697753906
1428,cut1,1428,POPC,21,121.90374755859375,99.84825897216797,76.29302978515625
1428,cut1,1428,POPC,22,33.870628356933594,22.464391708374023,99.50135803222656
1428,cut1,1428,POPC,23,97.78507232666016,233.5672607421875,105.96358489990234
1428,cut1,1428,POPC,24,46.88115692138672,17.111696243286133,97.51533508300781
1428,cut1,1428,POPC,25,74.30253601074219,197.8384552001953,84.83142852783203
1428,cut1,1428,POPC,26,182.09494018554688,215.77891540527344,102.19737243652344
1428,cut1,1428,POPC,27,45.54920959472656,169.5070037841797,83.67485046386719
1428,cut1,1428,POPC,28,13.432571411132812,220.7005615234375,102.77661895751953
1428,cut1,1428,POPC,29,63.55539321899414,26.14851188659668,101.88018035888672
1428,cut1,1428,POPC,30,161.11358642578125,212.57264709472656,95.61331939697266
1428,cut1,1428,POPC,31,149.3055419921875,220.83883666992188,86.76396942138672
1428,cut1,1428,POPC,32,43.06645202636719,205.1874542236328,96.594482421875
1428,cut1,1428,POPC,33,76.48623657226562,88.242431640625,83.77374267578125
1428,cut1,1428,POPC,34,169.33926391601562,88.2777328491211,96.47529602050781
1428,cut1,1428,POPC,35,99.92523956298828,251.18905639648438,107.52733612060547
1428,cut1,1428,POPC,36,153.40211486816406,250.94589233398438,103.34794616699217
1428,cut1,1428,POPC,37,119.7022933959961,164.62777709960938,83.82884216308594
1428,cut1,1428,POPC,38,81.00212860107422,91.45446014404297,82.34020233154297
1428,cut1,1428,POPC,39,44.366058349609375,237.40936279296875,98.08377838134766
1428,cut1,1428,POPC,40,79.827392578125,104.75944519042969,88.25305938720703
1428,cut1,1428,POPC,41,116.8930435180664,57.318172454833984,88.9815673828125
1428,cut1,1428,POPC,42,178.9185028076172,109.34136199951172,96.79492950439453
1428,cut1,1428,POPC,43,115.20857238769531,62.650699615478516,82.923095703125
1428,cut1,1428,POPC,44,50.859230041503906,43.21688461303711,97.49156951904297
1428,cut1,1428,POPC,45,31.49762725830078,108.80168914794922,97.51797485351562
1428,cut1,1428,POPC,46,69.27214813232422,23.459516525268555,97.6822738647461
1428,cut1,1428,POPC,47,46.67363739013672,58.26888656616211,94.10851287841797
1428,cut1,1428,POPC,48,84.87928771972656,65.66405487060547,87.05177307128906
1428,cut1,1428,POPC,49,124.48160552978516,67.08378601074219,82.46784973144531
1428,cut1,1428,POPC,50,181.18312072753906,91.56555938720703,97.48979187011719
1428,cut1,1428,POPC,51,41.33580780029297,161.77667236328125,80.80168914794922
1428,cut1,1428,POPC,52,60.012088775634766,195.1814727783203,93.9282455444336
1428,cut1,1428,POPC,53,148.1586456298828,154.22755432128906,91.02312469482422
1428,cut1,1428,POPC,54,94.60372924804688,78.47061157226562,83.48632049560547
1428,cut1,1428,POPC,55,160.84410095214844,29.117597579956055,101.02680206298827
1428,cut1,1428,POPC,56,93.17965698242188,6.192438125610352,103.73272705078125
1428,cut1,1428,POPC,57,130.28273010253906,187.0756378173828,88.7817611694336
1428,cut1,1428,POPC,58,176.62657165527344,82.68889617919922,98.57717895507812
1428,cut1,1428,POPC,59,67.42498779296875,61.70694351196289,96.68124389648438
1428,cut1,1428,POPC,60,22.698448181152344,206.4471435546875,103.55838012695312
1428,cut1,1428,POPC,61,82.07876586914062,182.22300720214844,83.78852844238281
1428,cut1,1428,POPC,62,110.39604949951172,164.1333770751953,78.2375030517578
1428,cut1,1428,POPC,63,26.52161407470703,7.069667816162109,100.05947875976564
1428,cut1,1428,POPC,64,185.60626220703125,64.32491302490234,95.46210479736328
1428,cut1,1428,POPC,65,147.3815155029297,248.93789672851562,104.25900268554688
1428,cut1,1428,POPC,66,100.29182434082031,146.750732421875,79.24392700195312
1428,cut1,1428,POPC,67,191.05026245117188,234.00245666503906,102.30073547363281
1428,cut1,1428,POPC,68,45.337318420410156,176.51885986328125,88.58833312988281
1428,cut1,1428,POPC,69,154.08682250976562,7.669441223144531,101.13145446777344
1428,cut1,1428,POPC,70,108.42694854736328,35.72980880737305,100.35871124267578
1428,cut1,1428,POPC,71,179.84161376953125,250.22402954101562,106.83499908447266
1428,cut1,1428,POPC,72,122.78800964355469,201.25582885742188,53.9548454284668
1428,cut1,1428,POPC,73,25.76629638671875,91.43605041503906,97.37274169921875
1428,cut1,1428,POPC,74,190.4217529296875,164.8258514404297,99.30581665039062
1428,cut1,1428,POPC,75,53.78038024902344,147.32521057128906,75.70310974121094
1428,cut1,1428,POPC,76,127.64089965820312,147.30319213867188,83.86951446533203
1428,cut1,1428,POPC,77,9.514053344726562,194.6776580810547,97.51986694335938
1428,cut1,1428,POPC,78,160.17404174804688,126.77977752685547,96.16881561279297
1428,cut1,1428,POPC,79,10.680717468261719,90.9005889892578,56.0124626159668
1428,cut1,1428,POPC,80,56.13096618652344,219.99114990234375,96.73698425292969
1428,cut1,1428,POPC,81,106.85989379882812,229.3422393798828,106.65760040283203
1428,cut1,1428,POPC,82,54.936798095703125,89.99002075195312,86.90525817871094
1428,cut1,1428,POPC,83,42.819801330566406,47.14645767211914,96.51106262207031
1428,cut1,1428,POPC,84,61.9313850402832,18.218542098999023,101.49127960205078
1428,cut1,1428,POPC,85,78.21951293945312,177.2608642578125,82.76849365234375
1428,cut1,1428,POPC,86,110.54129791259766,79.2117919921875,81.47505187988281
1428,cut1,1428,POPC,87,140.0621795654297,29.429834365844727,96.71602630615234
1428,cut1,1428,POPC,88,86.31562805175781,59.157466888427734,89.5013198852539
1428,cut1,1428,POPC,89,31.31995391845703,98.58137512207031,98.4451904296875
1428,cut1,1428,POPC,90,159.46192932128906,115.17658233642578,91.99458312988281
1428,cut1,1428,POPC,91,130.56430053710938,32.0164909362793,96.58001708984375
1428,cut1,1428,POPC,92,30.187911987304684,72.2965316772461,91.97383880615234
1428,cut1,1428,POPC,93,120.54641723632812,203.54098510742188,86.07752227783203
1428,cut1,1428,POPC,94,195.3987274169922,45.181400299072266,99.36006927490234
1428,cut1,1428,POPC,95,119.31916809082031,174.26783752441406,80.99505615234375
1428,cut1,1428,POPC,96,186.01425170898438,159.7043914794922,103.44485473632812
1428,cut1,1428,POPC,97,94.95540618896484,120.08638763427734,42.99610900878906
1428,cut1,1428,POPC,98,105.4352035522461,58.2393684387207,84.73612976074219
1428,cut1,1428,POPC,99,174.05197143554688,49.67267990112305,99.98641204833984
1428,cut1,1428,POPC,100,43.531394958496094,131.0556640625,78.20014190673828
1428,cut1,1428,POPC,101,48.80230712890625,74.1320343017578,84.83269500732422
1428,cut1,1428,POPC,102,52.581382751464844,196.09103393554685,93.55196380615234
1428,cut1,1428,POPC,103,167.43017578125,207.303466796875,98.38938903808594
1428,cut1,1428,POPC,104,7.394012451171875,234.98631286621094,100.69190216064453
1428,cut1,1428,POPC,105,20.225364685058594,247.54234313964844,103.34049987792969
1428,cut1,1428,POPC,106,57.59849548339844,70.27101135253906,89.7320327758789
1428,cut1,1428,POPC,107,22.81793212890625,117.56521606445312,95.28656005859375
1428,cut1,1428,POPC,108,181.90481567382812,205.32369995117188,99.71604919433594
1428,cut1,1428,POPC,109,52.745574951171875,237.0837860107422,99.05609893798828
1428,cut1,1428,POPC,110,60.5706787109375,61.47158432006836,95.2311019897461
1428,cut1,1428,POPC,111,153.88812255859375,14.105955123901367,100.89935302734375
1428,cut1,1428,POPC,112,156.25106811523438,35.37545394897461,99.98139953613281
1428,cut1,1428,POPC,113,31.980926513671875,27.402833938598633,96.21276092529297
1428,cut1,1428,POPC,114,105.96820068359375,96.49576568603516,78.49005126953125
1428,cut1,1428,POPC,115,87.86217498779297,11.260616302490234,102.03120422363281
1428,cut1,1428,POPC,116,71.0876693725586,231.2142333984375,101.63232421875
1428,cut1,1428,POPC,117,68.28722381591797,74.96623229980469,91.64994049072266
1428,cut1,1428,POPC,118,61.6924934387207,244.09573364257812,104.28397369384766
1428,cut1,1428,POPC,119,104.03230285644531,84.08719635009766,77.51798248291016
1428,cut1,1428,POPC,120,136.43450927734375,205.62197875976562,87.80892944335938
1428,cut1,1428,POPC,121,57.27826690673828,4.576322555541992,99.91612243652344
1428,cut1,1428,POPC,122,178.79434204101562,241.20310974121094,108.06795501708984
1428,cut1,1428,POPC,123,53.49592590332031,180.83840942382812,86.75141143798828
1428,cut1,1428,POPC,124,11.938652038574219,211.14842224121094,99.01260375976562
1428,cut1,1428,POPC,125,12.806266784667969,19.208185195922848,101.32960510253906
1428,cut1,1428,POPC,126,30.609954833984375,198.4563751220703,96.92616271972656
1428,cut1,1428,POPC,127,167.22909545898438,115.2690658569336,92.86217498779297
1428,cut1,1428,POPC,128,26.07598876953125,217.9647979736328,100.06688690185547
1428,cut1,1428,POPC,129,150.56185913085938,23.435705184936523,102.54434967041016
1428,cut1,1428,POPC,130,175.9227752685547,160.89842224121094,98.55408477783203
1428,cut1,1428,POPC,131,36.02539825439453,198.5423583984375,93.24240112304688
1428,cut1,1428,POPC,132,72.90068054199219,201.22756958007812,48.85682678222656
1428,cut1,1428,POPC,133,94.11428833007812,144.8725128173828,51.304931640625
1428,cut1,1428,POPC,134,105.75686645507812,39.755252838134766,95.97274017333984
1428,cut1,1428,POPC,135,183.578369140625,142.4037628173828,99.62229919433594
1428,cut1,1428,POPC,136,165.73524475097656,82.78126525878906,94.76813507080078
1428,cut1,1428,POPC,137,36.245201110839844,156.9047088623047,81.17230987548828
1428,cut1,1428,POPC,138,85.96533203125,73.53173065185547,84.44264221191406
1428,cut1,1428,POPC,139,164.74192810058594,123.04638671875,95.92222595214844
1428,cut1,1428,POPC,140,102.63823699951172,153.5173797607422,75.80950927734375
1428,cut1,1428,POPC,141,190.77871704101562,123.76732635498047,98.11174011230469
1428,cut1,1428,POPC,142,193.449951171875,172.103515625,93.27763366699219
1428,cut1,1428,POPC,143,47.696098327636726,107.29199981689453,86.6570053100586
1428,cut1,1428,POPC,144,84.06954193115234,202.677490234375,91.6341552734375
1428,cut1,1428,POPC,145,142.59951782226562,149.62306213378906,82.90668487548828
1428,cut1,1428,POPC,146,115.00982666015625,192.0728302001953,81.51470184326172
1428,cut1,1428,POPC,147,38.945770263671875,211.82957458496094,99.77494812011719
1428,cut1,1428,POPC,148,148.11695861816406,115.99129486083984,89.14542388916016
1428,cut1,1428,POPC,149,13.29376220703125,35.133087158203125,97.58485412597656
1428,cut1,1428,POPC,150,37.742149353027344,182.32862854003906,86.96222686767578
1428,cut1,1428,POPC,151,117.22660064697266,81.6694564819336,77.50887298583984
1428,cut1,1428,POPC,152,185.61236572265625,121.24740600585938,98.82645416259766
1428,cut1,1428,POPC,153,139.53150939941406,130.55422973632812,86.55012512207031
1428,cut1,1428,POPC,154,125.04235076904297,195.8866729736328,90.51875305175781
1428,cut1,1428,POPC,155,18.73981475830078,83.2249526977539,97.91606140136719
1428,cut1,1428,POPC,156,79.81761932373047,36.87632369995117,93.60245513916016
1428,cut1,1428,POPC,157,39.70488739013672,80.16322326660156,90.74882507324219
1428,cut1,1428,POPC,158,60.075523376464844,173.9375762939453,82.23246765136719
1428,cut1,1428,POPC,159,113.4078140258789,96.34977722167969,77.19707489013672
1428,cut1,1428,POPC,160,106.24808502197266,45.61503219604492,88.9255599975586
1428,cut1,1428,POPC,161,66.65353393554688,144.90509033203125,77.0224380493164
1428,cut1,1428,POPC,162,171.3603057861328,195.00726318359378,99.15913391113281
1428,cut1,1428,POPC,163,62.31423568725586,214.6147918701172,95.0367202758789
1428,cut1,1428,POPC,164,97.08580780029297,23.20659828186035,103.39108276367188
1428,cut1,1428,POPC,165,191.17861938476562,37.85824966430664,97.9941635131836
1428,cut1,1428,POPC,166,60.53504943847656,187.3010711669922,85.0569839477539
1428,cut1,1428,POPC,167,66.89299774169922,196.2177734375,88.23179626464844
1428,cut1,1428,POPC,168,31.649520874023438,92.59770202636719,97.0203628540039
1428,cut1,1428,POPC,169,171.09463500976565,176.66644287109375,99.45710754394531
1428,cut1,1428,POPC,170,172.8424530029297,12.044069290161133,103.33560180664062
1428,cut1,1428,POPC,171,91.22445678710938,29.549142837524414,100.40990447998047
1428,cut1,1428,POPC,172,144.6516571044922,157.91929626464844,87.43245697021484
1428,cut1,1428,POPC,173,-0.08230587840080261,89.94185638427734,99.26728057861328
1428,cut1,1428,POPC,174,161.08441162109375,198.68186950683594,95.36238861083984
1428,cut1,1428,POPC,175,72.04138946533203,101.69544982910156,87.30133819580078
1428,cut1,1428,POPC,176,191.79920959472656,66.23970031738281,98.32453918457031
1428,cut1,1428,POPC,177,143.4434051513672,4.589611053466797,101.65270233154297
1428,cut1,1428,POPC,178,174.01730346679688,225.36358642578125,101.19265747070312
1428,cut1,1428,POPC,179,38.045806884765625,240.6027374267578,99.38316345214844
1428,cut1,1428,POPC,180,28.976585388183594,78.56820678710938,95.4249267578125
1428,cut1,1428,POPC,181,41.00227355957031,38.274436950683594,99.10799407958984
1428,cut1,1428,POPC,182,121.19611358642578,156.15625,78.4675521850586
1428,cut1,1428,POPC,183,113.3900146484375,106.46958923339844,81.44432830810547
1428,cut1,1428,POPC,184,133.28533935546875,200.2848663330078,87.88188171386719
1428,cut1,1428,POPC,185,97.46703338623047,130.29783630371094,82.60985565185547
1428,cut1,1428,POPC,186,191.05889892578125,26.069108963012695,98.58473205566406
1428,cut1,1428,POPC,187,145.13821411132812,11.688695907592773,100.97533416748047
1428,cut1,1428,POPC,188,27.410125732421875,44.83115768432617,95.46150207519531
1428,cut1,1428,POPC,189,43.822288513183594,244.2127685546875,100.6795425415039
1428,cut1,1428,POPC,190,130.52415466308594,90.283203125,75.60794067382812
1428,cut1,1428,POPC,191,31.14264678955078,9.32087516784668,58.55797195434571
1428,cut1,1428,POPC,192,79.72562408447266,44.3707160949707,94.57833099365234
1428,cut1,1428,POPC,193,145.51573181152344,242.29248046875,99.86939239501953
1428,cut1,1428,POPC,194,12.115455627441406,84.85114288330078,99.5648422241211
1428,cut1,1428,POPC,195,157.9158172607422,98.96488189697266,92.91290283203125
1428,cut1,1428,POPC,196,35.66337585449219,236.84881591796875,95.47928619384766
1428,cut1,1428,POPC,197,51.7767333984375,23.265405654907227,100.67217254638672
1428,cut1,1428,POPC,198,35.56620788574219,225.99925231933594,101.64521026611328
1428,cut1,1428,POPC,199,38.68487548828125,250.32374572753906,99.48091888427734
1428,cut1,1428,POPC,200,14.8602294921875,85.49781036376953,58.05248260498047
1428,cut1,1428,POPC,201,179.23341369628906,229.38381958007812,102.9079818725586
1428,cut1,1428,POPC,202,32.34291076660156,46.02702713012695,97.76864624023438
1428,cut1,1428,POPC,203,177.25552368164062,120.43299865722656,96.9405517578125
1428,cut1,1428,POPC,204,148.4556427001953,179.22525024414062,91.03595733642578
1428,cut1,1428,POPC,205,138.87022399902344,136.7617645263672,83.27558898925781
1428,cut1,1428,POPC,206,15.784225463867188,58.16208267211914,96.56961822509766
1428,cut1,1428,POPC,207,48.220436096191406,159.9779052734375,79.82481384277344
1428,cut1,1428,POPC,208,68.0370101928711,217.67868041992188,93.55833435058594
1428,cut1,1428,POPC,209,15.373046875,242.58636474609375,100.43745422363281
1428,cut1,1428,POPC,210,33.29029083251953,192.45848083496094,89.9491195678711
1428,cut1,1428,POPC,211,155.26087951660156,122.9610595703125,91.4084701538086
1428,cut1,1428,POPC,212,15.046783447265625,5.6720123291015625,101.59053802490234
1428,cut1,1428,POPC,213,154.4731903076172,72.94970703125,95.5849609375
1428,cut1,1428,POPC,214,179.4569091796875,171.8157196044922,101.32707214355469
1428,cut1,1428,POPC,215,181.13331604003906,4.068838119506836,101.77471923828125
1428,cut1,1428,POPC,216,94.94256591796875,35.28664779663086,99.99958801269531
1428,cut1,1428,POPC,217,149.56588745117188,146.2632293701172,93.58555603027344
1428,cut1,1428,POPC,218,153.71876525878906,216.37554931640625,88.4290542602539
1428,cut1,1428,POPC,219,122.3912582397461,4.029130935668945,101.86580657958984
1428,cut1,1428,POPC,220,32.653961181640625,238.76658630371094,102.09884643554688
1428,cut1,1428,POPC,221,173.62525939941406,154.09884643554688,100.17131805419922
1428,cut1,1428,POPC,222,61.371063232421875,67.32805633544922,95.467529296875
1428,cut1,1428,POPC,223,77.66943359375,137.76416015625,76.60109710693358
1428,cut1,1428,POPC,224,88.45143127441406,88.93436431884766,81.25312042236327
1428,cut1,1428,POPC,225,182.1204071044922,233.0968017578125,106.39876556396484
1428,cut1,1428,POPC,226,27.598228454589844,136.15200805664065,80.193359375
1428,cut1,1428,POPC,227,67.1201400756836,184.49684143066406,85.2502670288086
1428,cut1,1428,POPC,228,4.638984680175781,66.76319122314453,96.24335479736328
1428,cut1,1428,POPC,229,99.2303466796875,96.99375915527344,79.4583969116211
1428,cut1,1428,POPC,230,140.8230743408203,176.38394165039062,88.85413360595703
1428,cut1,1428,POPC,231,157.12338256835938,61.59591293334961,97.72928619384766
1428,cut1,1428,POPC,232,132.21792602539062,183.60821533203125,50.2692756652832
1428,cut1,1428,POPC,233,128.1297607421875,181.54769897460938,87.08662414550781
1428,cut1,1428,POPC,234,35.46106719970703,205.1419219970703,97.51275634765625
1428,cut1,1428,POPC,235,182.18899536132812,9.407119750976562,99.00804901123047
1428,cut1,1428,POPC,236,183.31703186035156,52.387874603271484,99.06461334228516
1428,cut1,1428,POPC,237,115.16893005371094,168.95669555664065,80.71485137939453
1428,cut1,1428,POPC,238,92.4168472290039,46.89876937866211,92.59274291992188
1428,cut1,1428,POPC,239,84.65870666503906,52.05125045776367,93.49434661865234
1428,cut1,1428,POPC,240,38.125640869140625,66.48323059082031,90.83790588378906
1428,cut1,1428,POPC,241,23.08361053466797,236.95391845703125,101.26036834716797
1428,cut1,1428,POPC,242,151.0329132080078,126.35651397705078,92.53392028808594
1428,cut1,1428,POPC,243,122.02751159667969,52.86227798461914,85.85482788085938
1428,cut1,1428,POPC,244,62.77951431274414,35.406063079833984,99.402587890625
1428,cut1,1428,POPC,245,184.42575073242188,58.1682014465332,96.31700897216797
1428,cut1,1428,POPC,246,116.74505615234375,89.17274475097656,76.81201171875
1428,cut1,1428,POPC,247,15.682785034179688,27.90260887145996,55.8267707824707
1428,cut1,1428,POPC,248,46.400299072265625,83.15055847167969,88.13951873779297
1428,cut1,1428,POPC,249,82.46106719970703,82.49734497070312,83.00618743896484
1428,cut1,1428,POPC,250,177.89532470703125,76.65867614746094,97.70162200927734
1428,cut1,1428,POPC,251,97.7140884399414,61.09464645385742,82.49532318115234
1428,cut1,1428,POPC,252,137.07208251953125,106.90804290771484,77.21886444091797
1428,cut1,1428,POPC,253,83.5709457397461,242.48391723632812,102.62336730957031
1428,cut1,1428,POPC,254,76.74337005615234,227.3820037841797,101.68531036376953
1428,cut1,1428,POPC,255,120.57776641845703,186.71803283691406,86.23030853271484
1428,cut1,1428,POPC,256,8.906532287597656,49.00313186645508,93.68714141845703
1428,cut1,1428,POPC,257,132.1489715576172,247.15948486328125,99.55464935302734
1428,cut1,1428,POPC,258,43.03308868408203,69.7396240234375,86.30856323242188
1428,cut1,1428,POPC,259,46.91265106201172,149.43190002441406,77.69013977050781
1428,cut1,1428,POPC,260,127.36561584472656,81.70072174072266,80.8448257446289
1428,cut1,1428,POPC,261,183.6997528076172,24.237642288208008,99.49105834960938
1428,cut1,1428,POPC,262,77.4911117553711,23.424875259399414,100.28438568115234
1428,cut1,1428,POPC,263,70.82542419433594,93.56891632080078,83.07464599609375
1428,cut1,1428,POPC,264,35.158226013183594,77.23043823242188,92.08450317382812
1428,cut1,1428,POPC,265,174.03602600097656,167.82705688476562,99.31055450439453
1428,cut1,1428,POPC,266,116.18145751953125,246.4157257080078,105.3499984741211
1428,cut1,1428,POPC,267,137.1868896484375,154.99652099609375,84.40760040283203
1428,cut1,1428,POPC,268,109.17236328125,197.3513641357422,79.7790756225586
1428,cut1,1428,POPC,269,164.3901824951172,27.87974739074707,104.91876220703125
1428,cut1,1428,POPC,270,60.276485443115234,230.49252319335938,98.50532531738281
1428,cut1,1428,POPC,271,10.691497802734375,200.91888427734375,99.28762817382812
1428,cut1,1428,POPC,272,108.8019027709961,5.220256805419922,103.25776672363281
1428,cut1,1428,POPC,273,70.21823120117188,31.93349266052246,98.59685516357422
1428,cut1,1428,POPC,274,154.1687469482422,94.64738464355469,90.5134506225586
1428,cut1,1428,POPC,275,14.566787719726564,116.63931274414062,95.95999908447266
1428,cut1,1428,POPC,276,15.300544738769531,252.22857666015625,68.24140167236328
1428,cut1,1428,POPC,277,100.16666412353516,80.61044311523438,81.30956268310547
1428,cut1,1428,POPC,278,7.1171722412109375,70.48419952392578,100.12715911865234
1428,cut1,1428,POPC,279,162.5364990234375,247.12734985351562,104.62323760986328
1428,cut1,1428,POPC,280,45.35753631591797,101.68148040771484,86.27670288085938
1428,cut1,1428,POPC,281,162.5728302001953,142.40187072753906,98.44210052490234
1428,cut1,1428,POPC,282,91.18426513671875,104.76998138427734,82.61616516113281
1428,cut1,1428,POPC,283,89.19499206542969,195.96429443359375,84.34038543701172
1428,cut1,1428,POPC,284,117.12127685546875,134.31729125976562,78.49334716796875
1428,cut1,1428,POPC,285,170.366455078125,66.62873077392578,96.5168685913086
1428,cut1,1428,POPC,286,178.16929626464844,192.04934692382812,97.63273620605469
1428,cut1,1428,POPC,287,64.5151596069336,136.5775909423828,71.61394500732422
1428,cut1,1428,POPC,288,64.70990753173828,8.26042366027832,103.46432495117188
1428,cut1,1428,POPC,289,33.049957275390625,51.832698822021484,94.93242645263673
1428,cut1,1428,POPC,290,86.7177505493164,236.46080017089844,102.452392578125
1428,cut1,1428,POPC,291,177.50540161132812,219.408447265625,102.09715270996094
1428,cut1,1428,POPC,292,41.52115631103515,186.88504028320312,89.72018432617188
1428,cut1,1428,POPC,293,24.929603576660156,242.79087829589844,102.31774139404297
1428,cut1,1428,POPC,294,7.1915435791015625,251.64596557617188,99.16524505615234
1428,cut1,1428,POPC,295,126.56316375732422,82.56962585449219,44.92444610595703
1428,cut1,1428,POPC,296,75.45116424560547,247.54449462890625,102.0963363647461
1428,cut1,1428,POPC,297,170.1725311279297,102.49469757080078,97.1664047241211
1428,cut1,1428,POPC,298,113.48758697509766,186.20050048828125,79.5943603515625
1428,cut1,1428,POPC,299,56.555152893066406,109.8866195678711,81.01739501953125
1428,cut1,1428,POPC,300,187.60183715820312,0.3508148193359375,101.44609069824219
1428,cut1,1428,POPC,301,21.842056274414062,198.21170043945312,100.16650390625
1428,cut1,1428,POPC,302,56.784690856933594,84.57833099365234,84.71946716308594
1428,cut1,1428,POPC,303,41.63866424560547,193.37783813476562,92.36548614501953
1428,cut1,1428,POPC,304,132.7334747314453,75.27920532226561,78.665283203125
1428,cut1,1428,POPC,305,30.871253967285156,153.37973022460938,81.76806640625
1428,cut1,1428,POPC,306,24.38459014892578,85.53717041015625,95.78761291503906
1428,cut1,1428,POPC,307,40.157745361328125,167.25833129882812,83.58927154541016
1428,cut1,1428,POPC,308,136.17657470703125,24.306859970092773,98.58920288085938
1428,cut1,1428,POPC,309,88.86837768554688,37.505592346191406,96.19381713867188
1428,cut1,1428,POPC,310,60.528221130371094,168.47442626953125,80.89623260498047
1428,cut1,1428,POPC,311,180.4766387939453,41.88955307006836,101.3367919921875
1428,cut1,1428,POPC,312,51.502464294433594,14.816789627075195,100.73453521728516
1428,cut1,1428,POPC,313,157.419677734375,109.86335754394531,92.79045104980469
1428,cut1,1428,POPC,314,53.572059631347656,162.4491424560547,80.09251403808594
1428,cut1,1428,POPC,315,179.15240478515625,210.11663818359375,96.58251953125
1428,cut1,1428,POPC,316,165.37452697753906,35.75022506713867,100.91322326660156
1428,cut1,1428,POPC,317,85.55252075195312,216.54273986816406,97.84980010986328
1428,cut1,1428,POPC,318,17.13257598876953,11.567508697509766,98.5694580078125
1428,cut1,1428,POPC,319,23.176536560058594,144.1042022705078,81.65066528320312
1428,cut1,1428,POPC,320,60.76038360595703,207.70138549804688,96.03223419189453
1428,cut1,1428,POPC,321,3.1877288818359375,239.62391662597656,102.52033996582031
1428,cut1,1428,POPC,322,124.25078582763672,90.67254638671875,74.74230194091797
1428,cut1,1428,POPC,323,170.31329345703125,129.9903564453125,96.6746597290039
1428,cut1,1428,POPC,324,187.89752197265625,79.95481872558594,99.9300537109375
1428,cut1,1428,POPC,325,136.18865966796875,13.899763107299805,100.42998504638672
1428,cut1,1428,POPC,326,113.03863525390625,48.19211959838867,88.17591857910156
1428,cut1,1428,POPC,327,129.57339477539062,22.774320602416992,98.90763092041016
1428,cut1,1428,POPC,328,14.704002380371094,28.546335220336914,99.54579162597656
1428,cut1,1428,POPC,329,51.51923370361328,99.7313232421875,86.4903335571289
1428,cut1,1428,POPC,330,34.396682739257805,3.3606929779052734,101.67208099365234
1428,cut1,1428,POPC,331,141.8351593017578,190.9825897216797,89.13252258300781
1428,cut1,1428,POPC,332,102.65943145751953,18.089841842651367,105.51555633544922
1428,cut1,1428,POPC,333,185.5027313232422,109.34828186035156,96.6009292602539
1428,cut1,1428,POPC,334,180.6194610595703,99.20052337646484,99.60012817382812
1428,cut1,1428,POPC,335,3.4436874389648438,19.409395217895508,99.8669204711914
1428,cut1,1428,POPC,336,53.002891540527344,155.15744018554688,76.85445404052734
1428,cut1,1428,POPC,337,151.70159912109375,169.2326202392578,96.08585357666016
1428,cut1,1428,POPC,338,9.925125122070312,92.29289245605469,98.03314208984375
1428,cut1,1428,POPC,339,104.28023529052734,69.12078857421875,79.063232421875
1428,cut1,1428,POPC,340,158.345947265625,4.233297348022461,105.40995788574219
1428,cut1,1428,POPC,341,142.77806091308594,196.62503051757812,87.76385498046874
1428,cut1,1428,POPC,342,27.339393615722656,14.771039962768555,98.858154296875
1428,cut1,1428,POPC,343,3.1466903686523438,216.49888610839844,96.49613952636719
1428,cut1,1428,POPC,344,106.84796142578125,51.20771408081055,86.62354278564453
1428,cut1,1428,POPC,345,144.0627899169922,139.7479705810547,92.74436950683594
1428,cut1,1428,POPC,346,161.701416015625,91.03705596923828,94.0482177734375
1428,cut1,1428,POPC,347,183.51011657714844,192.03085327148438,64.14993286132812
1428,cut1,1428,POPC,348,130.19309997558594,69.87517547607422,81.18932342529297
1428,cut1,1428,POPC,349,171.4690399169922,43.74837875366211,100.341796875
1428,cut1,1428,POPC,350,140.4922637939453,117.73226165771484,83.4211654663086
1428,cut1,1428,POPC,351,33.618934631347656,171.88839721679688,87.25617218017578
1428,cut1,1428,POPC,352,5.278480529785156,36.155643463134766,98.43553161621094
1428,cut1,1428,POPC,353,171.83042907714844,230.82022094726562,101.48601531982422
1428,cut1,1428,POPC,354,35.63232421875,103.00184631347656,93.89661407470703
1428,cut1,1428,POPC,355,70.86298370361328,139.641357421875,76.77607727050781
1428,cut1,1428,POPC,356,91.34952545166016,222.05844116210938,100.98934173583984
1428,cut1,1428,POPC,357,189.6262664794922,71.96793365478516,98.61297607421875
1428,cut1,1428,POPC,358,61.61622619628906,191.50123596191406,89.39380645751953
1428,cut1,1428,POPC,359,131.5999755859375,214.8745880126953,87.5618896484375
1428,cut1,1428,POPC,360,187.19302368164062,219.2695770263672,100.0406265258789
1428,cut1,1428,POPC,361,31.122764587402344,185.01527404785156,91.97693634033203
1428,cut1,1428,POPC,362,90.65797424316406,243.87086486816406,101.94755554199219
1428,cut1,1428,POPC,363,129.43983459472656,133.47718811035156,82.51932525634766
1428,cut1,1428,POPC,364,40.194190979003906,148.5234832763672,79.40776824951172
1428,cut1,1428,POPC,365,79.97943878173828,71.39273071289062,89.7151870727539
1428,cut1,1428,POPC,366,97.07683563232422,102.2972412109375,78.9788818359375
1428,cut1,1428,POPC,367,130.2654571533203,163.6558837890625,86.3319320678711
1428,cut1,1428,POPC,368,178.4490509033203,68.6400146484375,96.85404968261719
1428,cut1,1428,POPC,369,119.77149963378906,11.873758316040039,103.57638549804688
1428,cut1,1428,POPC,370,151.50714111328125,162.72767639160156,93.43376159667969
1428,cut1,1428,POPC,371,63.261878967285156,159.12954711914062,81.06916046142578
1428,cut1,1428,POPC,372,4.2391357421875,222.78759765625,98.00856018066406
1428,cut1,1428,POPC,373,46.87140655517578,214.1861114501953,99.40116882324219
1428,cut1,1428,POPC,374,3.4933624267578125,30.250246047973633,99.01239776611328
1428,cut1,1428,POPC,375,67.98284912109375,224.87957763671875,99.79679870605469
1428,cut1,1428,POPC,376,41.66302490234375,101.3515853881836,90.83361053466797
1428,cut1,1428,POPC,377,113.16667175292969,21.703245162963867,100.62649536132812
1428,cut1,1428,POPC,378,103.40431213378905,113.1673583984375,75.61283111572266
1428,cut1,1428,POPC,379,8.250282287597656,43.050010681152344,95.67262268066406
1428,cut1,1428,POPC,380,55.45008850097656,104.25044250488281,86.1693344116211
1428,cut1,1428,POPC,381,39.579689025878906,7.229166030883788,97.89403533935547
1428,cut1,1428,POPC,382,32.401084899902344,162.40524291992188,82.31510925292969
1428,cut1,1428,POPC,383,148.15264892578125,40.96370315551758,99.62115478515625
1428,cut1,1428,POPC,384,22.129043579101562,153.21206665039062,82.13130187988281
1428,cut1,1428,POPC,385,148.5593719482422,191.7986602783203,91.60428619384766
1428,cut1,1428,POPC,386,89.46733093261719,250.41836547851562,101.29232788085938
1428,cut1,1428,POPC,387,76.42955780029297,33.40503692626953,97.00868225097656
1428,cut1,1428,POPC,388,74.81267547607422,150.70347595214844,85.77912139892578
1428,cut1,1428,POPC,389,162.68844604492188,59.278202056884766,98.54142761230467
1428,cut1,1428,POPC,390,182.30079650878906,129.06478881835938,98.89183044433594
1428,cut1,1428,POPC,391,163.7933349609375,19.4146785736084,103.54302978515625
1428,cut1,1428,POPC,392,88.0728759765625,144.13906860351562,85.83097076416016
1428,cut1,1428,POPC,393,194.73260498046878,211.3365020751953,99.71400451660156
1428,cut1,1428,POPC,394,35.515037536621094,14.794889450073242,96.21465301513672
1428,cut1,1428,POPC,395,187.23326110839844,156.7692108154297,60.78987121582031
1428,cut1,1428,POPC,396,69.0914535522461,168.36831665039062,83.46764373779297
1428,cut1,1428,POPC,397,1.291259765625,59.495975494384766,95.51370239257812
1428,cut1,1428,POPC,398,131.1711883544922,138.18724060058594,80.60552215576172
1428,cut1,1428,POPC,399,2.8259506225585938,104.85252380371094,97.28179931640625
1428,cut1,1428,POPC,400,96.91510009765625,85.3619155883789,83.3531723022461
1428,cut1,1428,POPC,401,168.08985900878906,171.56976318359378,96.67923736572266
1428,cut1,1428,POPC,402,96.95130157470703,56.24606704711914,85.8371353149414
1428,cut1,1428,POPC,403,141.01907348632812,107.89002227783203,80.56751251220703
1428,cut1,1428,POPC,404,126.23949432373047,162.88450622558594,82.02677154541016
1428,cut1,1428,POPC,405,57.314796447753906,239.55201721191406,99.36566925048828
1428,cut1,1428,POPC,406,19.26793670654297,185.6006622314453,93.64340209960938
1428,cut1,1428,POPC,407,157.37185668945312,186.7521209716797,96.68814086914064
1428,cut1,1428,POPC,408,142.13807678222656,21.132543563842773,99.21964263916016
1428,cut1,1428,POPC,409,44.44512939453125,231.13876342773435,101.47605895996094
1428,cut1,1428,POPC,410,79.05599212646484,169.3550567626953,81.68143463134766
1428,cut1,1428,POPC,411,83.77545928955078,15.690973281860352,99.4632339477539
1428,cut1,1428,POPC,412,59.492271423339844,76.75603485107422,88.76511383056642
1428,cut1,1428,POPC,413,167.08445739746094,94.57396697998047,96.6983642578125
1428,cut1,1428,POPC,414,192.87197875976562,96.00398254394531,98.45181274414062
1428,cut1,1428,POPC,415,161.28176879882812,9.150922775268555,102.4169921875
1428,cut1,1428,POPC,416,105.88384246826172,241.25796508789062,102.78516387939453
1428,cut1,1428,POPC,417,27.197837829589844,192.06590270996094,94.31898498535156
1428,cut1,1428,POPC,418,115.91190338134766,17.152761459350586,101.27313995361328
1428,cut1,1428,POPC,419,85.62447357177734,42.535362243652344,93.13948822021484
1428,cut1,1428,POPC,420,10.689201354980469,77.37542724609375,99.89395141601562
1428,cut1,1428,POPC,421,88.0732650756836,137.4784698486328,80.73831939697266
1428,cut1,1428,POPC,422,65.50917053222656,13.756540298461914,102.88473510742188
1428,cut1,1428,POPC,423,166.9302215576172,243.64736938476562,105.4637222290039
1428,cut1,1428,POPC,424,103.55490112304688,102.80130004882812,77.92225646972656
1428,cut1,1428,POPC,425,176.15863037109375,88.53865051269531,99.12151336669922
1428,cut1,1428,POPC,426,28.037612915039062,177.9484100341797,87.12681579589844
1428,cut1,1428,POPC,427,64.75467681884766,237.60025024414062,101.3756332397461
1428,cut1,1428,POPC,428,165.6811065673828,137.73707580566406,101.83358764648438
1428,cut1,1428,POPC,429,131.86578369140625,152.26324462890625,86.35513305664062
1428,cut1,1428,POPC,430,72.97373962402344,69.44834899902344,93.48863220214844
1428,cut1,1428,POPC,431,23.026412963867188,60.944759368896484,95.63232421875
1428,cut1,1428,POPC,432,170.0011749267578,201.19833374023438,101.58390808105469
1428,cut1,1428,POPC,433,190.01841735839844,135.99449157714844,99.77705383300781
1428,cut1,1428,POPC,434,14.3946533203125,103.66343688964844,97.18376922607422
1428,cut1,1428,POPC,435,139.20709228515625,122.6229476928711,81.71916961669923
1428,cut1,1428,POPC,436,174.6271514892578,97.18573760986328,98.4029769897461
1428,cut1,1428,POPC,437,77.66522979736328,76.18586730957031,87.59204864501953
1428,cut1,1428,POPC,438,39.0955810546875,53.1025505065918,96.69547271728516
1428,cut1,1428,POPC,439,54.83319091796875,28.978063583374023,100.22019958496094
1428,cut1,1428,POPC,440,13.418365478515625,233.5253448486328,102.49231719970703
1428,cut1,1428,POPC,441,37.84906005859375,28.114465713500977,99.70479583740234
1428,cut1,1428,POPC,442,155.612548828125,195.74082946777344,91.87127685546875
1428,cut1,1428,POPC,443,136.56668090820312,144.76194763183594,81.74170684814453
1428,cut1,1428,POPC,444,194.75912475585938,5.331489562988281,97.88880920410156
1428,cut1,1428,POPC,445,170.31248474121094,27.13836097717285,103.43421173095703
1428,cut1,1428,POPC,446,132.05081176757812,125.46751403808594,81.61215209960938
1428,cut1,1428,POPC,447,99.7299575805664,191.95037841796875,76.96095275878906
1428,cut1,1428,POPC,448,142.2843017578125,40.999725341796875,96.30839538574219
1428,cut1,1428,POPC,449,172.54981994628906,116.66564178466797,96.32316589355469
1428,cut1,1428,POPC,450,67.14984130859375,99.73657989501953,83.06439971923828
1428,cut1,1428,POPC,451,117.39289855957031,148.6400909423828,79.0677261352539
1428,cut1,1428,POPC,452,158.61378479003906,148.47669982910156,98.04547119140625
1428,cut1,1428,POPC,453,159.00994873046875,166.5577850341797,97.80915832519531
1428,cut1,1428,POPC,454,73.49848175048828,158.82196044921875,84.61587524414061
1428,cut1,1428,POPC,455,16.90929412841797,93.43639373779297,94.64981079101562
1428,cut1,1428,POPC,456,55.566375732421875,9.934976577758789,102.02201080322266
1428,cut1,1428,POPC,457,66.11061096191406,173.73997497558594,82.53411102294922
1428,cut1,1428,POPC,458,98.35513305664062,115.01380920410156,83.37740325927734
1428,cut1,1428,POPC,459,170.45343017578125,141.4167022705078,99.54634094238281
1428,cut1,1428,POPC,460,91.29462432861328,66.27451324462892,85.19462585449219
1428,cut1,1428,POPC,461,70.0514907836914,41.548828125,100.67361450195312
1428,cut1,1428,POPC,462,13.622314453125,182.55361938476562,91.89775085449219
1428,cut1,1428,POPC,463,10.982505798339844,247.48776245117188,102.71851348876953
1428,cut1,1428,POPC,464,64.43122863769531,249.7809600830078,103.78372192382812
1428,cut1,1428,POPC,465,173.6524200439453,5.152120590209961,105.1304931640625
1428,cut1,1428,POPC,466,46.068763732910156,30.65448570251465,99.43840789794922
1428,cut1,1428,POPC,467,94.3870620727539,216.34556579589844,61.112335205078125
1428,cut1,1428,POPC,468,29.051681518554688,55.384334564208984,96.3211669921875
1428,cut1,1428,POPC,469,60.98759078979492,105.65438079833984,82.93450164794922
1428,cut1,1428,POPC,470,32.98400115966797,8.701663970947266,98.19488525390625
1428,cut1,1428,POPC,471,62.48149108886719,253.71517944335938,56.843902587890625
1428,cut1,1428,POPC,472,133.7081298828125,192.3130340576172,89.7342529296875
1428,cut1,1428,POPC,473,184.50392150878906,177.5329132080078,100.71883392333984
1428,cut1,1428,POPC,474,165.20623779296875,186.40048217773438,96.30069732666016
1428,cut1,1428,POPC,475,140.92178344726562,182.2880401611328,90.41764068603516
1428,cut1,1428,POPC,476,161.4927215576172,43.70026779174805,98.56486511230469
1428,cut1,1428,POPC,477,70.3185043334961,192.450927734375,84.56177520751953
1428,cut1,1428,POPC,478,160.03993225097656,105.52778625488281,95.2724838256836
1428,cut1,1428,POPC,479,4.544868469238281,82.17105102539062,95.68745422363281
1428,cut1,1428,POPC,480,175.9408721923828,62.611148834228516,97.38953399658203
1428,cut1,1428,POPC,481,111.62311553955078,10.398550033569336,103.3941421508789
1428,cut1,1428,POPC,482,90.31389617919922,119.97078704833984,85.91570281982422
1428,cut1,1428,POPC,483,43.09156036376953,225.2189178466797,99.83773803710938
1428,cut1,1428,POPC,484,88.12804412841797,95.40664672851562,86.88124084472656
1428,cut1,1428,POPC,485,68.3928451538086,80.0573959350586,87.98468780517578
1428,cut1,1428,POPC,486,75.794921875,215.68128967285156,93.8487777709961
1428,cut1,1428,POPC,487,151.94552612304688,30.044767379760742,99.92227935791016
1428,cut1,1428,POPC,488,157.86053466796875,203.98953247070312,91.70696258544922
1428,cut1,1428,POPC,489,133.4537811279297,169.87457275390625,89.01756286621094
1428,cut1,1428,POPC,490,71.13948822021484,178.09280395507812,82.9530029296875
1428,cut1,1428,POPC,491,23.76020050048828,109.39066314697266,96.96511840820312
1428,cut1,1428,POPC,492,175.9224395751953,134.9011993408203,100.428955078125
1428,cut1,1428,POPC,493,74.32046508789062,15.87645149230957,98.4725570678711
1428,cut1,1428,POPC,494,20.753921508789062,38.72499084472656,94.67636108398438
1428,cut1,1428,POPC,495,70.3877944946289,206.91851806640625,89.69126892089844
1428,cut1,1428,POPC,496,102.91619873046875,33.26901626586914,100.07189178466797
1428,cut1,1428,POPC,497,35.353477478027344,142.2591094970703,80.49696350097656
1428,cut1,1428,POPC,498,122.7625732421875,142.39947509765625,83.78833770751953
1428,cut1,1428,POPC,499,109.66243743896484,139.8767852783203,80.31200408935547
1428,cut1,1428,POPC,500,100.04947662353516,49.0827751159668,90.5041275024414
1428,cut1,1428,POPC,501,60.97491455078125,148.22898864746094,76.87723541259766
1428,cut1,1428,POPC,502,41.82567596435547,142.75399780273438,77.2257308959961
1428,cut1,1428,POPC,503,21.42980194091797,53.55478286743164,95.81259155273438
1428,cut1,1428,POPC,504,43.71186065673828,136.8845977783203,74.46900177001953
1428,cut1,1428,POPC,505,82.98384094238283,230.593994140625,101.09368133544922
1428,cut1,1428,POPC,506,18.277854919433594,22.446439743041992,100.45101928710938
1428,cut1,1428,POPC,507,97.41007232666017,39.683956146240234,96.33142852783203
1428,cut1,1428,POPC,508,82.63909912109375,196.28419494628906,84.74730682373047
1428,cut1,1428,POPC,509,117.42053985595703,180.93870544433594,84.4476547241211
1428,cut1,1428,POPC,510,178.5979766845703,184.16590881347656,102.96324920654297
1428,cut1,1428,POPC,511,102.40338134765625,59.6103630065918,50.77688217163086
1428,cut1,1428,POPC,512,122.03993225097656,76.14512634277344,80.98091125488281
1428,cut1,1428,POPC,513,109.84075927734375,88.75120544433594,79.11333465576172
1428,cut1,1428,POPC,514,183.5732421875,37.23160171508789,99.08016204833984
1428,cut1,1428,POPC,515,120.31559753417969,20.341005325317383,101.70026397705078
1428,cut1,1428,POPC,516,80.1104507446289,56.29445266723633,94.5144271850586
1428,cut1,1428,POPC,517,54.46556091308594,209.8943328857422,95.029541015625
1428,cut1,1428,POPC,518,57.22742462158203,136.5628204345703,69.85572814941406
1428,cut1,1428,POPC,519,115.80432891845703,73.69937133789062,80.60853576660156
1428,cut1,1428,POPC,520,75.18889617919922,61.72269821166992,99.76444244384766
1428,cut1,1428,POPC,521,46.1449966430664,52.15835952758789,93.33804321289062
1428,cut1,1428,POPC,522,8.975082397460938,113.00218963623047,98.77761840820312
1428,cut1,1428,POPC,523,160.1832275390625,178.2235870361328,96.56719970703125
1428,cut1,1428,POPC,524,18.722885131835938,212.2160186767578,101.38804626464845
1428,cut1,1428,POPC,525,95.12921905517578,215.01220703125,99.67527770996094
1428,cut1,1428,POPC,526,36.86619567871094,90.42733764648438,90.29985046386719
1428,cut1,1428,POPC,527,179.82322692871094,29.91862678527832,101.19612121582031
1428,cut1,1428,POPC,528,54.965789794921875,36.491455078125,99.51322174072264
1428,cut1,1428,POPC,529,6.585479736328125,9.716592788696289,97.74767303466798
1428,cut1,1428,POPC,530,192.10791015625,226.269775390625,101.00272369384766
1428,cut1,1428,POPC,531,49.34196472167969,187.7639617919922,90.9984130859375
1428,cut1,1428,POPC,532,1.7454147338867188,114.03060150146484,96.10442352294922
1428,cut1,1428,POPC,533,9.772544860839844,61.28358840942383,96.34161376953125
1428,cut1,1428,POPC,534,143.42892456054688,208.32644653320312,91.68531036376953
1428,cut1,1428,POPC,535,182.01319885253906,239.60731506347656,103.74016571044922
1428,cut1,1428,POPC,536,63.01360321044922,113.62110137939453,80.17420959472656
1428,cut1,1428,POPC,537,145.5133819580078,128.2391357421875,89.41801452636719
1428,cut1,1428,POPC,538,20.810859680175778,97.05809020996094,96.40234375
1428,cut1,1428,POPC,539,142.78436279296875,219.56466674804688,90.65364837646484
1428,cut1,1428,POPC,540,51.298851013183594,230.8094482421875,99.84221649169922
1428,cut1,1428,POPC,541,175.50164794921875,37.344451904296875,100.19203186035156
1428,cut1,1428,POPC,542,155.90716552734375,245.2707061767578,105.11251831054688
1428,cut1,1428,POPC,543,18.523406982421875,193.38143920898438,101.66088104248047
1428,cut1,1428,POPC,544,61.26025772094727,42.44895935058594,98.4224624633789
1428,cut1,1428,POPC,545,21.695716857910156,75.04702758789062,97.17342376708984
1428,cut1,1428,POPC,546,165.80960083007812,165.6060791015625,98.74418640136719
1428,cut1,1428,POPC,547,20.386764526367188,33.94035339355469,98.30457305908203
1428,cut1,1428,POPC,548,24.857460021972656,28.454736709594727,97.05424499511719
1428,cut1,1428,POPC,549,58.16577911376953,154.9871826171875,78.08361053466797
1428,cut1,1428,POPC,550,94.72492218017578,123.3683853149414,83.0683822631836
1428,cut1,1428,POPC,551,69.57515716552734,87.9408187866211,83.82209777832031
1428,cut1,1428,POPC,552,164.79452514648438,192.8053741455078,96.0501480102539
1428,cut1,1428,POPC,553,49.845726013183594,141.67478942871094,74.0732421875
1428,cut1,1428,POPC,554,28.159263610839844,168.17448425292972,85.0618896484375
1428,cut1,1428,POPC,555,64.35224914550781,181.0792236328125,80.93476104736328
1428,cut1,1428,POPC,556,47.30455017089844,89.29061126708984,85.30696868896484
1428,cut1,1428,POPC,557,54.56752014160156,202.1593017578125,96.22123718261719
1428,cut1,1428,POPC,558,79.27821350097656,9.489801406860352,103.97763061523438
1428,cut1,1428,POPC,559,160.45367431640625,81.02766418457031,90.53068542480469
1428,cut1,1428,POPC,560,172.58203125,72.21192932128906,97.59232330322267
1428,cut1,1428,POPC,561,97.7801284790039,108.8376235961914,81.91704559326172
1428,cut1,1428,POPC,562,154.36192321777344,143.10508728027344,96.58902740478516
1428,cut1,1428,POPC,563,26.66295623779297,212.01751708984375,102.6282730102539
1428,cut1,1428,POPC,564,62.647430419921875,51.15437698364258,100.60323333740234
1428,cut1,1428,POPC,565,19.79357147216797,224.16102600097656,102.36680603027344
1428,cut1,1428,POPC,566,168.38412475585938,153.8922882080078,100.15434265136719
1428,cut1,1428,POPC,567,85.62963104248045,167.0503387451172,82.570556640625
1428,cut1,1428,POPC,568,75.35074615478516,130.8080596923828,70.80191802978516
1428,cut1,1428,POPC,569,171.54966735839844,58.10024642944336,96.49163818359375
1428,cut1,1428,POPC,570,160.9716033935547,71.99955749511719,94.07518005371094
1428,cut1,1428,POPC,571,-0.06598660349845886,11.362127304077148,98.81310272216797
1428,cut1,1428,POPC,572,128.2024688720703,156.98451232910156,82.88038635253906
1428,cut1,1428,POPC,573,43.94800567626953,121.20291900634766,45.091033935546875
1428,cut1,1428,POPC,574,83.72836303710938,30.802461624145508,96.38573455810547
1428,cut1,1428,POPC,575,186.6912384033203,102.19666290283205,95.06626892089844
1428,cut1,1428,POPC,576,143.65733337402344,169.8499298095703,86.55288696289062
1428,cut1,1428,POPC,577,32.129669189453125,65.88166046142578,90.6828842163086
1428,cut1,1428,POPC,578,171.97572326660156,181.7593994140625,98.91496276855469
1428,cut1,1428,POPC,579,136.1809539794922,161.331787109375,87.2324447631836
1428,cut1,1428,POPC,580,112.17493438720703,232.13426208496094,105.68805694580078
1428,cut1,1428,POPC,581,172.06704711914062,215.87474060058594,100.021728515625
1428,cut1,1428,POPC,582,178.213623046875,77.25664520263672,58.23085021972656
1428,cut1,1428,POPC,583,144.58871459960938,35.17948913574219,97.781005859375
1428,cut1,1428,POPC,584,151.1943817138672,132.324951171875,95.07530975341797
1428,cut1,1428,POPC,585,177.38670349121094,22.52364158630371,101.58361053466797
1428,cut1,1428,POPC,586,79.73870086669922,1.4297122955322266,100.64214324951172
1428,cut1,1428,POPC,587,24.827476501464844,180.0420379638672,91.80792236328125
1428,cut1,1428,POPC,588,61.46775817871094,143.0225372314453,73.88436889648438
1428,cut1,1428,POPC,589,57.22320556640625,86.5464859008789,45.81894302368164
1428,cut1,1428,POPC,590,79.34056854248047,207.87855529785156,92.07157897949219
1428,cut1,1428,POPC,591,192.3363037109375,246.6200408935547,99.87377166748047
1428,cut1,1428,POPC,592,47.20726776123047,200.2677001953125,95.1028060913086
1428,cut1,1428,POPC,593,145.81553649902344,202.17556762695312,87.78076171875
1428,cut1,1428,POPC,594,107.83477020263672,157.08058166503906,78.537109375
1428,cut1,1428,POPC,595,177.8518524169922,55.93818283081055,97.77005767822266
1428,cut1,1428,POPC,596,80.05989074707031,237.7054443359375,104.65666961669922
1428,cut1,1428,POPC,597,74.75464630126953,184.955810546875,82.21265411376953
1428,cut1,1428,POPC,598,18.079002380371094,168.6773681640625,86.60549926757812
1428,cut1,1428,POPC,599,151.88316345214844,62.66324996948242,96.32063293457031
1428,cut1,1428,POPC,600,51.70885467529297,250.3769989013672,100.54120635986328
1428,cut1,1428,POPC,601,96.4373779296875,67.1368637084961,79.4756088256836
1428,cut1,1428,POPC,602,78.78936767578125,201.57281494140625,87.117431640625
1428,cut1,1428,POPC,603,107.89861297607422,-1.150644302368164,104.5929183959961
1428,cut1,1428,POPC,604,62.559593200683594,222.0548858642578,95.74130249023438
1428,cut1,1428,POPC,605,56.12782287597656,55.67014694213867,97.49995422363281
1428,cut1,1428,POPC,606,44.557861328125,156.78363037109375,75.75804901123045
1428,cut1,1428,POPC,607,65.05286407470703,152.89022827148438,79.64147186279297
1428,cut1,1428,POPC,608,194.9624481201172,196.66860961914062,99.27389526367188
1428,cut1,1428,POPC,609,46.06786346435547,3.679981231689453,98.31620788574219
1428,cut1,1428,POPC,610,95.16985321044922,223.4862518310547,63.04304504394531
1428,cut1,1428,POPC,611,63.5401611328125,91.2236328125,84.81898498535156
1428,cut1,1428,POPC,612,40.517784118652344,19.688966751098633,98.9023208618164
1428,cut1,1428,POPC,613,52.320098876953125,168.05372619628906,82.90596771240234
1428,cut1,1428,POPC,614,181.59629821777344,17.6713809967041,99.93155670166016
1428,cut1,1428,POPC,615,13.400764465332031,228.1978759765625,102.32344818115234
1428,cut1,1428,POPC,616,55.17755126953125,128.02670288085938,70.96533966064453
1428,cut1,1428,POPC,617,69.75907135009766,245.45724487304688,101.39421844482422
1428,cut1,1428,POPC,618,91.40835571289062,207.37063598632812,97.86956024169922
1428,cut1,1428,POPC,619,15.217208862304688,43.34090042114258,94.9854507446289
1428,cut1,1428,POPC,620,186.70452880859375,210.31736755371094,101.53564453125
1428,cut1,1428,POPC,621,107.97705841064453,106.236083984375,77.92340850830078
1428,cut1,1428,POPC,622,122.7268295288086,129.39102172851562,78.07926940917969
1428,cut1,1428,POPC,623,102.90753173828125,136.34376525878906,83.65019989013672
1428,cut1,1428,POPC,624,120.1881332397461,103.12533569335938,38.508575439453125
1428,cut1,1428,POPC,625,50.59166717529297,72.89767456054688,50.71989059448242
1428,cut1,1428,POPC,626,74.7981948852539,185.93167114257812,40.90640640258789
1428,cut1,1428,POPC,627,174.2285614013672,170.72866821289062,57.55044937133789
1428,cut1,1428,POPC,628,55.326507568359375,74.9591064453125,49.00613021850586
1428,cut1,1428,POPC,629,173.09771728515625,82.45497131347656,55.3227653503418
1428,cut1,1428,POPC,630,142.94927978515625,20.640111923217773,62.50880432128906
1428,cut1,1428,POPC,631,143.6504669189453,204.94581604003906,50.90989303588867
1428,cut1,1428,POPC,632,112.7589340209961,179.19139099121094,44.705421447753906
1428,cut1,1428,POPC,633,153.36715698242188,33.578880310058594,61.736656188964844
1428,cut1,1428,POPC,634,154.0597686767578,38.58452606201172,58.25042724609375
1428,cut1,1428,POPC,635,39.25799560546875,245.086181640625,59.37146759033203
1428,cut1,1428,POPC,636,15.827331542968748,7.694171905517578,64.56288146972656
1428,cut1,1428,POPC,637,58.959449768066406,243.0008087158203,59.407615661621094
1428,cut1,1428,POPC,638,96.04808807373047,236.65867614746094,65.27567291259766
1428,cut1,1428,POPC,639,66.00201416015625,12.177282333374023,61.369606018066406
1428,cut1,1428,POPC,640,16.672561645507812,210.4982147216797,56.376075744628906
1428,cut1,1428,POPC,641,89.87730407714844,242.51551818847656,66.84420776367188
1428,cut1,1428,POPC,642,85.1088638305664,217.76605224609375,60.483280181884766
1428,cut1,1428,POPC,643,35.78480529785156,93.71700286865234,53.82024383544922
1428,cut1,1428,POPC,644,37.41984558105469,100.10009002685547,54.94585037231445
1428,cut1,1428,POPC,645,115.13534545898438,249.3052215576172,65.52023315429688
1428,cut1,1428,POPC,646,168.21847534179688,190.89517211914062,61.37277603149414
1428,cut1,1428,POPC,647,170.8527374267578,110.89446258544922,55.76365661621094
1428,cut1,1428,POPC,648,150.07127380371094,173.84733581542966,52.34892654418945
1428,cut1,1428,POPC,649,81.70756530761719,252.72972106933594,64.76145935058594
1428,cut1,1428,POPC,650,0.4126739799976349,183.58670043945312,63.420318603515625
1428,cut1,1428,POPC,651,151.337646484375,195.39865112304688,54.78264617919922
1428,cut1,1428,POPC,652,165.0726776123047,225.79019165039062,58.53147888183594
1428,cut1,1428,POPC,653,45.834556579589844,204.13232421875,51.02643585205078
1428,cut1,1428,POPC,654,0.3158264458179474,23.1581974029541,61.10140609741211
1428,cut1,1428,POPC,655,6.111045837402344,18.082029342651367,56.546321868896484
1428,cut1,1428,POPC,656,30.496109008789062,166.40615844726562,43.97201919555664
1428,cut1,1428,POPC,657,93.63389587402344,131.70159912109375,47.43494415283203
1428,cut1,1428,POPC,658,3.13592529296875,94.39549255371094,60.55434799194336
1428,cut1,1428,POPC,659,10.21040344238281,41.96467208862305,55.76467514038086
1428,cut1,1428,POPC,660,126.09415435791016,18.511125564575195,65.10552215576172
1428,cut1,1428,POPC,661,170.45053100585938,199.55751037597656,66.17416381835938
1428,cut1,1428,POPC,662,165.86793518066406,162.58021545410156,55.56931686401367
1428,cut1,1428,POPC,663,176.44923400878906,217.54884338378906,61.03568649291992
1428,cut1,1428,POPC,664,87.83478546142578,-1.5885086059570312,67.6728515625
1428,cut1,1428,POPC,665,173.02745056152344,185.60206604003906,61.785400390625
1428,cut1,1428,POPC,666,37.0302734375,23.885778427124023,54.237060546875
1428,cut1,1428,POPC,667,27.993423461914062,15.214059829711914,59.01291275024414
1428,cut1,1428,POPC,668,181.3603515625,48.36067581176758,55.194419860839844
1428,cut1,1428,POPC,669,168.5595703125,239.92970275878906,67.13261413574219
1428,cut1,1428,POPC,670,56.04663848876953,176.50010681152344,48.693294525146484
1428,cut1,1428,POPC,671,89.99747467041016,21.75364112854004,60.50328063964844
1428,cut1,1428,POPC,672,174.09167480468747,147.87258911132812,59.420372009277344
1428,cut1,1428,POPC,673,65.3277359008789,239.8558807373047,59.16984939575195
1428,cut1,1428,POPC,674,83.35076141357422,40.4687271118164,51.48767852783203
1428,cut1,1428,POPC,675,185.20529174804688,181.89039611816406,64.60719299316406
1428,cut1,1428,POPC,676,47.888587951660156,22.923383712768555,58.02923583984375
1428,cut1,1428,POPC,677,111.32556915283203,77.76262664794922,48.93546676635742
1428,cut1,1428,POPC,678,30.34738922119141,80.88212585449219,55.30966567993164
1428,cut1,1428,POPC,679,110.04576110839844,140.18975830078125,39.67084503173828
1428,cut1,1428,POPC,680,33.40245056152344,59.27275466918945,53.72522735595704
1428,cut1,1428,POPC,681,64.66287231445312,190.4989013671875,43.75557327270508
1428,cut1,1428,POPC,682,29.125144958496094,248.75868225097656,62.17900085449219
1428,cut1,1428,POPC,683,88.05703735351562,36.283878326416016,55.13767623901367
1428,cut1,1428,POPC,684,50.29015350341797,79.79399108886719,49.762264251708984
1428,cut1,1428,POPC,685,32.09684753417969,74.27302551269531,54.93248748779297
1428,cut1,1428,POPC,686,161.80441284179688,41.41775894165039,59.957069396972656
1428,cut1,1428,POPC,687,55.983863830566406,196.26248168945312,50.417518615722656
1428,cut1,1428,POPC,688,104.7715072631836,143.83648681640625,42.86830139160156
1428,cut1,1428,POPC,689,56.300987243652344,211.02554321289062,52.820552825927734
1428,cut1,1428,POPC,690,60.48329162597656,71.62919616699219,50.082496643066406
1428,cut1,1428,POPC,691,-2.3058624267578125,162.89096069335938,61.961090087890625
1428,cut1,1428,POPC,692,89.28485107421875,12.499292373657227,69.17845153808595
1428,cut1,1428,POPC,693,134.01837158203125,20.825613021850586,66.52470397949219
1428,cut1,1428,POPC,694,187.42730712890625,61.33572769165039,57.32487106323243
1428,cut1,1428,POPC,695,121.49755859375,13.340032577514648,65.76600646972656
1428,cut1,1428,POPC,696,139.7029266357422,195.39002990722656,59.032676696777344
1428,cut1,1428,POPC,697,7.466766357421875,68.01687622070314,51.45494842529297
1428,cut1,1428,POPC,698,79.5208511352539,67.35531616210938,56.40878677368164
1428,cut1,1428,POPC,699,23.97431182861328,74.17081451416016,56.52520751953125
1428,cut1,1428,POPC,700,83.0094223022461,239.91783142089844,63.46797180175781
1428,cut1,1428,POPC,701,27.09752655029297,242.9589385986328,61.380855560302734
1428,cut1,1428,POPC,702,87.19320678710938,204.45352172851562,49.51736831665039
1428,cut1,1428,POPC,703,41.53814697265625,44.5435905456543,54.55469512939453
1428,cut1,1428,POPC,704,6.782402038574219,186.5893096923828,96.1546859741211
1428,cut1,1428,POPC,705,44.188941955566406,86.16414642333984,53.754817962646484
1428,cut1,1428,POPC,706,186.11215209960938,40.2989501953125,54.81770706176758
1428,cut1,1428,POPC,707,29.684120178222656,87.05408477783203,55.706905364990234
1428,cut1,1428,POPC,708,84.64981079101562,78.17855834960938,54.439117431640625
1428,cut1,1428,POPC,709,177.8695526123047,3.8217029571533208,64.55912780761719
1428,cut1,1428,POPC,710,0.8158187866210938,40.514015197753906,59.56441879272461
1428,cut1,1428,POPC,711,22.187469482421875,14.008073806762695,60.023887634277344
1428,cut1,1428,POPC,712,20.42847442626953,53.03706741333008,56.98634719848633
1428,cut1,1428,POPC,713,179.29640197753906,202.9591522216797,57.63707733154297
1428,cut1,1428,POPC,714,28.774757385253906,224.45631408691406,55.713340759277344
1428,cut1,1428,POPC,715,77.8764419555664,244.850341796875,62.18250274658203
1428,cut1,1428,POPC,716,75.75434112548828,189.9179229736328,45.46782684326172
1428,cut1,1428,POPC,717,104.58784484863281,94.1490478515625,40.811859130859375
1428,cut1,1428,POPC,718,8.354576110839844,241.2574920654297,66.28097534179688
1428,cut1,1428,POPC,719,114.49278259277344,166.92929077148438,36.33502578735351
1428,cut1,1428,POPC,720,63.137062072753906,88.12920379638672,43.39046096801758
1428,cut1,1428,POPC,721,173.0679931640625,131.22528076171875,58.726810455322266
1428,cut1,1428,POPC,722,51.8502197265625,58.1757698059082,51.45764923095703
1428,cut1,1428,POPC,723,64.96858215332031,226.52658081054688,54.767765045166016
1428,cut1,1428,POPC,724,14.400718688964844,56.43735885620117,55.90285873413086
1428,cut1,1428,POPC,725,104.8528060913086,45.01121139526367,56.48331069946289
1428,cut1,1428,POPC,726,38.18385314941406,9.752586364746094,60.584686279296875
1428,cut1,1428,POPC,727,172.2216033935547,224.944580078125,60.87339782714844
1428,cut1,1428,POPC,728,36.77652740478515,214.36294555664062,59.508731842041016
1428,cut1,1428,POPC,729,57.82764434814453,6.040102005004883,60.62456130981445
1428,cut1,1428,POPC,730,1.1392669677734375,189.84033203125,62.67584991455078
1428,cut1,1428,POPC,731,33.711700439453125,235.4068603515625,56.816654205322266
1428,cut1,1428,POPC,732,148.4925079345703,184.16725158691406,54.07090377807617
1428,cut1,1428,POPC,733,150.68231201171875,109.49574279785156,45.08007049560547
1428,cut1,1428,POPC,734,177.17666625976562,-3.554544448852539,66.42793273925781
1428,cut1,1428,POPC,735,142.20455932617188,137.81996154785156,50.63499069213867
1428,cut1,1428,POPC,736,114.52928161621094,243.2341766357422,65.76553344726562
1428,cut1,1428,POPC,737,104.73558044433594,1.8703651428222656,69.26183319091797
1428,cut1,1428,POPC,738,186.39466857910156,90.29033660888672,59.15402603149414
1428,cut1,1428,POPC,739,63.5102424621582,199.32730102539062,48.452919006347656
1428,cut1,1428,POPC,740,43.151275634765625,197.01707458496094,48.89882278442383
1428,cut1,1428,POPC,741,109.78456115722656,71.25889587402344,47.40383529663086
1428,cut1,1428,POPC,742,169.76345825195312,233.87030029296875,64.48027801513672
1428,cut1,1428,POPC,743,69.01863098144531,98.75943756103516,45.34926223754883
1428,cut1,1428,POPC,744,108.49687194824219,20.108945846557617,63.616371154785156
1428,cut1,1428,POPC,745,177.6026153564453,37.73912048339844,55.47061538696289
1428,cut1,1428,POPC,746,183.6125640869141,35.40290069580078,58.90166473388672
1428,cut1,1428,POPC,747,34.947731018066406,221.9375457763672,59.26197814941406
1428,cut1,1428,POPC,748,146.06539916992188,189.88294982910156,57.45185089111328
1428,cut1,1428,POPC,749,102.91577911376953,232.88668823242188,61.115325927734375
1428,cut1,1428,POPC,750,54.62782287597656,145.3577880859375,36.86314010620117
1428,cut1,1428,POPC,751,23.32391357421875,108.31059265136719,56.453189849853516
1428,cut1,1428,POPC,752,154.5475311279297,145.08116149902344,58.74184799194336
1428,cut1,1428,POPC,753,166.5742645263672,82.51789855957031,55.52006149291992
1428,cut1,1428,POPC,754,183.89013671875,146.890869140625,67.42166137695312
1428,cut1,1428,POPC,755,52.15985870361328,243.00277709960938,59.41984939575195
1428,cut1,1428,POPC,756,79.83285522460938,199.936767578125,49.349124908447266
1428,cut1,1428,POPC,757,55.730079650878906,187.94308471679688,50.50859832763672
1428,cut1,1428,POPC,758,50.81121826171875,6.737203598022461,59.6748046875
1428,cut1,1428,POPC,759,17.70891571044922,228.77029418945312,60.91181564331055
1428,cut1,1428,POPC,760,172.02638244628906,117.0117416381836,58.53255081176758
1428,cut1,1428,POPC,761,142.40672302246094,182.61767578125,53.951663970947266
1428,cut1,1428,POPC,762,40.53649139404297,38.245216369628906,59.49128341674805
1428,cut1,1428,POPC,763,15.193504333496094,74.32939147949219,58.05745315551758
1428,cut1,1428,POPC,764,96.04473114013672,29.767969131469727,56.7317008972168
1428,cut1,1428,POPC,765,33.87908172607422,241.97335815429688,60.43941879272461
1428,cut1,1428,POPC,766,187.15518188476562,11.645162582397461,65.00601959228516
1428,cut1,1428,POPC,767,154.62863159179688,122.67183685302734,53.69688034057617
1428,cut1,1428,POPC,768,95.33261108398438,37.878639221191406,56.070960998535156
1428,cut1,1428,POPC,769,152.38853454589844,155.5813446044922,50.037193298339844
1428,cut1,1428,POPC,770,45.82511901855469,242.19195556640625,58.90742111206055
1428,cut1,1428,POPC,771,100.19640350341797,46.059383392333984,51.32890319824219
1428,cut1,1428,POPC,772,125.10710144042969,4.732067108154297,63.039794921875
1428,cut1,1428,POPC,773,175.5770721435547,154.17041015625,60.91960525512695
1428,cut1,1428,POPC,774,24.791473388671875,185.21894836425778,52.3301887512207
1428,cut1,1428,POPC,775,69.1222915649414,59.57699203491211,54.31101989746094
1428,cut1,1428,POPC,776,7.550224304199219,102.99676513671875,64.4488754272461
1428,cut1,1428,POPC,777,80.62633514404297,227.9811553955078,58.29653549194336
1428,cut1,1428,POPC,778,77.30516815185547,26.756925582885742,61.65181350708008
1428,cut1,1428,POPC,779,182.3484344482422,81.58377838134766,57.86236572265624
1428,cut1,1428,POPC,780,40.66883850097656,210.7401123046875,54.77116775512695
1428,cut1,1428,POPC,781,57.20405578613281,17.71427345275879,61.31040954589844
1428,cut1,1428,POPC,782,84.31549835205078,63.54092025756836,53.97287368774414
1428,cut1,1428,POPC,783,76.58197021484375,76.10831451416016,53.134944915771484
1428,cut1,1428,POPC,784,56.88957977294922,52.558170318603516,51.42489242553711
1428,cut1,1428,POPC,785,62.488075256347656,60.47856521606445,49.57355499267578
1428,cut1,1428,POPC,786,30.14488983154297,43.50300216674805,57.7270622253418
1428,cut1,1428,POPC,787,15.177299499511719,94.73263549804688,55.974449157714844
1428,cut1,1428,POPC,788,110.92583465576172,30.65645408630371,59.322811126708984
1428,cut1,1428,POPC,789,22.434608459472656,20.375207901000977,58.86730194091797
1428,cut1,1428,POPC,790,177.22337341308594,99.906494140625,55.8762321472168
1428,cut1,1428,POPC,791,61.32386779785156,95.56737518310547,42.945396423339844
1428,cut1,1428,POPC,792,177.66452026367188,182.74386596679688,65.73309326171875
1428,cut1,1428,POPC,793,167.7178497314453,31.185468673706055,60.440330505371094
1428,cut1,1428,POPC,794,18.54400634765625,47.31777572631836,56.8360481262207
1428,cut1,1428,POPC,795,120.88117218017578,177.2930450439453,45.32929992675781
1428,cut1,1428,POPC,796,160.21145629882812,56.1643180847168,55.562808990478516
1428,cut1,1428,POPC,797,43.94329833984375,-1.3709125518798828,57.20233154296875
1428,cut1,1428,POPC,798,135.23512268066406,245.1232147216797,60.70991516113281
1428,cut1,1428,POPC,799,57.03179931640625,35.15773010253906,60.16811752319336
1428,cut1,1428,POPC,800,52.733612060546875,41.132957458496094,58.640472412109375
1428,cut1,1428,POPC,801,103.59498596191406,6.860136032104492,65.80256652832031
1428,cut1,1428,POPC,802,156.1383819580078,95.54364013671875,53.87956619262695
1428,cut1,1428,POPC,803,96.5282974243164,244.8781280517578,70.03190612792969
1428,cut1,1428,POPC,804,112.81161499023438,228.1382598876953,61.70891571044922
1428,cut1,1428,POPC,805,170.84033203125,103.7184066772461,55.72905731201172
1428,cut1,1428,POPC,806,24.729080200195312,152.43670654296875,46.485023498535156
1428,cut1,1428,POPC,807,140.8363037109375,14.079980850219727,60.84000015258789
1428,cut1,1428,POPC,808,38.154541015625,30.950838088989258,57.51930618286133
1428,cut1,1428,POPC,809,83.78702545166016,111.15072631835938,42.42292785644531
1428,cut1,1428,POPC,810,23.546302795410156,135.78468322753906,44.46426010131836
1428,cut1,1428,POPC,811,177.57203674316406,179.61489868164062,59.05185317993164
1428,cut1,1428,POPC,812,18.040306091308594,168.95980834960938,50.10547637939453
1428,cut1,1428,POPC,813,44.169586181640625,10.99272346496582,58.04094314575195
1428,cut1,1428,POPC,814,78.14171600341797,145.3153533935547,81.94878387451172
1428,cut1,1428,POPC,815,21.356201171875,0.9442214965820312,65.69043731689453
1428,cut1,1428,POPC,816,170.16444396972653,64.23310852050781,58.74537658691406
1428,cut1,1428,POPC,817,156.13124084472656,15.646921157836914,62.586891174316406
1428,cut1,1428,POPC,818,182.8896942138672,114.03132629394531,60.43950271606445
1428,cut1,1428,POPC,819,156.3124237060547,176.52853393554688,54.70246505737305
1428,cut1,1428,POPC,820,168.4724578857422,150.07615661621094,57.54064178466797
1428,cut1,1428,POPC,821,2.4296875,129.04212951660156,63.96985626220703
1428,cut1,1428,POPC,822,54.009681701660156,165.81809997558594,45.13808059692383
1428,cut1,1428,POPC,823,107.30228424072266,12.374696731567383,64.04959869384766
1428,cut1,1428,POPC,824,166.36329650878906,133.47174072265625,55.312477111816406
1428,cut1,1428,POPC,825,72.72468566894531,216.90892028808594,53.20401382446289
1428,cut1,1428,POPC,826,-0.15384671092033386,98.54147338867188,63.87279510498047
1428,cut1,1428,POPC,827,4.573051452636718,122.69915771484375,62.68922424316406
1428,cut1,1428,POPC,828,50.31690216064453,48.50410842895508,53.73341751098633
1428,cut1,1428,POPC,829,85.13780212402344,30.81812858581543,57.64910888671875
1428,cut1,1428,POPC,830,144.95301818847656,130.53814697265625,43.68677520751953
1428,cut1,1428,POPC,831,88.36158752441406,236.3781280517578,63.805091857910156
1428,cut1,1428,POPC,832,28.45391845703125,237.70057678222656,58.80276870727539
1428,cut1,1428,POPC,833,166.09649658203125,37.6648063659668,58.90583419799805
1428,cut1,1428,POPC,834,36.884552001953125,227.3131103515625,55.559200286865234
1428,cut1,1428,POPC,835,141.8094940185547,244.192626953125,64.19297790527344
1428,cut1,1428,POPC,836,60.69784927368164,191.53639221191406,47.772090911865234
1428,cut1,1428,POPC,837,17.873565673828125,62.39198684692383,54.54739379882812
1428,cut1,1428,POPC,838,102.55756378173828,32.40699005126953,56.898345947265625
1428,cut1,1428,POPC,839,169.24664306640625,57.230838775634766,57.79090118408203
1428,cut1,1428,POPC,840,11.340553283691406,61.02595901489258,52.86993026733398
1428,cut1,1428,POPC,841,180.61158752441406,61.35576248168945,61.09648513793945
1428,cut1,1428,POPC,842,51.283653259277344,182.6288299560547,49.99654769897461
1428,cut1,1428,POPC,843,55.29247283935547,68.03720092773438,47.38701248168945
1428,cut1,1428,POPC,844,26.762229919433594,213.18905639648438,57.613460540771484
1428,cut1,1428,POPC,845,146.689453125,198.0906982421875,54.088172912597656
1428,cut1,1428,POPC,846,185.4846649169922,248.31495666503906,65.36579132080078
1428,cut1,1428,POPC,847,107.37757873535156,105.69685363769531,37.12400436401367
1428,cut1,1428,POPC,848,3.3761520385742188,237.83125305175784,67.3341293334961
1428,cut1,1428,POPC,849,183.04656982421875,69.58844757080078,53.39749526977539
1428,cut1,1428,POPC,850,72.36815643310547,223.683837890625,54.66096496582031
1428,cut1,1428,POPC,851,50.60850524902344,189.45838928222656,49.415122985839844
1428,cut1,1428,POPC,852,150.67796325683594,24.171236038208008,61.333343505859375
1428,cut1,1428,POPC,853,186.24571228027344,28.64381217956543,57.13347244262695
1428,cut1,1428,POPC,854,176.37657165527344,18.815065383911133,63.390830993652344
1428,cut1,1428,POPC,855,7.626075744628906,247.71170043945312,66.45296478271484
1428,cut1,1428,POPC,856,8.551185607910156,106.02923583984375,94.97490692138672
1428,cut1,1428,POPC,857,32.69586181640625,157.6207275390625,41.828704833984375
1428,cut1,1428,POPC,858,37.755767822265625,4.237483978271484,58.74327850341797
1428,cut1,1428,POPC,859,80.67372131347656,176.1739959716797,42.51069259643555
1428,cut1,1428,POPC,860,82.779052734375,23.563829421997074,62.53284454345703
1428,cut1,1428,POPC,861,55.95995330810547,170.25205993652344,46.259517669677734
1428,cut1,1428,POPC,862,45.25165557861328,187.65753173828125,51.08409118652344
1428,cut1,1428,POPC,863,41.95191192626953,220.773193359375,59.93899154663087
1428,cut1,1428,POPC,864,57.5509033203125,41.49741744995117,56.711090087890625
1428,cut1,1428,POPC,865,82.26102447509766,54.68458938598633,54.60331344604492
1428,cut1,1428,POPC,866,126.13888549804688,162.13790893554688,40.99678421020508
1428,cut1,1428,POPC,867,64.88418579101562,152.40309143066406,38.86984634399414
1428,cut1,1428,POPC,868,161.7322235107422,63.43046951293945,55.493045806884766
1428,cut1,1428,POPC,869,89.85626220703125,108.28981018066406,39.258583068847656
1428,cut1,1428,POPC,870,63.643043518066406,211.2739715576172,55.04050064086914
1428,cut1,1428,POPC,871,141.5973358154297,6.406215667724609,62.723304748535156
1428,cut1,1428,POPC,872,57.496177673339844,218.39404296875,55.450897216796875
1428,cut1,1428,POPC,873,32.26017761230469,24.131715774536133,59.79253387451172
1428,cut1,1428,POPC,874,192.30313110351562,34.68152618408203,60.685054779052734
1428,cut1,1428,POPC,875,31.813209533691406,92.73231506347656,58.41598129272461
1428,cut1,1428,POPC,876,110.30708312988281,5.846960067749023,64.40162658691406
1428,cut1,1428,POPC,877,98.42555236816406,76.88653564453125,48.508235931396484
1428,cut1,1428,POPC,878,176.33778381347656,191.2546844482422,63.383262634277344
1428,cut1,1428,POPC,879,182.58416748046875,166.6380157470703,59.29543685913086
1428,cut1,1428,POPC,880,3.7564315795898438,80.65469360351562,60.858585357666016
1428,cut1,1428,POPC,881,28.174354553222656,28.675546646118164,57.49551773071289
1428,cut1,1428,POPC,882,1.7416534423828125,69.25849151611328,52.45869445800781
1428,cut1,1428,POPC,883,129.83480834960938,27.166833877563477,64.21932983398438
1428,cut1,1428,POPC,884,160.21243286132812,192.408203125,60.530113220214844
1428,cut1,1428,POPC,885,181.24618530273438,134.5572662353516,67.06172180175781
1428,cut1,1428,POPC,886,76.26277160644531,48.78947067260742,51.6561393737793
1428,cut1,1428,POPC,887,98.55096435546874,116.73204803466797,39.5376091003418
1428,cut1,1428,POPC,888,9.971183776855469,34.77539825439453,58.42824172973633
1428,cut1,1428,POPC,889,159.82054138183594,158.97254943847656,51.56827926635742
1428,cut1,1428,POPC,890,85.76153564453125,214.0913848876953,55.66941833496094
1428,cut1,1428,POPC,891,19.57898712158203,216.0924530029297,59.77787780761719
1428,cut1,1428,POPC,892,120.94928741455078,247.72067260742188,64.75318908691406
1428,cut1,1428,POPC,893,109.46263122558594,38.19816970825195,56.70525360107422
1428,cut1,1428,POPC,894,127.48214721679688,247.41220092773438,66.3218994140625
1428,cut1,1428,POPC,895,172.58920288085938,49.79824447631836,51.9290657043457
1428,cut1,1428,POPC,896,166.24728393554688,177.62367248535156,56.67760467529297
1428,cut1,1428,POPC,897,33.56915283203125,48.20657730102539,54.66652297973633
1428,cut1,1428,POPC,898,194.38616943359375,244.91307067871094,67.6522216796875
1428,cut1,1428,POPC,899,118.14725494384766,5.480997085571289,67.65106964111328
1428,cut1,1428,POPC,900,174.59396362304688,159.16940307617188,61.42286682128906
1428,cut1,1428,POPC,901,65.1494369506836,21.914880752563477,60.76044845581055
1428,cut1,1428,POPC,902,109.15731811523438,97.51728057861328,38.43882369995117
1428,cut1,1428,POPC,903,46.07416534423828,68.65399169921875,50.66783142089844
1428,cut1,1428,POPC,904,195.87689208984375,215.8534698486328,61.364444732666016
1428,cut1,1428,POPC,905,10.726943969726562,237.84042358398438,63.776214599609375
1428,cut1,1428,POPC,906,17.89892578125,236.49462890625,63.14849090576172
1428,cut1,1428,POPC,907,9.737579345703125,218.1310272216797,62.943206787109375
1428,cut1,1428,POPC,908,90.36785888671875,76.60202026367188,51.625423431396484
1428,cut1,1428,POPC,909,183.22105407714844,124.2236099243164,68.51347351074219
1428,cut1,1428,POPC,910,73.33080291748047,232.03125,56.02124786376954
1428,cut1,1428,POPC,911,97.97700500488281,141.577880859375,48.105613708496094
1428,cut1,1428,POPC,912,28.128173828125,177.6819305419922,45.7933235168457
1428,cut1,1428,POPC,913,163.96827697753906,50.59383773803712,55.04123306274414
1428,cut1,1428,POPC,914,142.9074249267578,28.155752182006836,58.5820426940918
1428,cut1,1428,POPC,915,158.77471923828125,115.48859405517578,47.91481018066406
1428,cut1,1428,POPC,916,154.62669372558594,201.7465057373047,52.24325180053711
1428,cut1,1428,POPC,917,4.7953033447265625,207.99488830566406,57.62842559814453
1428,cut1,1428,POPC,918,148.35784912109375,10.587142944335938,62.12183380126953
1428,cut1,1428,POPC,919,76.63967895507812,235.60401916503906,60.40316390991211
1428,cut1,1428,POPC,920,185.0432891845703,75.54266357421875,56.85707092285156
1428,cut1,1428,POPC,921,48.7098388671875,153.4839324951172,37.931396484375
1428,cut1,1428,POPC,922,1.075714111328125,47.99570083618164,56.59766387939453
1428,cut1,1428,POPC,923,157.97506713867188,182.00022888183594,57.614925384521484
1428,cut1,1428,POPC,924,72.2149887084961,52.25278854370117,55.03307342529297
1428,cut1,1428,POPC,925,13.617027282714844,246.38287353515625,65.7387924194336
1428,cut1,1428,POPC,926,62.73655319213867,205.31008911132812,51.91593933105469
1428,cut1,1428,POPC,927,28.331214904785156,52.41877365112305,54.02373504638672
1428,cut1,1428,POPC,928,161.71426391601562,34.08238220214844,61.5714111328125
1428,cut1,1428,POPC,929,23.71465301513672,61.74103927612305,55.031070709228516
1428,cut1,1428,POPC,930,64.2713394165039,41.243446350097656,56.82105255126953
1428,cut1,1428,POPC,931,102.92096710205078,243.05276489257812,66.80561828613281
1428,cut1,1428,POPC,932,52.708183288574226,160.063232421875,40.29716110229492
1428,cut1,1428,POPC,933,113.6809310913086,64.30419158935547,46.821311950683594
1428,cut1,1428,POPC,934,31.585243225097656,36.31319808959961,61.02130889892578
1428,cut1,1428,POPC,935,167.15394592285156,168.8267059326172,55.383087158203125
1428,cut1,1428,POPC,936,169.90585327148438,75.92184448242188,54.2283935546875
1428,cut1,1428,POPC,937,100.82095336914062,68.47982025146484,47.814292907714844
1428,cut1,1428,POPC,938,39.69054412841797,187.36087036132812,44.9813232421875
1428,cut1,1428,POPC,939,32.766448974609375,210.8249969482422,56.6793212890625
1428,cut1,1428,POPC,940,153.79075622558594,152.5458526611328,55.1135139465332
1428,cut1,1428,POPC,941,174.49456787109375,88.44015502929688,56.19668197631836
1428,cut1,1428,POPC,942,44.812232971191406,50.94168472290039,51.830894470214844
1428,cut1,1428,POPC,943,60.40950012207031,181.932373046875,49.0324592590332
1428,cut1,1428,POPC,944,63.5057487487793,16.435434341430664,63.08000183105469
1428,cut1,1428,POPC,945,168.89622497558594,45.69541549682617,53.55165481567383
1428,cut1,1428,POPC,946,170.2154998779297,126.40068817138672,55.11480712890625
1428,cut1,1428,POPC,947,87.13228607177734,6.45915412902832,67.13636016845703
1428,cut1,1428,POPC,948,183.42288208007812,242.57553100585938,65.53062438964844
1428,cut1,1428,POPC,949,77.66290283203125,92.71194458007812,50.37745285034179
1428,cut1,1428,POPC,950,-0.8914031982421875,229.03236389160156,64.4124755859375
1428,cut1,1428,POPC,951,54.92066192626953,231.39097595214844,56.59507369995117
1428,cut1,1428,POPC,952,47.004058837890625,43.017669677734375,55.484928131103516
1428,cut1,1428,POPC,953,136.30043029785156,15.27354621887207,64.36125183105469
1428,cut1,1428,POPC,954,193.38143920898438,116.70463562011719,64.47482299804688
1428,cut1,1428,POPC,955,167.7788543701172,252.06222534179688,64.20496368408203
1428,cut1,1428,POPC,956,62.676292419433594,28.278779983520508,61.36814880371094
1428,cut1,1428,POPC,957,75.23146057128906,72.4334716796875,57.684471130371094
1428,cut1,1428,POPC,958,187.0250701904297,200.4461212158203,60.086860656738274
1428,cut1,1428,POPC,959,84.7602767944336,135.46963500976562,45.94792938232422
1428,cut1,1428,POPC,960,45.113792419433594,226.97601318359375,59.054443359375
1428,cut1,1428,POPC,961,177.93930053710938,12.500402450561523,61.40074157714844
1428,cut1,1428,POPC,962,152.9005126953125,45.39432144165039,56.91262435913086
1428,cut1,1428,POPC,963,36.53925323486328,16.10968589782715,60.83828353881836
1428,cut1,1428,POPC,964,175.85113525390625,122.96062469482422,58.293548583984375
1428,cut1,1428,POPC,965,180.41354370117188,153.75901794433594,66.17415618896484
1428,cut1,1428,POPC,966,74.1541976928711,0.19441603124141693,59.22864532470703
1428,cut1,1428,POPC,967,14.593154907226562,222.43870544433594,65.37006378173828
1428,cut1,1428,POPC,968,50.47883605957031,221.05758666992188,59.4135627746582
1428,cut1,1428,POPC,969,91.94776153564453,90.87250518798828,46.947296142578125
1428,cut1,1428,POPC,970,56.8624267578125,128.0631103515625,40.355037689208984
1428,cut1,1428,POPC,971,186.1271209716797,95.75906372070312,61.88548278808594
1428,cut1,1428,POPC,972,21.4603271484375,222.2323455810547,62.183387756347656
1428,cut1,1428,POPC,973,19.826087951660156,68.59246063232422,55.986595153808594
1428,cut1,1428,POPC,974,130.9835205078125,13.926370620727539,67.78936767578125
1428,cut1,1428,POPC,975,93.0650634765625,4.766473770141602,69.18189239501953
1428,cut1,1428,POPC,976,73.48340606689453,144.75942993164062,38.79598617553711
1428,cut1,1428,POPC,977,161.40463256835938,123.669189453125,55.793949127197266
1428,cut1,1428,POPC,978,117.26802825927734,18.068021774291992,66.51911926269531
1428,cut1,1428,POPC,979,7.9947357177734375,88.60514068603516,61.64060974121094
1428,cut1,1428,POPC,980,90.42584991455078,68.87544250488281,50.49195098876953
1428,cut1,1428,POPC,981,93.80232238769533,210.771728515625,57.08231735229492
1428,cut1,1428,POPC,982,66.75778198242188,172.0274658203125,40.91617965698242
1428,cut1,1428,POPC,983,72.68140411376953,19.678232192993164,60.38212966918945
1428,cut1,1428,POPC,984,5.599052429199219,113.10028076171875,58.251514434814446
1428,cut1,1428,POPC,985,47.734039306640625,237.13406372070312,59.05488967895508
1428,cut1,1428,POPC,986,184.579833984375,230.26596069335938,63.00958251953125
1428,cut1,1428,POPC,987,157.5218963623047,51.00375747680664,52.260684967041016
1428,cut1,1428,POPC,988,106.00792694091797,64.83573150634766,47.635765075683594
1428,cut1,1428,POPC,989,36.237815856933594,176.54005432128906,44.17885208129883
1428,cut1,1428,POPC,990,94.31585693359375,112.67086029052734,41.70820999145508
1428,cut1,1428,POPC,991,28.107666015625,66.06877136230469,55.2108154296875
1428,cut1,1428,POPC,992,37.936485290527344,58.87356185913086,47.937347412109375
1428,cut1,1428,POPC,993,132.95433044433594,159.483642578125,46.179500579833984
1428,cut1,1428,POPC,994,80.42912292480469,19.293062210083004,61.09708786010742
1428,cut1,1428,POPC,995,97.59872436523438,125.47184753417969,47.62510681152344
1428,cut1,1428,POPC,996,162.99765014648438,96.69574737548828,52.6296501159668
1428,cut1,1428,POPC,997,171.63726806640625,202.79466247558594,62.770774841308594
1428,cut1,1428,POPC,998,77.43040466308594,60.963321685791016,56.311241149902344
1428,cut1,1428,POPC,999,10.377456665039062,26.697839736938477,58.937416076660156
1428,cut1,1428,POPC,1000,53.93152618408203,24.192289352416992,60.76805877685547
1428,cut1,1428,POPC,1001,10.579879760742188,203.6194305419922,58.60642623901367
1428,cut1,1428,POPC,1002,50.46147918701172,31.103044509887695,58.902809143066406
1428,cut1,1428,POPC,1003,37.689361572265625,181.98309326171875,47.2637939453125
1428,cut1,1428,POPC,1004,164.7448272705078,198.15269470214844,63.26016235351563
1428,cut1,1428,POPC,1005,47.59191131591797,36.039833068847656,59.64478302001954
1428,cut1,1428,POPC,1006,34.889793395996094,149.96351623535153,46.04859161376953
1428,cut1,1428,POPC,1007,47.99841308593751,129.04110717773438,38.16291046142578
1428,cut1,1428,POPC,1008,156.01882934570312,101.6014404296875,49.116275787353516
1428,cut1,1428,POPC,1009,17.104393005371094,39.44240188598633,56.8636474609375
1428,cut1,1428,POPC,1010,126.51409912109375,104.0684585571289,40.9620361328125
1428,cut1,1428,POPC,1011,139.75323486328125,141.74029541015625,54.771732330322266
1428,cut1,1428,POPC,1012,161.4524688720703,101.79988098144531,50.73627853393555
1428,cut1,1428,POPC,1013,9.605720520019531,48.340702056884766,56.3536376953125
1428,cut1,1428,POPC,1014,157.9585418701172,188.7329559326172,55.44566345214844
1428,cut1,1428,POPC,1015,175.11685180664062,52.78713607788086,57.335227966308594
1428,cut1,1428,POPC,1016,187.36236572265625,20.9537410736084,59.13214111328125
1428,cut1,1428,POPC,1017,2.5735931396484375,29.336294174194336,62.06841278076172
1428,cut1,1428,POPC,1018,186.52072143554688,116.08367156982422,65.38211059570312
1428,cut1,1428,POPC,1019,12.750007629394531,210.03382873535156,60.91398239135742
1428,cut1,1428,POPC,1020,164.49029541015625,14.285573959350586,61.267791748046875
1428,cut1,1428,POPC,1021,170.4270782470703,13.817270278930664,60.01307678222656
1428,cut1,1428,POPC,1022,185.6220703125,105.14871978759766,60.33216094970703
1428,cut1,1428,POPC,1023,177.09368896484375,28.45943260192871,57.71820068359375
1428,cut1,1428,POPC,1024,88.13903045654297,94.26206970214844,51.265193939208984
1428,cut1,1428,POPC,1025,49.17430877685547,216.3601531982422,55.91944885253906
1428,cut1,1428,POPC,1026,62.06697463989258,232.42779541015625,57.34685134887695
1428,cut1,1428,POPC,1027,14.487625122070312,186.03359985351562,59.5965576171875
1428,cut1,1428,POPC,1028,92.70122528076172,230.68968200683594,62.911224365234375
1428,cut1,1428,POPC,1029,166.4574432373047,70.08507537841797,54.340389251708984
1428,cut1,1428,POPC,1030,24.726966857910156,6.995454788208008,60.3963623046875
1428,cut1,1428,POPC,1031,189.11572265625,209.09764099121094,55.4005126953125
1428,cut1,1428,POPC,1032,6.5011138916015625,3.2455978393554688,65.60308074951172
1428,cut1,1428,POPC,1033,186.58087158203125,5.20454216003418,67.47259521484375
1428,cut1,1428,POPC,1034,3.660980224609375,12.073659896850586,58.41318893432617
1428,cut1,1428,POPC,1035,146.0934295654297,156.2629852294922,51.37422561645508
1428,cut1,1428,POPC,1036,54.604454040527344,203.68495178222656,50.85382080078125
1428,cut1,1428,POPC,1037,41.46752166748047,73.04747772216797,51.33464431762695
1428,cut1,1428,POPC,1038,50.0479736328125,248.61167907714844,60.809173583984375
1428,cut1,1428,POPC,1039,160.33807373046875,132.01461791992188,54.8216667175293
1428,cut1,1428,POPC,1040,66.39749908447266,76.8310317993164,49.15740966796875
1428,cut1,1428,POPC,1041,72.71456909179688,163.462890625,43.07634735107422
1428,cut1,1428,POPC,1042,115.12973785400389,25.72676658630371,61.92375946044922
1428,cut1,1428,POPC,1043,159.90635681152344,203.0940704345703,56.21217346191406
1428,cut1,1428,POPC,1044,155.73770141601562,136.09555053710938,56.0233268737793
1428,cut1,1428,POPC,1045,4.061149597167969,110.14246368408203,63.681968688964844
1428,cut1,1428,POPC,1046,174.42398071289062,208.17323303222656,59.683780670166016
1428,cut1,1428,POPC,1047,178.35623168945312,142.40350341796875,61.79558563232422
1428,cut1,1428,POPC,1048,176.44665527343753,65.34805297851562,60.30131530761719
1428,cut1,1428,POPC,1049,137.84945678710938,147.69667053222656,51.68931579589844
1428,cut1,1428,POPC,1050,20.326828002929688,178.90206909179688,50.44852066040039
1428,cut1,1428,POPC,1051,171.09486389160156,94.96739196777344,54.8871955871582
1428,cut1,1428,POPC,1052,187.12600708007812,219.85087585449216,60.42927169799805
1428,cut1,1428,POPC,1053,160.84153747558594,83.53315734863283,53.277259826660156
1428,cut1,1428,POPC,1054,161.41639709472656,110.65599060058594,52.16905975341797
1428,cut1,1428,POPC,1055,130.52081298828125,9.433111190795898,65.14058685302734
1428,cut1,1428,POPC,1056,18.06824493408203,79.524169921875,58.304054260253906
1428,cut1,1428,POPC,1057,76.3061752319336,33.64637756347656,59.97375106811524
1428,cut1,1428,POPC,1058,178.91209411621094,225.40179443359375,65.11907196044922
1428,cut1,1428,POPC,1059,23.318038940429688,96.50996398925781,55.93799591064453
1428,cut1,1428,POPC,1060,113.96837615966797,52.057559967041016,51.62199401855469
1428,cut1,1428,POPC,1061,95.02266693115234,92.71085357666016,41.38533401489258
1428,cut1,1428,POPC,1062,24.35010528564453,39.847442626953125,55.9046516418457
1428,cut1,1428,POPC,1063,117.67477416992188,150.5044403076172,41.758419036865234
1428,cut1,1428,POPC,1064,41.95664978027344,80.97098541259766,53.32514953613281
1428,cut1,1428,POPC,1065,19.870574951171875,199.77581787109375,54.67901611328125
1428,cut1,1428,POPC,1066,181.67250061035156,235.9112091064453,67.57108306884766
1428,cut1,1428,POPC,1067,14.336784362792969,229.84243774414062,66.68632507324219
1428,cut1,1428,POPC,1068,98.5438003540039,21.860448837280273,62.38884735107422
1428,cut1,1428,POPC,1069,137.13418579101562,183.6280059814453,49.22885513305664
1428,cut1,1428,POPC,1070,10.596122741699219,9.02330207824707,59.42643356323242
1428,cut1,1428,POPC,1071,49.64305114746094,197.2301788330078,48.73450469970703
1428,cut1,1428,POPC,1072,158.940185546875,149.59719848632812,56.474853515625
1428,cut1,1428,POPC,1073,72.95482635498047,38.72330856323242,55.287784576416016
1428,cut1,1428,POPC,1074,71.3222427368164,177.71128845214844,42.90327453613281
1428,cut1,1428,POPC,1075,38.88081359863281,51.04570388793945,50.75138473510742
1428,cut1,1428,POPC,1076,160.2726287841797,71.82209014892578,52.18680191040039
1428,cut1,1428,POPC,1077,144.98011779785156,35.71575164794922,59.42454528808594
1428,cut1,1428,POPC,1078,176.82066345214844,111.70989990234375,61.742218017578125
1428,cut1,1428,POPC,1079,182.91651916503906,161.90655517578125,62.18689727783203
1428,cut1,1428,POPC,1080,156.2808380126953,24.902502059936523,62.27061462402344
1428,cut1,1428,POPC,1081,10.081382751464844,80.57599639892578,60.544677734375
1428,cut1,1428,POPC,1082,3.020721435546875,194.75897216796875,60.03231430053711
1428,cut1,1428,POPC,1083,160.68661499023438,9.024406433105469,63.05365753173828
1428,cut1,1428,POPC,1084,158.368408203125,4.439098358154297,61.05615997314453
1428,cut1,1428,POPC,1085,102.06733703613281,183.9544677734375,46.75495147705078
1428,cut1,1428,POPC,1086,179.3215789794922,127.66896057128906,62.56407165527344
1428,cut1,1428,POPC,1087,42.22093200683594,97.30895233154297,49.768836975097656
1428,cut1,1428,POPC,1088,97.62025451660156,15.516199111938477,65.00776672363281
1428,cut1,1428,POPC,1089,134.48492431640625,167.84124755859375,41.27878952026367
1428,cut1,1428,POPC,1090,192.2397918701172,84.15093994140625,57.7919921875
1428,cut1,1428,POPC,1091,99.52044677734375,227.4771270751953,64.357666015625
1428,cut1,1428,POPC,1092,161.1103973388672,209.15069580078125,51.097930908203125
1428,cut1,1428,POPC,1093,11.117469787597656,192.15008544921875,57.28062438964843
1428,cut1,1428,POPC,1094,62.31468963623047,50.32847213745117,54.75720977783203
1428,cut1,1428,POPC,1095,78.86697387695312,82.25299835205078,54.22125244140625
1428,cut1,1428,POPC,1096,89.75358581542969,17.627622604370117,64.15106964111328
1428,cut1,1428,POPC,1097,169.11285400390625,246.16612243652344,63.09485626220703
1428,cut1,1428,POPC,1098,41.72777557373047,92.25316619873047,54.00584030151367
1428,cut1,1428,POPC,1099,136.1670379638672,27.995622634887695,60.90988159179687
1428,cut1,1428,POPC,1100,4.709663391113281,228.67518615722656,65.95962524414062
1428,cut1,1428,POPC,1101,188.8701629638672,106.92652130126953,65.88394165039062
1428,cut1,1428,POPC,1102,115.18011474609375,185.06651306152344,50.20903396606445
1428,cut1,1428,POPC,1103,190.79469299316406,76.90342712402344,59.2481803894043
1428,cut1,1428,POPC,1104,160.82296752929688,139.02081298828125,54.981590270996094
1428,cut1,1428,POPC,1105,108.6771240234375,241.42581176757812,63.88641357421875
1428,cut1,1428,POPC,1106,60.22140121459961,162.07174682617188,42.34638214111328
1428,cut1,1428,POPC,1107,16.721023559570312,102.84754180908203,58.83125686645508
1428,cut1,1428,POPC,1108,99.510986328125,211.76959228515625,62.04978942871094
1428,cut1,1428,POPC,1109,67.285888671875,37.60866165161133,60.152278900146484
1428,cut1,1428,POPC,1110,24.13262939453125,232.66903686523438,55.40701675415039
1428,cut1,1428,POPC,1111,37.08103942871094,199.92662048339844,49.40873336791992
1428,cut1,1428,POPC,1112,186.40379333496094,128.69642639160156,65.68524932861328
1428,cut1,1428,POPC,1113,21.0806884765625,205.63063049316406,56.7446403503418
1428,cut1,1428,POPC,1114,20.530014038085938,31.32105827331543,54.82782363891601
1428,cut1,1428,POPC,1115,147.21116638183594,143.71568298339844,57.87324142456055
1428,cut1,1428,POPC,1116,169.15274047851562,158.6875305175781,59.229225158691406
1428,cut1,1428,POPC,1117,59.4356689453125,100.858642578125,46.35404586791992
1428,cut1,1428,POPC,1118,74.1872787475586,97.86762237548828,48.1488037109375
1428,cut1,1428,POPC,1119,159.06996154785156,171.31443786621094,52.31266403198242
1428,cut1,1428,POPC,1120,71.4162826538086,246.059326171875,56.39128494262695
1428,cut1,1428,POPC,1121,54.37592315673828,133.06243896484375,37.3466682434082
1428,cut1,1428,POPC,1122,121.2980728149414,154.45233154296875,41.11397171020508
1428,cut1,1428,POPC,1123,33.84406280517578,67.22306823730469,52.704830169677734
1428,cut1,1428,POPC,1124,88.15278625488281,45.00779342651367,43.47499084472656
1428,cut1,1428,POPC,1125,110.50343322753906,176.3486785888672,39.33037185668945
1428,cut1,1428,POPC,1126,80.61988067626952,8.968597412109375,63.03626251220703
1428,cut1,1428,POPC,1127,70.818603515625,31.12737464904785,62.04466247558594
1428,cut1,1428,POPC,1128,170.0057830810547,8.69765853881836,63.20592498779297
1428,cut1,1428,POPC,1129,44.152198791503906,16.1943416595459,57.25473403930664
1428,cut1,1428,POPC,1130,59.10215759277344,224.41799926757812,55.12188339233399
1428,cut1,1428,POPC,1131,71.51226806640625,90.27408599853516,48.89564895629883
1428,cut1,1428,POPC,1132,137.0388641357422,140.62014770507812,47.79718017578125
1428,cut1,1428,POPC,1133,191.1304931640625,54.8638801574707,57.87732696533203
1428,cut1,1428,POPC,1134,170.12631225585938,137.87586975097656,57.93415069580078
1428,cut1,1428,POPC,1135,80.46758270263672,206.6488800048828,51.61651611328125
1428,cut1,1428,POPC,1136,77.07325744628906,211.02037048339844,50.56332015991212
1428,cut1,1428,POPC,1137,30.290298461914062,98.0828857421875,59.4273452758789
1428,cut1,1428,POPC,1138,63.836822509765625,178.06008911132812,44.218666076660156
1428,cut1,1428,POPC,1139,91.81107330322266,138.90066528320312,49.31254959106445
1428,cut1,1428,POPC,1140,15.442214965820312,110.23719787597656,60.47883605957031
1428,cut1,1428,POPC,1141,65.69644927978516,69.484130859375,52.994388580322266
1428,cut1,1428,POPC,1142,150.8948516845703,133.78546142578125,46.164649963378906
1428,cut1,1428,POPC,1143,168.68312072753906,21.096017837524414,61.373199462890625
1428,cut1,1428,SAPI,1144,75.4368896484375,42.24265670776367,49.78409194946289
1428,cut1,1428,SAPI,1145,59.287391662597656,150.4586181640625,38.366294860839844
1428,cut1,1428,SAPI,1146,122.71159362792969,27.53436851501465,61.662841796875
1428,cut1,1428,SAPI,1147,6.6981353759765625,55.155452728271484,56.554683685302734
1428,cut1,1428,SAPI,1148,38.932220458984375,161.60873413085938,42.5678825378418
1428,cut1,1428,SAPI,1149,49.659645080566406,211.6193389892578,52.0920295715332
1428,cut1,1428,SAPI,1150,112.23443603515625,161.0641326904297,36.770164489746094
1428,cut1,1428,SAPI,1151,14.415351867675781,171.02243041992188,56.1805305480957
1428,cut1,1428,SAPI,1152,93.79721069335938,203.45018005371094,49.91307067871094
1428,cut1,1428,SAPI,1153,103.50204467773438,81.42027282714844,46.021141052246094
1428,cut1,1428,SAPI,1154,138.35659790039062,39.932865142822266,60.39112091064453
1428,cut1,1428,SAPI,1155,132.88253784179688,150.65325927734375,45.62605285644531
1428,cut1,1428,SAPI,1156,99.23385620117188,3.3817710876464844,67.74406433105469
1428,cut1,1428,SAPI,1157,154.68565368652344,79.13375091552734,51.6202278137207
1428,cut1,1428,SAPI,1158,22.771865844726562,85.47686004638672,54.93644332885743
1428,cut1,1428,SAPI,1159,151.98175048828125,216.4316864013672,51.357425689697266
1428,cut1,1428,SAPI,1160,70.81098175048828,103.09321594238283,41.72907638549805
1428,cut1,1428,SAPI,1161,0.3520508110523224,145.18792724609375,63.86286926269531
1428,cut1,1428,SAPI,1162,130.6030731201172,139.35914611816406,45.062538146972656
1428,cut1,1428,SAPI,1163,152.68942260742188,91.45893096923828,56.006900787353516
1428,cut1,1428,SAPI,1164,136.58563232421875,128.73480224609375,46.39369583129883
1428,cut1,1428,SAPI,1165,147.5424041748047,102.05188751220703,48.853328704833984
1428,cut1,1428,SAPI,1166,180.3902130126953,171.85549926757812,60.210693359375
1428,cut1,1428,SAPI,1167,171.79061889648438,163.397705078125,56.714668273925774
1428,cut1,1428,SAPI,1168,158.3753662109375,239.68490600585938,66.61575317382812
1428,cut1,1428,SAPI,1169,155.5053253173828,62.24196243286133,54.39161682128906
1428,cut1,1428,SAPI,1170,90.26199340820312,198.35430908203125,48.34516906738281
1428,cut1,1428,SAPI,1171,110.9680404663086,235.40878295898438,63.519660949707024
1428,cut1,1428,SAPI,1172,105.87434387207031,167.80209350585938,35.50872802734375
1428,cut1,1428,SAPI,1173,72.93663787841797,13.048124313354492,58.79843521118164
1428,cut1,1428,SAPI,1174,82.60791015625,95.062255859375,50.26081466674805
1428,cut1,1428,SAPI,1175,101.25652313232422,218.36351013183594,56.703956604003906
1428,cut1,1428,SAPI,1176,153.6851348876953,246.81910705566406,60.430049896240234
1428,cut1,1428,SAPI,1177,172.30873107910156,215.37437438964844,58.77547073364258
1428,cut1,1428,SAPI,1178,73.81478881835938,169.80149841308594,40.799922943115234
1428,cut1,1428,SAPI,1179,131.39334106445312,240.88107299804688,58.4915657043457
1428,cut1,1428,SAPI,1180,126.75581359863281,151.73104858398438,43.11274337768555
1428,cut1,1428,SAPI,1181,59.175697326660156,138.74948120117188,37.88641357421875
