,System,Frame,Resname,Resnum,X,Y,Z
1366,cut1,1366,POPC,0,126.54735565185547,210.6165008544922,81.8151626586914
1366,cut1,1366,POPC,1,21.953229904174805,165.61709594726562,83.04303741455078
1366,cut1,1366,POPC,2,150.0979766845703,11.551875114440918,104.09825134277344
1366,cut1,1366,POPC,3,108.5543441772461,167.1772918701172,78.32868194580078
1366,cut1,1366,POPC,4,152.85118103027344,186.9973602294922,91.791015625
1366,cut1,1366,POPC,5,111.92382049560547,173.65258789062503,79.2234878540039
1366,cut1,1366,POPC,6,157.94554138183594,154.73150634765625,90.29937744140625
1366,cut1,1366,POPC,7,29.269269943237305,233.47755432128906,98.5409927368164
1366,cut1,1366,POPC,8,4.034444332122803,55.90315246582031,100.91438293457031
1366,cut1,1366,POPC,9,165.6647186279297,152.77061462402344,93.20527648925781
1366,cut1,1366,POPC,10,2.298520565032959,208.42526245117188,95.53116607666016
1366,cut1,1366,POPC,11,87.59494018554688,215.49436950683594,97.9362564086914
1366,cut1,1366,POPC,12,52.57732009887695,68.91633605957031,91.91302490234375
1366,cut1,1366,POPC,13,107.03097534179688,149.02178955078125,75.93759155273438
1366,cut1,1366,POPC,14,105.6298828125,178.56471252441406,75.79694366455078
1366,cut1,1366,POPC,15,35.4191780090332,137.8668670654297,78.47048950195312
1366,cut1,1366,POPC,16,89.13813781738281,124.77948760986328,86.10270690917969
1366,cut1,1366,POPC,17,86.2070083618164,13.611275672912598,97.0660629272461
1366,cut1,1366,POPC,18,109.60972595214844,250.94004821777344,103.7799301147461
1366,cut1,1366,POPC,19,98.33726501464844,231.6560516357422,101.44187927246094
1366,cut1,1366,POPC,20,131.18284606933594,9.049960136413574,104.17574310302734
1366,cut1,1366,POPC,21,121.70375061035156,100.0018081665039,76.03763580322266
1366,cut1,1366,POPC,22,36.42201614379883,25.86258888244629,96.301025390625
1366,cut1,1366,POPC,23,101.7008056640625,236.58038330078125,103.89395904541016
1366,cut1,1366,POPC,24,46.90420150756836,14.152159690856934,99.42496490478516
1366,cut1,1366,POPC,25,76.42792510986328,192.66717529296875,88.32030487060547
1366,cut1,1366,POPC,26,175.0314178466797,218.49180603027344,97.7777099609375
1366,cut1,1366,POPC,27,37.24331283569336,169.49957275390625,78.31373596191406
1366,cut1,1366,POPC,28,20.534460067749023,226.07958984375,94.46656799316406
1366,cut1,1366,POPC,29,55.13724899291992,14.12138843536377,96.73226165771484
1366,cut1,1366,POPC,30,160.93218994140625,220.13528442382812,94.97055053710938
1366,cut1,1366,POPC,31,150.9606170654297,221.36404418945312,84.49784851074219
1366,cut1,1366,POPC,32,41.360599517822266,212.94386291503906,91.15491485595703
1366,cut1,1366,POPC,33,78.98035430908203,87.11163330078125,89.4357452392578
1366,cut1,1366,POPC,34,173.5301055908203,91.4229965209961,97.15323638916016
1366,cut1,1366,POPC,35,102.83995819091797,8.793583869934082,102.70629119873047
1366,cut1,1366,POPC,36,152.038330078125,2.599442720413208,105.02629852294922
1366,cut1,1366,POPC,37,123.65804290771484,168.3539733886719,79.93376159667969
1366,cut1,1366,POPC,38,86.04387664794922,95.36246490478516,86.76461791992188
1366,cut1,1366,POPC,39,48.932186126708984,240.94818115234375,93.65208435058594
1366,cut1,1366,POPC,40,82.02210235595703,111.63371276855469,87.74832153320312
1366,cut1,1366,POPC,41,115.06266021728516,56.46391296386719,87.44093322753906
1366,cut1,1366,POPC,42,189.6653594970703,103.60661315917969,98.71939849853516
1366,cut1,1366,POPC,43,112.06024932861328,62.90777587890625,88.57164764404297
1366,cut1,1366,POPC,44,51.99343490600586,48.271575927734375,97.153076171875
1366,cut1,1366,POPC,45,31.87140464782715,107.8369140625,91.95479583740234
1366,cut1,1366,POPC,46,60.5434684753418,19.632993698120117,95.79736328125
1366,cut1,1366,POPC,47,53.878231048583984,60.426422119140625,95.63426208496094
1366,cut1,1366,POPC,48,92.5545425415039,67.75762176513672,88.654541015625
1366,cut1,1366,POPC,49,118.50123596191406,66.34280395507812,88.2175064086914
1366,cut1,1366,POPC,50,186.06231689453125,85.78389739990234,95.16911315917969
1366,cut1,1366,POPC,51,45.62032699584961,168.0442352294922,76.45023345947266
1366,cut1,1366,POPC,52,67.44608306884766,196.79510498046875,90.26234436035156
1366,cut1,1366,POPC,53,150.31631469726562,150.63949584960938,88.3040542602539
1366,cut1,1366,POPC,54,92.79489135742188,74.15721893310547,84.4369888305664
1366,cut1,1366,POPC,55,163.40481567382812,33.74957275390625,100.25616455078125
1366,cut1,1366,POPC,56,96.55184173583984,1.2177479267120361,103.3055191040039
1366,cut1,1366,POPC,57,131.72659301757812,192.51318359375,86.13899230957031
1366,cut1,1366,POPC,58,173.44720458984375,81.40493774414062,95.83647155761719
1366,cut1,1366,POPC,59,68.47804260253906,65.14579010009766,95.06881713867188
1366,cut1,1366,POPC,60,25.003087997436523,211.15953063964844,95.58451080322266
1366,cut1,1366,POPC,61,85.32320404052736,184.95745849609375,85.95262145996094
1366,cut1,1366,POPC,62,113.66133880615234,157.92572021484375,80.73959350585938
1366,cut1,1366,POPC,63,23.827543258666992,4.973809242248535,100.71857452392578
1366,cut1,1366,POPC,64,185.84934997558594,64.66134643554688,98.71745300292969
1366,cut1,1366,POPC,65,146.26010131835938,5.715510368347168,105.53173828125
1366,cut1,1366,POPC,66,101.15653228759766,141.66159057617188,81.17501068115234
1366,cut1,1366,POPC,67,189.97015380859372,239.81198120117188,99.29513549804688
1366,cut1,1366,POPC,68,44.81296157836914,186.06365966796875,86.37236022949219
1366,cut1,1366,POPC,69,152.80284118652344,17.648923873901367,101.01425170898438
1366,cut1,1366,POPC,70,105.20231628417969,31.909624099731445,99.19984436035156
1366,cut1,1366,POPC,71,172.57089233398438,249.16964721679688,102.03855895996094
1366,cut1,1366,POPC,72,123.93345642089844,201.99948120117188,51.93962478637695
1366,cut1,1366,POPC,73,26.933866500854492,89.35149383544922,88.63717651367188
1366,cut1,1366,POPC,74,187.6280975341797,165.93528747558594,95.26139068603516
1366,cut1,1366,POPC,75,50.92923355102539,147.00433349609375,69.01616668701172
1366,cut1,1366,POPC,76,127.95623016357422,145.76254272460938,79.41778564453125
1366,cut1,1366,POPC,77,9.9476900100708,201.12042236328125,94.69078063964844
1366,cut1,1366,POPC,78,159.1329803466797,120.60584259033203,93.81452941894531
1366,cut1,1366,POPC,79,10.031628608703613,90.34131622314453,53.4311637878418
1366,cut1,1366,POPC,80,52.489681243896484,221.2270965576172,93.16639709472656
1366,cut1,1366,POPC,81,106.74517822265625,231.84759521484375,103.03870391845703
1366,cut1,1366,POPC,82,55.02219009399414,91.68289184570312,90.68547821044922
1366,cut1,1366,POPC,83,44.64011764526367,49.4053955078125,99.16053771972656
1366,cut1,1366,POPC,84,62.0778923034668,10.4791955947876,96.88023376464844
1366,cut1,1366,POPC,85,77.78970336914062,171.26686096191406,85.03965759277344
1366,cut1,1366,POPC,86,109.08262634277344,80.15020751953125,79.24944305419922
1366,cut1,1366,POPC,87,144.63011169433594,29.67772102355957,103.4085464477539
1366,cut1,1366,POPC,88,90.56561279296875,55.099212646484375,95.96179962158203
1366,cut1,1366,POPC,89,24.26289176940918,96.31790161132812,93.9374008178711
1366,cut1,1366,POPC,90,164.31851196289062,113.65398406982422,93.44776916503906
1366,cut1,1366,POPC,91,129.82949829101562,31.233388900756836,98.31724548339844
1366,cut1,1366,POPC,92,38.48049545288086,71.71884155273438,98.08649444580078
1366,cut1,1366,POPC,93,121.59937286376953,201.7479248046875,85.7623062133789
1366,cut1,1366,POPC,94,2.7995963096618657,42.00373458862305,99.53140258789062
1366,cut1,1366,POPC,95,117.49063873291016,170.44139099121094,79.33840942382812
1366,cut1,1366,POPC,96,181.19386291503906,159.68675231933594,96.94747924804688
1366,cut1,1366,POPC,97,95.51445770263672,121.66073608398438,45.654937744140625
1366,cut1,1366,POPC,98,105.72080993652344,65.46576690673828,85.7200927734375
1366,cut1,1366,POPC,99,177.39511108398438,50.7665023803711,99.82926940917969
1366,cut1,1366,POPC,100,43.89484786987305,133.68466186523438,76.34890747070312
1366,cut1,1366,POPC,101,52.095035552978516,76.9781265258789,92.48806762695312
1366,cut1,1366,POPC,102,55.6321907043457,197.18759155273438,91.76680755615234
1366,cut1,1366,POPC,103,169.38482666015625,205.75778198242188,94.50068664550781
1366,cut1,1366,POPC,104,5.060147762298584,234.21624755859375,97.92818450927734
1366,cut1,1366,POPC,105,22.96803092956543,248.82891845703125,101.85801696777344
1366,cut1,1366,POPC,106,46.042789459228516,80.33170318603516,95.19457244873047
1366,cut1,1366,POPC,107,22.884214401245117,118.54520416259766,92.53333282470703
1366,cut1,1366,POPC,108,185.86151123046875,209.23263549804688,94.59635925292969
1366,cut1,1366,POPC,109,50.91389846801758,233.19078063964844,93.96453094482422
1366,cut1,1366,POPC,110,60.23255920410156,59.159332275390625,95.58119201660156
1366,cut1,1366,POPC,111,144.5395965576172,21.005983352661133,101.4425277709961
1366,cut1,1366,POPC,112,154.76815795898438,42.2644157409668,104.15282440185547
1366,cut1,1366,POPC,113,42.75468063354492,32.823219299316406,100.58590698242189
1366,cut1,1366,POPC,114,102.25045013427734,96.19429779052734,80.81636047363281
1366,cut1,1366,POPC,115,91.91337585449219,8.922209739685059,102.25817108154297
1366,cut1,1366,POPC,116,73.82791137695312,226.39572143554688,97.12616729736328
1366,cut1,1366,POPC,117,61.946990966796875,75.45970916748047,89.40899658203125
1366,cut1,1366,POPC,118,72.45346069335938,249.86756896972656,101.7881851196289
1366,cut1,1366,POPC,119,101.23169708251953,84.70648193359375,84.57814025878906
1366,cut1,1366,POPC,120,135.84396362304688,207.97410583496094,87.16984558105469
1366,cut1,1366,POPC,121,61.42926025390625,1.4574596881866455,93.66202545166016
1366,cut1,1366,POPC,122,172.90872192382815,239.02899169921875,101.55687713623047
1366,cut1,1366,POPC,123,51.44278335571289,183.47019958496094,81.19647979736328
1366,cut1,1366,POPC,124,11.448124885559082,209.31222534179688,95.1264419555664
1366,cut1,1366,POPC,125,19.203824996948242,31.17157554626465,99.96728515625
1366,cut1,1366,POPC,126,25.733503341674805,204.36805725097656,93.337158203125
1366,cut1,1366,POPC,127,171.44662475585938,113.51648712158203,93.77613067626953
1366,cut1,1366,POPC,128,28.24879264831543,225.88583374023438,95.8142318725586
1366,cut1,1366,POPC,129,156.14328002929688,27.09575080871582,100.8251953125
1366,cut1,1366,POPC,130,173.18858337402344,158.13919067382812,93.9013900756836
1366,cut1,1366,POPC,131,31.36786460876465,196.96212768554688,87.62346649169923
1366,cut1,1366,POPC,132,72.82123565673828,204.83868408203125,45.41656494140625
1366,cut1,1366,POPC,133,95.23118591308594,146.21697998046875,50.67009735107422
1366,cut1,1366,POPC,134,107.5968017578125,37.38313293457031,96.12830352783203
1366,cut1,1366,POPC,135,182.6560821533203,143.04669189453125,95.60501098632812
1366,cut1,1366,POPC,136,162.30162048339844,83.80358123779297,96.36231994628906
1366,cut1,1366,POPC,137,35.14213943481445,160.75936889648438,75.50422668457031
1366,cut1,1366,POPC,138,81.25414276123047,77.48870849609375,90.09278869628906
1366,cut1,1366,POPC,139,165.951171875,125.6021957397461,96.78299713134766
1366,cut1,1366,POPC,140,104.87237548828125,154.12936401367188,73.84848022460938
1366,cut1,1366,POPC,141,185.73324584960938,127.85993957519531,96.40290832519531
1366,cut1,1366,POPC,142,191.3133087158203,173.84762573242188,88.72610473632812
1366,cut1,1366,POPC,143,47.5278205871582,109.40545654296875,84.5517349243164
1366,cut1,1366,POPC,144,89.98058319091797,205.20321655273438,95.9106216430664
1366,cut1,1366,POPC,145,142.6280975341797,153.5518035888672,85.07102966308594
1366,cut1,1366,POPC,146,119.84732055664062,188.66064453125,79.58648681640625
1366,cut1,1366,POPC,147,32.98910140991211,222.5107879638672,96.67168426513672
1366,cut1,1366,POPC,148,153.5463409423828,116.13432312011719,90.25223541259766
1366,cut1,1366,POPC,149,14.519207954406738,38.85273361206055,97.21896362304688
1366,cut1,1366,POPC,150,37.264232635498054,184.96826171875,82.11811065673828
1366,cut1,1366,POPC,151,114.07768249511719,86.62645721435547,75.37393188476562
1366,cut1,1366,POPC,152,185.81689453125,119.50833129882812,96.52840423583984
1366,cut1,1366,POPC,153,139.46542358398438,133.5009307861328,87.82073974609375
1366,cut1,1366,POPC,154,123.82815551757812,196.5823516845703,84.7294921875
1366,cut1,1366,POPC,155,24.63355827331543,77.78718566894531,92.72959899902344
1366,cut1,1366,POPC,156,66.68838500976562,27.411638259887695,97.28833770751953
1366,cut1,1366,POPC,157,43.47108840942383,97.23153686523438,90.43946075439453
1366,cut1,1366,POPC,158,58.40901565551758,179.3751220703125,80.15859985351562
1366,cut1,1366,POPC,159,111.77041625976562,100.58104705810547,77.75992584228516
1366,cut1,1366,POPC,160,102.97117614746094,40.73594284057617,95.58770751953125
1366,cut1,1366,POPC,161,67.14012145996094,149.0436248779297,78.55276489257812
1366,cut1,1366,POPC,162,175.8942413330078,196.99105834960938,95.19257354736328
1366,cut1,1366,POPC,163,64.6998519897461,212.0297393798828,94.7708740234375
1366,cut1,1366,POPC,164,93.34471893310547,15.56847095489502,103.84083557128906
1366,cut1,1366,POPC,165,187.8608245849609,36.89019012451172,100.19356536865234
1366,cut1,1366,POPC,166,57.06966781616211,188.01339721679688,87.91365814208984
1366,cut1,1366,POPC,167,66.25648498535156,190.99049377441406,88.0137710571289
1366,cut1,1366,POPC,168,33.02627182006836,95.46134948730469,91.21822357177734
1366,cut1,1366,POPC,169,170.05821228027344,176.5501708984375,97.03352355957031
1366,cut1,1366,POPC,170,172.76271057128906,15.597077369689941,101.9291763305664
1366,cut1,1366,POPC,171,89.68928527832031,20.708860397338867,103.353515625
1366,cut1,1366,POPC,172,149.7427215576172,156.96221923828125,90.83342742919922
1366,cut1,1366,POPC,173,0.19460813701152802,91.71878051757812,94.71418762207031
1366,cut1,1366,POPC,174,161.42738342285156,210.4691162109375,94.79412841796875
1366,cut1,1366,POPC,175,73.21204376220703,105.38129425048828,88.75093841552734
1366,cut1,1366,POPC,176,190.6937713623047,71.58029174804688,95.29069519042969
1366,cut1,1366,POPC,177,141.96514892578125,4.116774559020996,101.44334411621094
1366,cut1,1366,POPC,178,170.68173217773438,224.60093688964844,100.88450622558595
1366,cut1,1366,POPC,179,41.036495208740234,242.8053436279297,97.81395721435547
1366,cut1,1366,POPC,180,29.95221519470215,84.82740020751953,92.84559631347656
1366,cut1,1366,POPC,181,47.24116134643555,43.55447006225586,99.49607849121094
1366,cut1,1366,POPC,182,127.90593719482422,155.4104766845703,80.40904998779297
1366,cut1,1366,POPC,183,112.69789123535156,105.82786560058594,80.88475036621094
1366,cut1,1366,POPC,184,133.19944763183594,202.9687042236328,85.4547348022461
1366,cut1,1366,POPC,185,97.5469970703125,131.43467712402344,81.72913360595703
1366,cut1,1366,POPC,186,189.6710205078125,28.110754013061523,100.1222152709961
1366,cut1,1366,POPC,187,141.9395294189453,12.221394538879395,105.68341064453125
1366,cut1,1366,POPC,188,34.454837799072266,49.244781494140625,100.14225769042969
1366,cut1,1366,POPC,189,51.66103744506836,249.60076904296875,98.86194610595703
1366,cut1,1366,POPC,190,129.8166961669922,89.77385711669922,75.39678192138672
1366,cut1,1366,POPC,191,36.134151458740234,9.492810249328613,56.96315002441406
1366,cut1,1366,POPC,192,77.7320785522461,46.19960403442383,99.26129913330078
1366,cut1,1366,POPC,193,146.19569396972656,243.24156188964844,99.96878814697266
1366,cut1,1366,POPC,194,17.740636825561523,77.22799682617188,92.79261779785156
1366,cut1,1366,POPC,195,156.86819458007812,100.09062957763672,93.86837768554688
1366,cut1,1366,POPC,196,41.17612838745117,235.10330200195312,96.34037017822266
1366,cut1,1366,POPC,197,47.724849700927734,19.78291130065918,96.49462127685547
1366,cut1,1366,POPC,198,37.06412124633789,230.30525207519528,95.50224304199219
1366,cut1,1366,POPC,199,45.91482925415039,1.4513065814971924,101.4009780883789
1366,cut1,1366,POPC,200,15.30480670928955,94.38738250732422,54.135868072509766
1366,cut1,1366,POPC,201,182.4192657470703,234.84957885742188,101.01485443115234
1366,cut1,1366,POPC,202,40.24788284301758,53.834877014160156,101.54596710205078
1366,cut1,1366,POPC,203,178.4130401611328,115.55066680908203,91.43572998046875
1366,cut1,1366,POPC,204,153.70401000976562,181.57110595703125,93.80574798583984
1366,cut1,1366,POPC,205,134.9032745361328,133.63101196289062,83.8139877319336
1366,cut1,1366,POPC,206,18.070158004760742,52.74701690673828,94.30036163330078
1366,cut1,1366,POPC,207,51.34085464477539,164.0986328125,77.33963012695312
1366,cut1,1366,POPC,208,68.16211700439453,216.44418334960938,95.68630981445312
1366,cut1,1366,POPC,209,15.583638191223145,249.06417846679688,99.06043243408203
1366,cut1,1366,POPC,210,38.02907180786133,197.78421020507812,88.80740356445312
1366,cut1,1366,POPC,211,158.39732360839844,112.66400146484375,91.91136932373047
1366,cut1,1366,POPC,212,20.223905563354492,11.742825508117676,101.9857406616211
1366,cut1,1366,POPC,213,155.24710083007812,75.8336410522461,95.24203491210938
1366,cut1,1366,POPC,214,180.26278686523438,171.0812530517578,98.32831573486328
1366,cut1,1366,POPC,215,171.72633361816406,7.930838584899902,100.61094665527344
1366,cut1,1366,POPC,216,93.6339111328125,27.06968116760254,102.17510986328125
1366,cut1,1366,POPC,217,146.33969116210938,147.7305145263672,86.03086853027344
1366,cut1,1366,POPC,218,155.7703399658203,216.8502960205078,85.78361511230469
1366,cut1,1366,POPC,219,124.15432739257812,4.423069953918457,100.00084686279297
1366,cut1,1366,POPC,220,35.77155685424805,240.70884704589844,101.78622436523438
1366,cut1,1366,POPC,221,174.73196411132812,152.40051269531253,94.28067016601562
1366,cut1,1366,POPC,222,60.1092643737793,69.72811889648438,94.16743469238281
1366,cut1,1366,POPC,223,85.26290130615234,142.1609649658203,84.62884521484375
1366,cut1,1366,POPC,224,90.90577697753906,89.52915954589844,84.98872375488281
1366,cut1,1366,POPC,225,181.9579315185547,246.00051879882812,98.17993927001953
1366,cut1,1366,POPC,226,27.57606315612793,141.9813232421875,77.88976287841797
1366,cut1,1366,POPC,227,61.172386169433594,184.6974639892578,84.46903991699219
1366,cut1,1366,POPC,228,5.346837520599365,68.97493743896484,93.94525146484375
1366,cut1,1366,POPC,229,99.25431060791016,90.54548645019531,82.087646484375
1366,cut1,1366,POPC,230,146.6934814453125,168.56932067871094,89.90009307861328
1366,cut1,1366,POPC,231,157.77330017089844,61.31922149658203,96.98064422607422
1366,cut1,1366,POPC,232,133.69993591308594,184.8538055419922,48.06398391723633
1366,cut1,1366,POPC,233,130.25547790527344,183.46189880371094,80.9813461303711
1366,cut1,1366,POPC,234,31.224050521850586,210.504638671875,92.8597412109375
1366,cut1,1366,POPC,235,180.99264526367188,14.20921802520752,102.29022216796876
1366,cut1,1366,POPC,236,187.867431640625,48.396209716796875,101.90410614013672
1366,cut1,1366,POPC,237,120.09878540039062,159.8153839111328,80.04643249511719
1366,cut1,1366,POPC,238,90.02479553222656,49.028282165527344,98.76105499267578
1366,cut1,1366,POPC,239,79.08641052246094,53.335121154785156,98.27132415771484
1366,cut1,1366,POPC,240,46.16213607788086,69.18343353271484,97.11660766601562
1366,cut1,1366,POPC,241,18.358121871948242,241.82615661621094,101.3870849609375
1366,cut1,1366,POPC,242,150.07179260253906,120.41947174072266,88.51583099365234
1366,cut1,1366,POPC,243,120.83333587646484,52.94892120361328,87.74414825439453
1366,cut1,1366,POPC,244,62.7142448425293,31.991788864135742,98.86479949951172
1366,cut1,1366,POPC,245,186.5387725830078,54.045265197753906,99.17674255371094
1366,cut1,1366,POPC,246,114.95404052734375,93.79400634765625,77.25728607177734
1366,cut1,1366,POPC,247,25.08820152282715,29.595834732055664,63.23504638671875
1366,cut1,1366,POPC,248,45.9931526184082,92.712890625,93.16246795654297
1366,cut1,1366,POPC,249,80.5912094116211,82.74784851074219,85.79963684082031
1366,cut1,1366,POPC,250,175.45292663574222,74.91952514648438,96.75868225097656
1366,cut1,1366,POPC,251,104.33918762207031,57.741058349609375,88.16748809814453
1366,cut1,1366,POPC,252,136.07521057128906,105.37972259521484,76.15299224853516
1366,cut1,1366,POPC,253,86.7565689086914,234.8754119873047,104.11367797851562
1366,cut1,1366,POPC,254,79.42279815673828,222.6171875,101.0011978149414
1366,cut1,1366,POPC,255,124.23795318603516,184.51956176757812,81.92140197753906
1366,cut1,1366,POPC,256,13.539647102355957,56.98008728027344,96.99955749511719
1366,cut1,1366,POPC,257,133.70883178710938,247.70877075195312,97.94525146484375
1366,cut1,1366,POPC,258,40.40645980834961,83.49529266357422,99.12846374511719
1366,cut1,1366,POPC,259,45.61830520629883,153.1399383544922,72.88142395019531
1366,cut1,1366,POPC,260,130.4466094970703,85.47044372558594,80.711181640625
1366,cut1,1366,POPC,261,181.69085693359375,29.382959365844727,101.4046859741211
1366,cut1,1366,POPC,262,78.30598449707031,22.33201026916504,95.07222747802734
1366,cut1,1366,POPC,263,63.4015998840332,100.44419860839844,86.38795471191406
1366,cut1,1366,POPC,264,37.86265182495117,90.05672454833984,95.78746032714844
1366,cut1,1366,POPC,265,173.03836059570312,172.24252319335938,96.5189208984375
1366,cut1,1366,POPC,266,118.80236053466797,246.15762329101562,103.78105926513672
1366,cut1,1366,POPC,267,139.37362670898438,157.82754516601562,86.66755676269531
1366,cut1,1366,POPC,268,112.5478286743164,196.99368286132812,78.91913604736328
1366,cut1,1366,POPC,269,168.93206787109375,25.30217170715332,103.50455474853516
1366,cut1,1366,POPC,270,60.90604019165039,226.74192810058597,94.37476348876953
1366,cut1,1366,POPC,271,5.888303279876709,204.35833740234375,94.43119049072266
1366,cut1,1366,POPC,272,104.2611312866211,18.585451126098633,102.62001037597656
1366,cut1,1366,POPC,273,63.17123031616211,38.021514892578125,98.37234497070312
1366,cut1,1366,POPC,274,150.9524383544922,93.84227752685547,92.5908432006836
1366,cut1,1366,POPC,275,14.36070728302002,121.03388977050781,93.25700378417969
1366,cut1,1366,POPC,276,15.096348762512207,247.5343475341797,58.083667755126946
1366,cut1,1366,POPC,277,98.69402313232422,79.16685485839844,85.47891235351562
1366,cut1,1366,POPC,278,6.324574947357178,75.46256256103516,93.00431060791016
1366,cut1,1366,POPC,279,163.5750732421875,245.80902099609375,100.94850158691405
1366,cut1,1366,POPC,280,42.29136276245117,109.78428649902344,88.53478240966797
1366,cut1,1366,POPC,281,161.50843811035156,148.06881713867188,92.01445770263672
1366,cut1,1366,POPC,282,89.16682434082031,108.61038970947266,84.80976104736328
1366,cut1,1366,POPC,283,90.87838745117188,196.72633361816406,84.09464263916016
1366,cut1,1366,POPC,284,119.70089721679688,135.30740356445312,82.18013000488281
1366,cut1,1366,POPC,285,169.58131408691406,66.3688735961914,94.56206512451172
1366,cut1,1366,POPC,286,168.6101837158203,192.91444396972656,94.24303436279297
1366,cut1,1366,POPC,287,67.89848327636719,136.78866577148438,72.1611328125
1366,cut1,1366,POPC,288,68.68001556396484,10.284808158874512,99.7818832397461
1366,cut1,1366,POPC,289,30.539884567260742,53.90680694580078,99.62091827392578
1366,cut1,1366,POPC,290,93.21773529052734,238.78765869140625,105.18931579589844
1366,cut1,1366,POPC,291,168.64471435546875,217.43455505371094,98.7266616821289
1366,cut1,1366,POPC,292,42.56050491333008,193.14183044433594,86.83030700683592
1366,cut1,1366,POPC,293,25.639875411987305,241.61720275878906,102.10525512695312
1366,cut1,1366,POPC,294,4.582608699798584,3.554358720779419,98.49575805664062
1366,cut1,1366,POPC,295,124.69452667236328,82.68798065185547,44.46342086791992
1366,cut1,1366,POPC,296,79.4561767578125,245.5623016357422,103.61119842529297
1366,cut1,1366,POPC,297,178.28082275390625,110.73655700683594,95.39324951171874
1366,cut1,1366,POPC,298,116.27571868896484,186.22842407226562,74.04932403564453
1366,cut1,1366,POPC,299,57.17005157470703,113.51007843017578,80.56549072265625
1366,cut1,1366,POPC,300,176.5940704345703,3.0308868885040283,101.01026153564453
1366,cut1,1366,POPC,301,18.026830673217773,206.26536560058594,96.39068603515625
1366,cut1,1366,POPC,302,60.133514404296875,88.63072967529297,91.21143341064453
1366,cut1,1366,POPC,303,41.45542526245117,206.95474243164062,90.92871856689453
1366,cut1,1366,POPC,304,130.7806396484375,74.78099060058594,79.78894805908203
1366,cut1,1366,POPC,305,27.2825984954834,151.3093719482422,80.60816955566406
1366,cut1,1366,POPC,306,20.61275291442871,83.35535430908203,93.29430389404297
1366,cut1,1366,POPC,307,36.3845329284668,175.84671020507812,82.70970916748047
1366,cut1,1366,POPC,308,136.6337890625,27.569799423217773,102.08343505859375
1366,cut1,1366,POPC,309,79.80589294433594,25.876558303833008,99.36688232421875
1366,cut1,1366,POPC,310,58.9210205078125,162.2777099609375,79.05162048339844
1366,cut1,1366,POPC,311,180.5959014892578,43.906272888183594,100.51718139648438
1366,cut1,1366,POPC,312,51.1767463684082,10.613619804382324,95.1204605102539
1366,cut1,1366,POPC,313,160.46673583984375,106.16272735595703,93.54878997802734
1366,cut1,1366,POPC,314,56.455570220947266,171.4149932861328,81.62599182128906
1366,cut1,1366,POPC,315,178.27923583984375,213.6299285888672,97.47750854492188
1366,cut1,1366,POPC,316,170.90113830566406,34.5842170715332,99.5973892211914
1366,cut1,1366,POPC,317,81.73363494873047,215.45375061035156,96.77898406982422
1366,cut1,1366,POPC,318,19.347387313842773,21.69432258605957,102.55143737792969
1366,cut1,1366,POPC,319,22.99726676940918,149.0177764892578,76.10555267333984
1366,cut1,1366,POPC,320,55.48550033569336,211.6577911376953,92.2951431274414
1366,cut1,1366,POPC,321,3.9307608604431152,-3.0270602703094482,99.3395004272461
1366,cut1,1366,POPC,322,123.79485321044922,91.66969299316406,74.78788757324219
1366,cut1,1366,POPC,323,178.17117309570312,122.58682250976562,97.753173828125
1366,cut1,1366,POPC,324,185.36428833007812,79.16703796386719,95.80725860595703
1366,cut1,1366,POPC,325,127.37615203857422,16.044713973999023,103.51322174072266
1366,cut1,1366,POPC,326,111.42692565917969,47.381103515625,89.94611358642578
1366,cut1,1366,POPC,327,129.2961883544922,25.840391159057617,102.05326080322266
1366,cut1,1366,POPC,328,19.666501998901367,38.59018325805664,100.04785919189453
1366,cut1,1366,POPC,329,58.286582946777344,102.40713500976562,87.48101806640625
1366,cut1,1366,POPC,330,32.6358528137207,-1.1896388530731201,100.02973175048828
1366,cut1,1366,POPC,331,141.4452362060547,191.06271362304688,94.02798461914062
1366,cut1,1366,POPC,332,106.59112548828125,24.770105361938477,101.05303955078125
1366,cut1,1366,POPC,333,186.27317810058594,112.26549530029297,97.91593170166016
1366,cut1,1366,POPC,334,179.80239868164062,91.9178237915039,95.54598999023438
1366,cut1,1366,POPC,335,3.8231406211853027,23.281782150268555,103.82569122314453
1366,cut1,1366,POPC,336,49.88155746459961,160.33497619628906,70.96220397949219
1366,cut1,1366,POPC,337,151.73214721679688,165.07298278808594,93.8431396484375
1366,cut1,1366,POPC,338,6.641927242279053,96.22299194335938,95.69684600830078
1366,cut1,1366,POPC,339,107.63243865966797,70.80963897705078,84.31741333007812
1366,cut1,1366,POPC,340,157.0842742919922,7.949080467224121,102.90546417236328
1366,cut1,1366,POPC,341,135.65611267089844,191.1608123779297,92.00236511230469
1366,cut1,1366,POPC,342,26.702329635620117,18.069440841674805,100.34220886230469
1366,cut1,1366,POPC,343,11.613308906555176,215.6331787109375,97.51988220214844
1366,cut1,1366,POPC,344,106.17266845703125,51.21160125732422,93.85731506347656
1366,cut1,1366,POPC,345,142.31915283203125,140.21066284179688,88.07456970214844
1366,cut1,1366,POPC,346,157.9345703125,90.66900634765625,94.69109344482422
1366,cut1,1366,POPC,347,183.74993896484375,192.91943359375,58.35356903076172
1366,cut1,1366,POPC,348,125.99333953857422,69.38563537597656,83.06836700439453
1366,cut1,1366,POPC,349,171.47311401367188,48.396484375,100.19925689697266
1366,cut1,1366,POPC,350,141.11090087890625,114.12413024902344,84.9412612915039
1366,cut1,1366,POPC,351,31.760587692260742,175.1669464111328,85.33761596679688
1366,cut1,1366,POPC,352,3.4686789512634277,35.51732635498047,101.30635833740234
1366,cut1,1366,POPC,353,179.58721923828125,230.2049102783203,100.51741790771484
1366,cut1,1366,POPC,354,25.677213668823242,106.2173843383789,91.77207946777344
1366,cut1,1366,POPC,355,73.22386169433594,141.4138946533203,79.17849731445312
1366,cut1,1366,POPC,356,91.46724700927734,220.04693603515628,101.10298156738281
1366,cut1,1366,POPC,357,1.3144811391830444,77.40117645263672,93.71502685546875
1366,cut1,1366,POPC,358,58.84965515136719,192.02389526367188,91.61228942871094
1366,cut1,1366,POPC,359,132.5646820068359,218.30738830566406,86.32304382324219
1366,cut1,1366,POPC,360,189.89459228515625,226.00015258789062,96.82298278808594
1366,cut1,1366,POPC,361,28.107961654663086,181.37681579589844,87.91117858886719
1366,cut1,1366,POPC,362,98.96392822265625,245.039306640625,101.7215805053711
1366,cut1,1366,POPC,363,129.85826110839844,129.76475524902344,81.28814697265625
1366,cut1,1366,POPC,364,39.8784065246582,153.3194122314453,77.62484741210938
1366,cut1,1366,POPC,365,82.85420989990234,71.56460571289062,93.98938751220703
1366,cut1,1366,POPC,366,94.55062866210938,93.75898742675781,79.74331665039062
1366,cut1,1366,POPC,367,127.84844970703125,174.947021484375,80.64907836914062
1366,cut1,1366,POPC,368,184.26193237304688,72.9240951538086,94.50584411621094
1366,cut1,1366,POPC,369,121.67190551757812,10.532919883728027,105.29318237304688
1366,cut1,1366,POPC,370,155.32252502441406,160.46849060058594,93.62394714355469
1366,cut1,1366,POPC,371,60.70578384399414,155.87869262695312,76.01005554199219
1366,cut1,1366,POPC,372,5.747281551361084,223.42445373535156,98.51700592041016
1366,cut1,1366,POPC,373,37.116764068603516,215.5990447998047,95.43426513671875
1366,cut1,1366,POPC,374,13.754170417785645,29.148340225219727,104.03323364257812
1366,cut1,1366,POPC,375,67.10030364990234,224.24549865722656,96.04447937011719
1366,cut1,1366,POPC,376,35.03731155395508,101.99177551269531,86.6368408203125
1366,cut1,1366,POPC,377,113.59263610839844,14.34856128692627,102.36573028564453
1366,cut1,1366,POPC,378,101.69695281982422,114.130615234375,74.84071350097656
1366,cut1,1366,POPC,379,7.019704341888428,45.742061614990234,98.26219940185547
1366,cut1,1366,POPC,380,57.27648162841797,108.28907775878906,85.49369049072266
1366,cut1,1366,POPC,381,34.310665130615234,5.553936958312988,96.4273681640625
1366,cut1,1366,POPC,382,32.5030632019043,166.6143341064453,77.1903305053711
1366,cut1,1366,POPC,383,148.46771240234375,42.157962799072266,100.22027587890625
1366,cut1,1366,POPC,384,21.284460067749023,156.86949157714844,79.16620635986328
1366,cut1,1366,POPC,385,153.6806640625,199.46844482421875,96.32515716552734
1366,cut1,1366,POPC,386,90.07223510742188,248.43849182128906,104.41879272460938
1366,cut1,1366,POPC,387,69.0290298461914,21.047990798950195,97.38553619384766
1366,cut1,1366,POPC,388,78.46589660644531,151.48326110839844,84.17855072021484
1366,cut1,1366,POPC,389,163.6197052001953,57.400550842285156,97.42732238769531
1366,cut1,1366,POPC,390,179.0403594970703,129.82752990722656,97.54698181152344
1366,cut1,1366,POPC,391,164.05999755859375,25.243135452270508,100.13610076904297
1366,cut1,1366,POPC,392,91.18804168701172,147.90457153320312,85.86547088623047
1366,cut1,1366,POPC,393,189.68934631347656,215.9250946044922,98.03182983398438
1366,cut1,1366,POPC,394,41.267940521240234,16.536317825317383,99.28443908691406
1366,cut1,1366,POPC,395,186.95362854003906,158.35629272460938,58.47959518432617
1366,cut1,1366,POPC,396,65.69921112060547,162.19729614257812,82.2768783569336
1366,cut1,1366,POPC,397,3.4862570762634277,64.0130844116211,96.31912994384766
1366,cut1,1366,POPC,398,124.86457824707031,138.45095825195312,83.60458374023438
1366,cut1,1366,POPC,399,2.4006552696228027,112.34798431396484,96.89191436767578
1366,cut1,1366,POPC,400,93.23883819580078,83.09274291992188,84.11921691894531
1366,cut1,1366,POPC,401,165.2716979980469,171.8540802001953,96.9191665649414
1366,cut1,1366,POPC,402,99.959716796875,57.07655334472656,93.9644546508789
1366,cut1,1366,POPC,403,139.8745880126953,109.45709228515625,81.77184295654297
1366,cut1,1366,POPC,404,126.05006408691408,163.8828125,77.51038360595703
1366,cut1,1366,POPC,405,60.60161590576172,240.4571533203125,96.76850891113281
1366,cut1,1366,POPC,406,17.33376121520996,192.59698486328125,92.79383850097656
1366,cut1,1366,POPC,407,153.39309692382812,192.32110595703125,94.5172119140625
1366,cut1,1366,POPC,408,133.9922637939453,21.10834312438965,103.67828369140625
1366,cut1,1366,POPC,409,44.414493560791016,230.35276794433594,94.700927734375
1366,cut1,1366,POPC,410,85.87593841552734,170.77601623535156,86.48470306396484
1366,cut1,1366,POPC,411,81.63339233398438,16.65220832824707,95.95451354980469
1366,cut1,1366,POPC,412,58.683433532714844,81.118408203125,90.7481460571289
1366,cut1,1366,POPC,413,164.92784118652344,100.89319610595703,97.68970489501953
1366,cut1,1366,POPC,414,184.9175567626953,97.70726776123047,94.51444244384766
1366,cut1,1366,POPC,415,160.18016052246094,12.186413764953613,103.2795639038086
1366,cut1,1366,POPC,416,111.81092071533203,240.61965942382812,103.62158203125
1366,cut1,1366,POPC,417,26.46492576599121,190.50926208496094,86.46673583984375
1366,cut1,1366,POPC,418,119.74567413330078,16.072725296020508,105.12765502929688
1366,cut1,1366,POPC,419,85.09481811523438,42.596771240234375,97.9281005859375
1366,cut1,1366,POPC,420,14.63902759552002,70.25833892822266,94.23308563232422
1366,cut1,1366,POPC,421,86.58432006835938,133.92100524902344,84.86467742919922
1366,cut1,1366,POPC,422,74.57019805908203,16.957826614379883,98.61448669433594
1366,cut1,1366,POPC,423,171.64373779296875,243.96426391601562,104.85689544677734
1366,cut1,1366,POPC,424,98.82290649414062,102.40421295166016,81.2881851196289
1366,cut1,1366,POPC,425,179.97544860839847,83.64179992675781,96.2045669555664
1366,cut1,1366,POPC,426,17.714292526245117,180.94671630859375,90.6962661743164
1366,cut1,1366,POPC,427,67.98402404785156,231.35858154296875,98.45684051513672
1366,cut1,1366,POPC,428,157.68240356445312,132.8112335205078,93.12969970703125
1366,cut1,1366,POPC,429,137.46043395996094,149.341796875,84.30396270751953
1366,cut1,1366,POPC,430,67.85137939453125,72.56629180908203,91.45357513427734
1366,cut1,1366,POPC,431,21.3083553314209,58.73212432861328,93.216064453125
1366,cut1,1366,POPC,432,180.70944213867188,207.4656524658203,95.88484954833984
1366,cut1,1366,POPC,433,189.41075134277344,134.96173095703125,94.95159912109376
1366,cut1,1366,POPC,434,16.064489364624023,104.21903991699219,92.70291900634766
1366,cut1,1366,POPC,435,140.13641357421875,127.12696075439452,86.2505874633789
1366,cut1,1366,POPC,436,176.66517639160156,99.32698059082031,95.83904266357422
1366,cut1,1366,POPC,437,74.43850708007812,76.28868865966797,91.3848648071289
1366,cut1,1366,POPC,438,42.49759292602539,61.12310028076172,100.48597717285156
1366,cut1,1366,POPC,439,58.023353576660156,27.245351791381836,95.94677734375
1366,cut1,1366,POPC,440,7.386754512786864,241.7009735107422,99.44805908203125
1366,cut1,1366,POPC,441,33.85004806518555,32.714839935302734,105.09545135498047
1366,cut1,1366,POPC,442,154.19224548339844,205.6166229248047,95.57530212402345
1366,cut1,1366,POPC,443,136.8457794189453,143.3721160888672,84.04923248291016
1366,cut1,1366,POPC,444,188.50880432128906,11.17177677154541,99.9164276123047
1366,cut1,1366,POPC,445,160.70806884765625,20.574663162231445,101.53597259521484
1366,cut1,1366,POPC,446,129.24119567871094,121.00672912597656,80.25205993652344
1366,cut1,1366,POPC,447,104.91139221191406,192.30111694335938,77.21248626708984
1366,cut1,1366,POPC,448,144.44483947753906,40.74775695800781,95.57275390625
1366,cut1,1366,POPC,449,174.70547485351562,119.37754821777344,94.13551330566406
1366,cut1,1366,POPC,450,68.23780822753906,108.11652374267578,84.38773345947266
1366,cut1,1366,POPC,451,115.22164154052734,143.7924041748047,79.29199981689453
1366,cut1,1366,POPC,452,155.6326446533203,144.8267364501953,88.70552825927734
1366,cut1,1366,POPC,453,160.00579833984375,163.3947296142578,96.57656860351562
1366,cut1,1366,POPC,454,72.84577178955078,158.8455352783203,85.85177612304688
1366,cut1,1366,POPC,455,13.783421516418457,84.76403045654297,93.3836441040039
1366,cut1,1366,POPC,456,57.11569595336914,4.6897993087768555,96.13092803955078
1366,cut1,1366,POPC,457,62.96245193481445,169.3196563720703,82.28179168701172
1366,cut1,1366,POPC,458,92.8355484008789,115.26262664794922,81.90492248535156
1366,cut1,1366,POPC,459,172.30731201171875,143.28086853027344,97.85597229003906
1366,cut1,1366,POPC,460,98.24240112304688,61.95532989501953,86.12565612792969
1366,cut1,1366,POPC,461,72.43144989013672,42.127750396728516,100.17579650878906
1366,cut1,1366,POPC,462,11.873799324035645,183.9169464111328,88.21551513671875
1366,cut1,1366,POPC,463,13.27824878692627,6.22617244720459,101.82183837890625
1366,cut1,1366,POPC,464,80.01586151123047,252.46070861816406,99.26327514648438
1366,cut1,1366,POPC,465,165.40577697753906,7.761872291564941,100.4539566040039
1366,cut1,1366,POPC,466,49.19853591918945,35.70747756958008,95.57061004638672
1366,cut1,1366,POPC,467,94.84529876708984,218.70175170898438,58.482242584228516
1366,cut1,1366,POPC,468,32.94472122192383,60.33856201171875,99.32490539550781
1366,cut1,1366,POPC,469,62.55669021606445,109.83966827392578,82.64567565917969
1366,cut1,1366,POPC,470,34.5053825378418,14.090651512145996,100.33946990966797
1366,cut1,1366,POPC,471,65.99588775634766,249.70730590820312,56.97737121582031
1366,cut1,1366,POPC,472,135.5688018798828,183.62518310546875,86.08541870117188
1366,cut1,1366,POPC,473,181.12705993652344,177.37744140625003,97.33383178710938
1366,cut1,1366,POPC,474,164.33990478515625,184.3033447265625,96.19135284423828
1366,cut1,1366,POPC,475,147.05001831054688,184.36891174316406,91.51924896240234
1366,cut1,1366,POPC,476,163.93539428710938,42.64543533325195,99.51020050048828
1366,cut1,1366,POPC,477,71.4036636352539,189.51373291015625,83.56464385986328
1366,cut1,1366,POPC,478,172.63748168945312,107.02944946289062,95.17105865478516
1366,cut1,1366,POPC,479,7.31647253036499,88.56502532958984,94.56658935546875
1366,cut1,1366,POPC,480,177.51568603515625,65.23866271972656,96.23494720458984
1366,cut1,1366,POPC,481,106.79234313964844,14.163533210754395,101.43254089355469
1366,cut1,1366,POPC,482,86.99156188964844,115.25595092773438,85.40763092041016
1366,cut1,1366,POPC,483,39.8038215637207,222.9197235107422,95.73881530761719
1366,cut1,1366,POPC,484,89.83583068847656,98.69806671142578,83.18553161621094
1366,cut1,1366,POPC,485,67.55623626708984,86.142578125,90.6073226928711
1366,cut1,1366,POPC,486,75.87068939208984,213.99037170410156,95.3602294921875
1366,cut1,1366,POPC,487,150.9383544921875,34.67873001098633,99.41219329833984
1366,cut1,1366,POPC,488,151.74588012695312,209.22683715820312,90.80619049072266
1366,cut1,1366,POPC,489,136.7509307861328,173.51393127441406,86.53264617919922
1366,cut1,1366,POPC,490,69.87582397460938,174.25338745117188,84.87582397460938
1366,cut1,1366,POPC,491,21.21486473083496,111.43257904052734,90.3127212524414
1366,cut1,1366,POPC,492,168.6957855224609,133.04318237304688,97.2454833984375
1366,cut1,1366,POPC,493,78.0735092163086,11.859951972961426,98.2388687133789
1366,cut1,1366,POPC,494,26.460752487182617,44.991737365722656,100.56333923339844
1366,cut1,1366,POPC,495,78.15327453613281,201.6101837158203,91.58302307128906
1366,cut1,1366,POPC,496,101.82482910156251,26.379770278930664,104.53960418701172
1366,cut1,1366,POPC,497,33.7685661315918,145.4884490966797,77.67259216308594
1366,cut1,1366,POPC,498,122.40813446044922,142.88739013671875,79.09339904785156
1366,cut1,1366,POPC,499,109.35933685302734,140.00704956054688,80.37628173828125
1366,cut1,1366,POPC,500,98.04100799560547,51.22899627685547,97.30734252929688
1366,cut1,1366,POPC,501,62.382686614990234,150.24827575683594,76.72978973388672
1366,cut1,1366,POPC,502,42.038455963134766,145.33811950683594,71.68889617919922
1366,cut1,1366,POPC,503,25.379873275756836,53.191925048828125,96.02998352050781
1366,cut1,1366,POPC,504,49.89650344848633,141.4888916015625,70.9972152709961
1366,cut1,1366,POPC,505,92.2801742553711,226.92355346679688,102.72148895263672
1366,cut1,1366,POPC,506,30.010305404663086,26.07004737854004,98.43238830566406
1366,cut1,1366,POPC,507,96.9874267578125,39.33005905151367,99.00916290283203
1366,cut1,1366,POPC,508,83.52395629882812,195.94122314453125,83.85982513427734
1366,cut1,1366,POPC,509,119.53888702392578,181.77403259277344,78.19078826904297
1366,cut1,1366,POPC,510,175.80661010742188,190.80145263671875,96.24736785888672
1366,cut1,1366,POPC,511,95.58039855957031,63.855865478515625,53.06842041015625
1366,cut1,1366,POPC,512,118.20122528076173,86.15789794921875,79.02848815917969
1366,cut1,1366,POPC,513,109.55272674560547,87.48974609375,80.70039367675781
1366,cut1,1366,POPC,514,182.2721405029297,36.76078796386719,98.71391296386719
1366,cut1,1366,POPC,515,123.68445587158203,29.96065330505371,101.28984069824219
1366,cut1,1366,POPC,516,83.42800903320312,56.60945129394531,95.67666625976562
1366,cut1,1366,POPC,517,50.51893997192383,212.8354949951172,89.26300048828125
1366,cut1,1366,POPC,518,59.26569366455078,136.17889404296875,68.68447875976562
1366,cut1,1366,POPC,519,120.50352478027344,77.45526885986328,83.69651794433594
1366,cut1,1366,POPC,520,72.93025207519531,59.990882873535156,95.43196105957031
1366,cut1,1366,POPC,521,48.419734954833984,55.13020324707031,96.93013763427734
1366,cut1,1366,POPC,522,11.763943672180176,109.8683090209961,94.66522979736328
1366,cut1,1366,POPC,523,156.75682067871094,174.6569366455078,95.72409057617188
1366,cut1,1366,POPC,524,16.450376510620117,218.86990356445312,97.22128295898438
1366,cut1,1366,POPC,525,96.91573333740234,219.4038848876953,98.06396484375
1366,cut1,1366,POPC,526,42.93586349487305,102.42675018310547,86.9413833618164
1366,cut1,1366,POPC,527,173.9634246826172,28.586519241333008,102.53245544433595
1366,cut1,1366,POPC,528,56.863075256347656,33.437252044677734,96.80716705322266
1366,cut1,1366,POPC,529,7.245755672454834,16.37021827697754,102.26978302001953
1366,cut1,1366,POPC,530,188.73300170898438,234.42076110839844,99.18595886230469
1366,cut1,1366,POPC,531,46.64591598510742,199.25860595703125,89.44100952148438
1366,cut1,1366,POPC,532,0.4710516035556793,117.82605743408203,98.7185287475586
1366,cut1,1366,POPC,533,16.716886520385742,64.50751495361328,94.20220184326172
1366,cut1,1366,POPC,534,144.7528076171875,212.3916015625,87.8138656616211
1366,cut1,1366,POPC,535,189.03204345703125,250.3820343017578,99.73950958251953
1366,cut1,1366,POPC,536,61.55401611328125,118.03155517578125,80.6834716796875
1366,cut1,1366,POPC,537,147.5906219482422,126.41297912597656,90.24313354492188
1366,cut1,1366,POPC,538,13.858441352844238,93.82917785644531,94.28482818603516
1366,cut1,1366,POPC,539,146.41311645507812,219.7826385498047,88.13798522949219
1366,cut1,1366,POPC,540,55.8899040222168,230.2730712890625,94.18407440185547
1366,cut1,1366,POPC,541,174.56005859375,41.360790252685554,100.5864028930664
1366,cut1,1366,POPC,542,156.8492889404297,243.98768615722656,100.26876831054688
1366,cut1,1366,POPC,543,19.65070915222168,200.10777282714844,92.90161895751953
1366,cut1,1366,POPC,544,62.996883392333984,45.495269775390625,97.43440246582031
1366,cut1,1366,POPC,545,23.93099021911621,72.96936798095703,99.0539779663086
1366,cut1,1366,POPC,546,166.47731018066406,160.4908905029297,95.27474975585938
1366,cut1,1366,POPC,547,28.245710372924805,38.576961517333984,99.26345825195312
1366,cut1,1366,POPC,548,28.787832260131836,32.629249572753906,101.87215423583984
1366,cut1,1366,POPC,549,52.4902458190918,154.5478515625,72.84711456298828
1366,cut1,1366,POPC,550,96.68179321289062,125.28382873535156,82.72794342041016
1366,cut1,1366,POPC,551,73.23136901855469,90.98633575439453,90.0403823852539
1366,cut1,1366,POPC,552,166.79612731933594,198.79136657714844,94.97386169433594
1366,cut1,1366,POPC,553,55.94784164428711,142.02951049804688,70.35602569580078
1366,cut1,1366,POPC,554,28.947195053100586,169.41741943359375,82.0065231323242
1366,cut1,1366,POPC,555,66.3562240600586,182.2557373046875,82.7225112915039
1366,cut1,1366,POPC,556,49.45766067504883,100.73974609374999,87.786376953125
1366,cut1,1366,POPC,557,59.70001220703125,207.7477569580078,93.6701889038086
1366,cut1,1366,POPC,558,84.8739013671875,252.69578552246094,99.65518951416016
1366,cut1,1366,POPC,559,156.95542907714844,81.9142837524414,91.98300933837889
1366,cut1,1366,POPC,560,168.86190795898438,72.79346466064453,97.53241729736328
1366,cut1,1366,POPC,561,93.96272277832031,106.92588806152344,81.0155563354492
1366,cut1,1366,POPC,562,151.7969512939453,139.4283905029297,90.73955535888672
1366,cut1,1366,POPC,563,25.499425888061523,216.52377319335938,95.76863861083984
1366,cut1,1366,POPC,564,61.945289611816406,52.16371154785156,97.23343658447266
1366,cut1,1366,POPC,565,24.350263595581055,228.7943115234375,100.30070495605469
1366,cut1,1366,POPC,566,168.83761596679688,147.76219177246094,92.90520477294922
1366,cut1,1366,POPC,567,92.7383804321289,173.2059326171875,83.23197174072266
1366,cut1,1366,POPC,568,75.40786743164062,132.72061157226562,71.35897064208984
1366,cut1,1366,POPC,569,172.0144805908203,54.389923095703125,97.97149658203125
1366,cut1,1366,POPC,570,162.3602294921875,74.99141693115234,94.76708984375
1366,cut1,1366,POPC,571,0.8857168555259705,13.176690101623535,100.07086944580078
1366,cut1,1366,POPC,572,133.7169647216797,159.69773864746094,83.58252716064453
1366,cut1,1366,POPC,573,44.38473129272461,122.02544403076172,43.872398376464844
1366,cut1,1366,POPC,574,85.7171630859375,31.00831413269043,102.30440521240234
1366,cut1,1366,POPC,575,192.19969177246094,98.98728942871094,94.4862289428711
1366,cut1,1366,POPC,576,144.55465698242188,162.61813354492188,89.0349349975586
1366,cut1,1366,POPC,577,33.93516159057617,68.6322250366211,100.65486907958983
1366,cut1,1366,POPC,578,174.8402862548828,182.30003356933594,98.90782165527344
1366,cut1,1366,POPC,579,138.2528839111328,165.35488891601562,87.58256530761719
1366,cut1,1366,POPC,580,113.33857727050781,232.63209533691406,105.30175018310547
1366,cut1,1366,POPC,581,166.47315979003906,211.69081115722656,98.91844940185547
1366,cut1,1366,POPC,582,180.5886993408203,72.59687805175781,54.759178161621094
1366,cut1,1366,POPC,583,141.68881225585938,35.58766555786133,98.84371948242188
1366,cut1,1366,POPC,584,154.56517028808594,126.50936126708984,90.75226593017578
1366,cut1,1366,POPC,585,177.01979064941406,20.134126663208008,102.22393035888672
1366,cut1,1366,POPC,586,87.16741943359375,243.0013885498047,103.93341827392578
1366,cut1,1366,POPC,587,22.530698776245117,186.7303924560547,88.27360534667969
1366,cut1,1366,POPC,588,64.26943969726562,145.43783569335938,72.54460906982422
1366,cut1,1366,POPC,589,56.45363235473633,84.84859466552734,49.4724006652832
1366,cut1,1366,POPC,590,77.20104217529297,207.49362182617188,93.76657104492188
1366,cut1,1366,POPC,591,182.71853637695312,7.127202033996582,100.95320892333984
1366,cut1,1366,POPC,592,48.39083480834961,206.57608032226562,90.29027557373047
1366,cut1,1366,POPC,593,146.38412475585938,205.12948608398438,90.51404571533203
1366,cut1,1366,POPC,594,109.72245788574219,154.1947021484375,76.87445831298828
1366,cut1,1366,POPC,595,177.28268432617188,57.66283416748047,95.60285949707033
1366,cut1,1366,POPC,596,78.00656127929688,228.63845825195312,101.88239288330078
1366,cut1,1366,POPC,597,72.93480682373047,183.8637237548828,83.18214416503906
1366,cut1,1366,POPC,598,16.453001022338867,170.0675811767578,83.46511840820312
1366,cut1,1366,POPC,599,153.3511199951172,65.01654815673828,96.82120513916016
1366,cut1,1366,POPC,600,57.06636047363281,246.7774658203125,96.6033935546875
1366,cut1,1366,POPC,601,100.9680404663086,68.07550811767578,84.11044311523438
1366,cut1,1366,POPC,602,86.1704330444336,200.5498809814453,91.3097915649414
1366,cut1,1366,POPC,603,111.17881774902344,8.980874061584473,100.59626007080078
1366,cut1,1366,POPC,604,60.57509994506836,219.74440002441406,93.08348846435547
1366,cut1,1366,POPC,605,55.297237396240234,53.53118896484375,93.50655364990234
1366,cut1,1366,POPC,606,42.661502838134766,160.96090698242188,75.6318588256836
1366,cut1,1366,POPC,607,72.63042449951172,149.75244140625,80.2665023803711
1366,cut1,1366,POPC,608,194.94602966308597,196.5645294189453,95.95193481445312
1366,cut1,1366,POPC,609,41.03642654418945,8.304755210876465,98.73382568359375
1366,cut1,1366,POPC,610,97.47978973388673,227.18399047851562,57.788047790527344
1366,cut1,1366,POPC,611,64.73383331298828,92.47833251953125,88.46192169189453
1366,cut1,1366,POPC,612,44.51679611206055,24.92894172668457,95.39095306396484
1366,cut1,1366,POPC,613,46.55099868774414,176.19775390625,78.88023376464844
1366,cut1,1366,POPC,614,189.80291748046875,21.709585189819336,103.36975860595703
1366,cut1,1366,POPC,615,13.528958320617676,231.1494140625,98.54278564453125
1366,cut1,1366,POPC,616,55.75532150268555,130.73648071289062,70.9358901977539
1366,cut1,1366,POPC,617,71.33695220947266,234.73402404785156,98.88648986816406
1366,cut1,1366,POPC,618,93.07499694824219,210.462646484375,94.90570831298828
1366,cut1,1366,POPC,619,15.738896369934082,46.20433044433594,97.93111419677734
1366,cut1,1366,POPC,620,183.52076721191406,225.8546142578125,98.56585693359375
1366,cut1,1366,POPC,621,105.14542388916017,106.79084014892578,79.23649597167969
1366,cut1,1366,POPC,622,123.88095092773438,127.01081085205078,81.65225219726562
1366,cut1,1366,POPC,623,102.59025573730469,136.5643768310547,83.07552337646484
1366,cut1,1366,POPC,624,120.26263427734375,103.3704833984375,37.91312026977539
1366,cut1,1366,POPC,625,54.323246002197266,72.81631469726562,55.25971603393555
1366,cut1,1366,POPC,626,76.43321228027344,187.433349609375,43.954673767089844
1366,cut1,1366,POPC,627,161.3614044189453,178.35275268554688,55.63908386230469
1366,cut1,1366,POPC,628,59.15270233154297,77.89903259277344,53.689037322998054
1366,cut1,1366,POPC,629,174.16371154785156,75.0155258178711,55.23263168334961
1366,cut1,1366,POPC,630,142.83541870117188,17.786027908325195,62.58387756347656
1366,cut1,1366,POPC,631,149.0110626220703,207.17840576171875,47.873783111572266
1366,cut1,1366,POPC,632,107.51183319091797,181.04489135742188,41.5085334777832
1366,cut1,1366,POPC,633,148.37124633789062,32.40168762207031,59.82203674316406
1366,cut1,1366,POPC,634,151.7186279296875,40.53703308105469,60.95452117919922
1366,cut1,1366,POPC,635,38.77164840698242,243.09347534179688,57.692970275878906
1366,cut1,1366,POPC,636,17.539854049682617,5.174683570861816,61.14861297607422
1366,cut1,1366,POPC,637,56.00431442260742,241.1881561279297,59.51584243774414
1366,cut1,1366,POPC,638,98.71099853515625,238.16839599609375,61.67345428466797
1366,cut1,1366,POPC,639,63.80240249633789,10.388640403747559,57.06774139404297
1366,cut1,1366,POPC,640,18.166135787963867,205.7258758544922,51.47771453857422
1366,cut1,1366,POPC,641,91.98363494873047,246.55453491210938,62.343894958496094
1366,cut1,1366,POPC,642,88.52677917480469,220.631103515625,60.302608489990234
1366,cut1,1366,POPC,643,36.06003189086914,94.87063598632811,49.600589752197266
1366,cut1,1366,POPC,644,35.984989166259766,101.28459167480469,51.20338821411133
1366,cut1,1366,POPC,645,114.46124267578125,247.72508239746094,61.595306396484375
1366,cut1,1366,POPC,646,170.03746032714844,191.9619140625,59.616119384765625
1366,cut1,1366,POPC,647,164.4308319091797,106.16857147216797,54.63652801513672
1366,cut1,1366,POPC,648,143.6197509765625,178.2378692626953,44.279624938964844
1366,cut1,1366,POPC,649,80.32855224609375,2.6824734210968018,65.8188705444336
1366,cut1,1366,POPC,650,191.37010192871094,184.5189666748047,59.56327438354492
1366,cut1,1366,POPC,651,150.31422424316406,194.84478759765625,59.81330108642578
1366,cut1,1366,POPC,652,168.4254608154297,228.27816772460938,55.23603057861328
1366,cut1,1366,POPC,653,47.54142379760742,206.81109619140625,51.81985855102539
1366,cut1,1366,POPC,654,2.9370627403259277,23.442697525024414,64.74091339111328
1366,cut1,1366,POPC,655,9.323864936828613,23.81696128845215,62.12506866455078
1366,cut1,1366,POPC,656,31.120405197143555,172.1218719482422,41.478153228759766
1366,cut1,1366,POPC,657,94.28706359863281,132.98387145996094,47.66330337524414
1366,cut1,1366,POPC,658,8.619793891906737,95.19808197021484,58.37080764770508
1366,cut1,1366,POPC,659,11.946125984191895,42.873905181884766,60.55438232421875
1366,cut1,1366,POPC,660,127.64334869384766,20.437753677368164,60.97650909423828
1366,cut1,1366,POPC,661,169.46095275878906,199.42413330078125,61.26182556152344
1366,cut1,1366,POPC,662,165.3419952392578,168.04124450683594,52.80311584472656
1366,cut1,1366,POPC,663,179.7870330810547,222.142333984375,61.36387634277344
1366,cut1,1366,POPC,664,88.93831634521484,1.807664155960083,63.815582275390625
1366,cut1,1366,POPC,665,172.4362030029297,183.23074340820312,57.81035232543945
1366,cut1,1366,POPC,666,41.75687789916992,28.714990615844727,60.281166076660156
1366,cut1,1366,POPC,667,30.13619041442871,15.606644630432129,58.403114318847656
1366,cut1,1366,POPC,668,184.28085327148438,49.567230224609375,54.882423400878906
1366,cut1,1366,POPC,669,167.53207397460938,237.60247802734375,66.18096923828125
1366,cut1,1366,POPC,670,56.45874786376953,178.48480224609375,43.26019287109375
1366,cut1,1366,POPC,671,87.11076354980469,26.574533462524414,61.290077209472656
1366,cut1,1366,POPC,672,170.00909423828125,148.2714080810547,56.400203704833984
1366,cut1,1366,POPC,673,59.573524475097656,236.7911376953125,56.351585388183594
1366,cut1,1366,POPC,674,84.68215942382812,44.43082809448242,51.17914581298828
1366,cut1,1366,POPC,675,184.2325439453125,184.3777313232422,58.89542770385742
1366,cut1,1366,POPC,676,44.21809005737305,20.452039718627926,60.191184997558594
1366,cut1,1366,POPC,677,109.26084899902344,78.48274993896484,48.847591400146484
1366,cut1,1366,POPC,678,33.06818771362305,84.7003402709961,53.15599822998047
1366,cut1,1366,POPC,679,111.33094024658203,140.72703552246094,40.413352966308594
1366,cut1,1366,POPC,680,36.94045639038086,59.801605224609375,60.557586669921875
1366,cut1,1366,POPC,681,71.73609924316406,192.2548828125,47.5023307800293
1366,cut1,1366,POPC,682,30.733755111694336,246.4470977783203,56.79706573486328
1366,cut1,1366,POPC,683,90.66338348388672,35.74435806274414,56.12983322143555
1366,cut1,1366,POPC,684,48.94973373413086,81.27029418945312,50.464683532714844
1366,cut1,1366,POPC,685,33.25077438354492,77.95420837402344,52.70677947998047
1366,cut1,1366,POPC,686,159.3997344970703,40.15538787841797,60.553810119628906
1366,cut1,1366,POPC,687,59.93096160888672,199.02784729003906,43.35712814331055
1366,cut1,1366,POPC,688,102.0770034790039,146.99734497070312,41.0058479309082
1366,cut1,1366,POPC,689,59.76837158203125,209.1720733642578,51.10197067260742
1366,cut1,1366,POPC,690,65.1938705444336,73.61257934570312,56.020484924316406
1366,cut1,1366,POPC,691,-2.2156929969787598,164.5224151611328,58.611106872558594
1366,cut1,1366,POPC,692,91.44801330566406,16.106637954711914,64.49971008300781
1366,cut1,1366,POPC,693,135.12852478027344,25.944334030151367,61.21837615966797
1366,cut1,1366,POPC,694,193.17510986328125,63.62970733642578,54.99549102783203
1366,cut1,1366,POPC,695,126.22999572753906,10.58588695526123,64.04304504394531
1366,cut1,1366,POPC,696,140.93560791015625,196.86277770996094,56.76881790161133
1366,cut1,1366,POPC,697,6.263761043548584,68.60530090332031,53.506439208984375
1366,cut1,1366,POPC,698,79.31915283203125,64.47179412841797,54.95649337768555
1366,cut1,1366,POPC,699,22.38850975036621,73.80770874023438,53.44064712524414
1366,cut1,1366,POPC,700,83.5467758178711,245.0054473876953,62.103759765625
1366,cut1,1366,POPC,701,25.937147140502926,244.43295288085938,59.83200454711914
1366,cut1,1366,POPC,702,86.56856536865234,203.28695678710938,49.2349739074707
1366,cut1,1366,POPC,703,43.143131256103516,45.30594253540039,61.15519714355469
1366,cut1,1366,POPC,704,4.978909969329834,190.6818084716797,95.35552978515625
1366,cut1,1366,POPC,705,39.10847091674805,83.70000457763672,51.23809814453125
1366,cut1,1366,POPC,706,188.87547302246094,42.0059928894043,60.6734733581543
1366,cut1,1366,POPC,707,26.63990592956543,88.67138671875,52.94269561767578
1366,cut1,1366,POPC,708,83.68724060058594,81.67792510986328,60.434326171875
1366,cut1,1366,POPC,709,177.96859741210938,10.7623929977417,66.57941436767578
1366,cut1,1366,POPC,710,4.83527135848999,43.253108978271484,60.71379089355469
1366,cut1,1366,POPC,711,22.610464096069336,16.310766220092773,57.65422058105469
1366,cut1,1366,POPC,712,20.388479232788086,51.755340576171875,56.865657806396484
1366,cut1,1366,POPC,713,179.89208984375,202.37930297851562,60.05215072631836
1366,cut1,1366,POPC,714,22.735952377319336,229.866455078125,50.485755920410156
1366,cut1,1366,POPC,715,77.0265884399414,243.23388671875,63.92894744873047
1366,cut1,1366,POPC,716,78.49849700927734,193.06834411621094,47.40842819213867
1366,cut1,1366,POPC,717,99.62498474121094,90.40113067626953,41.26653289794922
1366,cut1,1366,POPC,718,-0.4832178056240082,243.36056518554688,65.60671997070312
1366,cut1,1366,POPC,719,116.94654083251953,175.6795196533203,38.06996154785156
1366,cut1,1366,POPC,720,69.084228515625,84.9644546508789,52.262611389160156
1366,cut1,1366,POPC,721,176.71075439453125,133.41488647460938,59.89419174194336
1366,cut1,1366,POPC,722,46.32608413696289,60.115943908691406,58.3221435546875
1366,cut1,1366,POPC,723,74.13193511962889,225.00210571289062,57.8681526184082
1366,cut1,1366,POPC,724,11.044926643371582,57.45697784423828,54.26444625854492
1366,cut1,1366,POPC,725,101.37418365478516,47.50674438476563,61.594444274902344
1366,cut1,1366,POPC,726,40.79633712768555,10.576571464538574,63.113975524902344
1366,cut1,1366,POPC,727,175.91807556152344,226.16932678222656,61.216087341308594
1366,cut1,1366,POPC,728,31.57076072692871,222.70335388183594,51.13441848754883
1366,cut1,1366,POPC,729,62.98537063598633,4.80924129486084,54.48658752441406
1366,cut1,1366,POPC,730,-1.4500681161880493,191.48431396484375,57.87828826904297
1366,cut1,1366,POPC,731,37.77096176147461,233.1547393798828,55.946807861328125
1366,cut1,1366,POPC,732,147.80169677734375,184.80911254882812,55.52254104614258
1366,cut1,1366,POPC,733,150.39407348632812,109.20489501953125,43.13734436035156
1366,cut1,1366,POPC,734,173.51039123535156,249.71614074707034,64.0898666381836
1366,cut1,1366,POPC,735,142.82107543945312,138.47605895996094,50.84932327270508
1366,cut1,1366,POPC,736,116.23401641845703,241.59848022460938,63.06867980957031
1366,cut1,1366,POPC,737,109.76991271972656,3.4612667560577393,61.985069274902344
1366,cut1,1366,POPC,738,179.5941619873047,92.858154296875,56.07520294189453
1366,cut1,1366,POPC,739,58.531288146972656,204.20761108398438,48.513874053955085
1366,cut1,1366,POPC,740,37.959712982177734,196.09689331054688,52.536861419677734
1366,cut1,1366,POPC,741,106.73310852050781,72.52239990234375,50.96136474609375
1366,cut1,1366,POPC,742,171.98895263671875,234.65187072753906,63.72544860839844
1366,cut1,1366,POPC,743,71.12256622314453,94.92809295654297,45.185306549072266
1366,cut1,1366,POPC,744,101.81474304199219,22.04829216003418,61.02281188964844
1366,cut1,1366,POPC,745,179.6602325439453,42.90965270996094,61.966583251953125
1366,cut1,1366,POPC,746,188.45111083984375,36.13037872314453,59.39885711669922
1366,cut1,1366,POPC,747,27.631620407104492,220.53001403808594,47.58149719238281
1366,cut1,1366,POPC,748,146.85433959960935,192.71543884277344,56.01002883911133
1366,cut1,1366,POPC,749,105.84423065185547,231.65774536132812,56.54754638671875
1366,cut1,1366,POPC,750,56.66365432739258,147.5405731201172,35.28956604003906
1366,cut1,1366,POPC,751,24.65663719177246,110.80935668945312,51.48822784423828
1366,cut1,1366,POPC,752,157.64004516601562,141.03005981445312,57.376495361328125
1366,cut1,1366,POPC,753,166.05813598632812,84.07562255859375,57.52865219116211
1366,cut1,1366,POPC,754,183.97695922851562,148.0875244140625,63.978370666503906
1366,cut1,1366,POPC,755,48.66267776489258,235.07577514648438,57.970706939697266
1366,cut1,1366,POPC,756,77.15099334716797,199.44212341308594,47.61665725708008
1366,cut1,1366,POPC,757,60.49796676635742,184.8933868408203,42.90260314941406
1366,cut1,1366,POPC,758,54.7100715637207,248.94366455078128,56.14352798461914
1366,cut1,1366,POPC,759,12.580044746398926,226.5900421142578,60.094268798828125
1366,cut1,1366,POPC,760,165.8696746826172,114.45545196533203,54.89786148071289
1366,cut1,1366,POPC,761,143.3955535888672,183.35963439941406,51.23534393310547
1366,cut1,1366,POPC,762,41.37813949584961,40.00945281982422,59.130252838134766
1366,cut1,1366,POPC,763,13.260106086730957,75.98207092285156,52.079246520996094
1366,cut1,1366,POPC,764,94.36138916015625,31.57847023010254,61.61273193359375
1366,cut1,1366,POPC,765,33.47636795043945,237.04725646972656,54.44610595703125
1366,cut1,1366,POPC,766,1.5395711660385132,10.372532844543457,66.28206634521484
1366,cut1,1366,POPC,767,154.68402099609375,121.802734375,52.527793884277344
1366,cut1,1366,POPC,768,96.91856384277344,38.22770690917969,58.41061782836914
1366,cut1,1366,POPC,769,148.61505126953125,157.69485473632812,47.87191390991211
1366,cut1,1366,POPC,770,41.00333023071289,238.52297973632812,56.26079559326172
1366,cut1,1366,POPC,771,97.74536895751953,47.550514221191406,57.80673599243164
1366,cut1,1366,POPC,772,123.37381744384766,6.729998588562012,68.61625671386719
1366,cut1,1366,POPC,773,175.04464721679688,153.67283630371094,56.857479095458984
1366,cut1,1366,POPC,774,22.536054611206055,184.92689514160156,47.51194381713867
1366,cut1,1366,POPC,775,67.980712890625,61.715087890625,55.26188659667969
1366,cut1,1366,POPC,776,4.6469855308532715,105.16575622558594,64.41106414794922
1366,cut1,1366,POPC,777,86.63631439208984,230.4744415283203,60.461524963378906
1366,cut1,1366,POPC,778,72.30785369873047,24.080095291137695,58.47866439819336
1366,cut1,1366,POPC,779,177.9777374267578,79.63832092285156,54.73957824707031
1366,cut1,1366,POPC,780,40.61623764038086,213.4991912841797,51.5438346862793
1366,cut1,1366,POPC,781,57.844154357910156,9.781722068786621,55.382957458496094
1366,cut1,1366,POPC,782,84.08235168457031,70.17681884765625,52.062374114990234
1366,cut1,1366,POPC,783,67.34931182861328,81.25566101074219,56.55473327636719
1366,cut1,1366,POPC,784,49.499752044677734,54.548187255859375,55.463043212890625
1366,cut1,1366,POPC,785,62.59978103637695,62.79850769042969,52.8279685974121
1366,cut1,1366,POPC,786,26.842138290405273,44.75409698486328,58.57752227783204
1366,cut1,1366,POPC,787,10.872769355773926,101.0141067504883,59.590553283691406
1366,cut1,1366,POPC,788,112.3480224609375,29.786237716674805,58.30521011352539
1366,cut1,1366,POPC,789,25.449071884155273,21.383874893188477,62.87733459472656
1366,cut1,1366,POPC,790,176.322021484375,96.2913589477539,51.54844284057617
1366,cut1,1366,POPC,791,57.92118835449219,93.20770263671875,39.91673278808594
1366,cut1,1366,POPC,792,175.5862579345703,189.04580688476562,58.97780990600586
1366,cut1,1366,POPC,793,170.08966064453128,33.42585372924805,60.17618942260742
1366,cut1,1366,POPC,794,19.28346061706543,45.108211517333984,57.309844970703125
1366,cut1,1366,POPC,795,123.51840209960938,174.7733612060547,42.526702880859375
1366,cut1,1366,POPC,796,159.72999572753906,56.777862548828125,58.53828811645508
1366,cut1,1366,POPC,797,48.7315559387207,4.915711402893066,58.10115051269531
1366,cut1,1366,POPC,798,138.3009490966797,246.43484497070312,60.53639221191406
1366,cut1,1366,POPC,799,59.796470642089844,38.03786849975586,59.14712142944336
1366,cut1,1366,POPC,800,55.25261306762695,41.95737838745117,60.00627136230469
1366,cut1,1366,POPC,801,97.90681457519531,14.390957832336426,65.57898712158203
1366,cut1,1366,POPC,802,155.0364532470703,94.32345581054688,53.78152847290039
1366,cut1,1366,POPC,803,98.69805145263672,246.57534790039062,60.20500183105469
1366,cut1,1366,POPC,804,115.0743637084961,228.72683715820312,60.007022857666016
1366,cut1,1366,POPC,805,169.41363525390625,102.41036224365234,54.97416687011719
1366,cut1,1366,POPC,806,26.49220085144043,154.8253479003906,43.5772590637207
1366,cut1,1366,POPC,807,140.2633056640625,13.063456535339355,65.48858642578125
1366,cut1,1366,POPC,808,42.7358512878418,34.61097717285156,56.824737548828125
1366,cut1,1366,POPC,809,84.56128692626953,111.55916595458984,43.13433837890625
1366,cut1,1366,POPC,810,25.606054306030273,138.1854248046875,41.78379440307618
1366,cut1,1366,POPC,811,176.22283935546875,178.31675720214844,54.82421112060547
1366,cut1,1366,POPC,812,18.097593307495117,170.41134643554688,45.88356399536133
1366,cut1,1366,POPC,813,47.10371780395508,11.284565925598145,61.316802978515625
1366,cut1,1366,POPC,814,78.66242980957031,143.6949005126953,83.33808135986328
1366,cut1,1366,POPC,815,22.59352684020996,1.2339756488800049,57.31064224243164
1366,cut1,1366,POPC,816,172.95797729492188,62.99778747558594,56.00712966918945
1366,cut1,1366,POPC,817,153.52894592285156,15.263394355773926,60.987937927246094
1366,cut1,1366,POPC,818,178.65293884277344,109.68097686767578,58.6899528503418
1366,cut1,1366,POPC,819,154.78659057617188,180.86866760253906,54.904991149902344
1366,cut1,1366,POPC,820,162.79898071289062,148.5863800048828,56.18124008178711
1366,cut1,1366,POPC,821,2.649716854095459,129.93881225585938,61.730445861816406
1366,cut1,1366,POPC,822,52.30588912963867,173.3777618408203,41.61442565917969
1366,cut1,1366,POPC,823,105.7961196899414,15.002202033996582,62.755897521972656
1366,cut1,1366,POPC,824,169.21292114257812,129.15321350097656,54.614990234375
1366,cut1,1366,POPC,825,72.91793060302734,217.11708068847656,56.6375617980957
1366,cut1,1366,POPC,826,3.252286434173584,98.62310791015625,65.12696838378906
1366,cut1,1366,POPC,827,5.389852046966553,124.46062469482422,60.11584854125977
1366,cut1,1366,POPC,828,50.2053337097168,50.524742126464844,60.606163024902344
1366,cut1,1366,POPC,829,79.97158813476562,29.599870681762695,60.61073303222656
1366,cut1,1366,POPC,830,146.73828125,131.82138061523438,45.2939567565918
1366,cut1,1366,POPC,831,86.3829574584961,238.8629608154297,62.231117248535156
1366,cut1,1366,POPC,832,27.689558029174805,239.8166961669922,55.894317626953125
1366,cut1,1366,POPC,833,165.14443969726562,38.69099426269531,60.623313903808594
1366,cut1,1366,POPC,834,38.987796783447266,226.92002868652344,53.719120025634766
1366,cut1,1366,POPC,835,144.27915954589844,246.43557739257812,63.866554260253906
1366,cut1,1366,POPC,836,69.5932388305664,198.30133056640625,44.620941162109375
1366,cut1,1366,POPC,837,17.41261100769043,58.33875274658203,55.97262954711914
1366,cut1,1366,POPC,838,106.39798736572266,37.6783561706543,59.103214263916016
1366,cut1,1366,POPC,839,174.0447540283203,56.890106201171875,58.463783264160156
1366,cut1,1366,POPC,840,11.271573066711426,64.03722381591797,51.60097885131836
1366,cut1,1366,POPC,841,181.1652069091797,58.52210235595703,58.237152099609375
1366,cut1,1366,POPC,842,50.43173599243164,186.7180633544922,49.895511627197266
1366,cut1,1366,POPC,843,59.66526794433594,70.50520324707031,52.19418716430664
1366,cut1,1366,POPC,844,26.44985008239746,209.57562255859375,45.015716552734375
1366,cut1,1366,POPC,845,148.07171630859375,200.44833374023438,51.55238342285156
1366,cut1,1366,POPC,846,180.5361785888672,2.435321092605591,65.6677017211914
1366,cut1,1366,POPC,847,108.00933837890625,105.41278839111328,37.55644607543945
1366,cut1,1366,POPC,848,4.224545955657959,240.46090698242188,62.95170593261719
1366,cut1,1366,POPC,849,186.75897216796875,73.0205078125,52.30392837524414
1366,cut1,1366,POPC,850,80.24324035644531,222.56790161132812,58.05608367919922
1366,cut1,1366,POPC,851,54.43745040893555,194.9992218017578,46.837745666503906
1366,cut1,1366,POPC,852,147.6614532470703,24.132490158081055,60.46847915649414
1366,cut1,1366,POPC,853,182.43983459472656,28.5765438079834,60.6668701171875
1366,cut1,1366,POPC,854,178.7003631591797,23.906930923461914,62.30591583251953
1366,cut1,1366,POPC,855,6.716664791107178,251.80899047851562,65.88731384277344
1366,cut1,1366,POPC,856,10.5642671585083,101.72346496582031,96.59896087646484
1366,cut1,1366,POPC,857,32.470088958740234,159.8882293701172,40.42560577392578
1366,cut1,1366,POPC,858,38.511844635009766,4.597090721130371,57.29951858520508
1366,cut1,1366,POPC,859,83.61802673339844,177.0919189453125,41.819252014160156
1366,cut1,1366,POPC,860,78.80848693847656,20.832319259643555,62.33050537109375
1366,cut1,1366,POPC,861,59.2866096496582,171.58494567871094,41.566158294677734
1366,cut1,1366,POPC,862,46.286983489990234,191.835693359375,49.60329818725586
1366,cut1,1366,POPC,863,43.479496002197266,223.6138458251953,52.83440017700195
1366,cut1,1366,POPC,864,55.64724349975586,50.36817932128906,55.102806091308594
1366,cut1,1366,POPC,865,80.10621643066406,57.0831298828125,56.49923324584961
1366,cut1,1366,POPC,866,122.50555419921874,169.79464721679688,38.0455207824707
1366,cut1,1366,POPC,867,66.45841217041016,153.89608764648438,40.82818603515625
1366,cut1,1366,POPC,868,160.9970245361328,63.83617401123047,56.829933166503906
1366,cut1,1366,POPC,869,88.71485900878906,105.86571502685547,39.81761932373047
1366,cut1,1366,POPC,870,65.81694030761719,218.22288513183594,57.064292907714844
1366,cut1,1366,POPC,871,140.66082763671875,5.922802925109863,64.65006256103516
1366,cut1,1366,POPC,872,55.8260383605957,222.08987426757812,54.588619232177734
1366,cut1,1366,POPC,873,31.63246726989746,25.129735946655273,61.98772430419922
1366,cut1,1366,POPC,874,188.3466339111328,31.065282821655273,62.926841735839844
1366,cut1,1366,POPC,875,30.283735275268555,97.99227905273438,53.71092987060547
1366,cut1,1366,POPC,876,110.00914001464844,10.687674522399902,64.20879364013672
1366,cut1,1366,POPC,877,91.77880096435547,80.95362091064453,51.90565490722656
1366,cut1,1366,POPC,878,176.7794189453125,195.1979217529297,59.45663070678711
1366,cut1,1366,POPC,879,185.4062957763672,171.84959411621094,53.14652633666992
1366,cut1,1366,POPC,880,194.03285217285156,84.93085479736328,50.189842224121094
1366,cut1,1366,POPC,881,30.64546775817871,31.3864803314209,64.95759582519531
1366,cut1,1366,POPC,882,2.0424323081970215,72.65384674072266,52.636539459228516
1366,cut1,1366,POPC,883,125.49906158447266,31.901369094848633,64.57892608642578
1366,cut1,1366,POPC,884,157.04745483398438,198.8074188232422,57.6070671081543
1366,cut1,1366,POPC,885,182.26527404785156,135.5778045654297,64.34808349609375
1366,cut1,1366,POPC,886,75.74081420898438,52.10618591308594,53.28068542480469
1366,cut1,1366,POPC,887,98.36747741699219,117.75366973876953,41.63359451293945
1366,cut1,1366,POPC,888,10.925572395324707,31.119470596313477,62.08757781982422
1366,cut1,1366,POPC,889,161.1681671142578,163.23846435546872,53.02581787109375
1366,cut1,1366,POPC,890,80.501220703125,214.3231964111328,54.20658874511719
1366,cut1,1366,POPC,891,18.67567253112793,215.33697509765625,50.01850128173828
1366,cut1,1366,POPC,892,121.07129669189453,247.3733673095703,62.58551788330078
1366,cut1,1366,POPC,893,109.47156524658203,42.944801330566406,57.61500930786133
1366,cut1,1366,POPC,894,125.59236145019531,-0.38210946321487427,65.70621490478516
1366,cut1,1366,POPC,895,170.31349182128906,44.837188720703125,60.145835876464844
1366,cut1,1366,POPC,896,163.92349243164062,185.00445556640625,59.54098892211914
1366,cut1,1366,POPC,897,33.53322219848633,43.201541900634766,60.058143615722656
1366,cut1,1366,POPC,898,185.03689575195312,243.8262176513672,63.94640350341797
1366,cut1,1366,POPC,899,118.16327667236327,14.674771308898926,68.11761474609375
1366,cut1,1366,POPC,900,172.60098266601562,160.90078735351562,54.965354919433594
1366,cut1,1366,POPC,901,63.46044921875,21.5044002532959,59.973304748535156
1366,cut1,1366,POPC,902,109.70014953613281,98.71807098388672,36.07866668701172
1366,cut1,1366,POPC,903,50.25211715698242,65.49476623535156,55.66511154174805
1366,cut1,1366,POPC,904,187.8643035888672,215.68861389160156,58.18153762817383
1366,cut1,1366,POPC,905,10.9231538772583,240.75514221191406,61.59452819824219
1366,cut1,1366,POPC,906,18.907011032104492,236.1593475341797,55.3451919555664
1366,cut1,1366,POPC,907,6.0465216636657715,221.7058868408203,59.5780258178711
1366,cut1,1366,POPC,908,91.60567474365234,73.65646362304688,52.194236755371094
1366,cut1,1366,POPC,909,182.45448303222656,116.59813690185547,62.383575439453125
1366,cut1,1366,POPC,910,80.38739013671875,230.33212280273438,58.94552993774414
1366,cut1,1366,POPC,911,99.00192260742188,141.4805908203125,47.882442474365234
1366,cut1,1366,POPC,912,30.80708122253418,187.5612335205078,46.646400451660156
1366,cut1,1366,POPC,913,166.9814453125,47.97612762451172,56.679725646972656
1366,cut1,1366,POPC,914,141.48692321777344,24.70616340637207,63.093536376953125
1366,cut1,1366,POPC,915,156.24969482421875,111.64701843261719,44.98933410644531
1366,cut1,1366,POPC,916,154.42002868652344,203.42955017089844,52.91233825683594
1366,cut1,1366,POPC,917,1.9641927480697632,205.5105438232422,57.75761795043945
1366,cut1,1366,POPC,918,151.53207397460938,4.950270652770997,60.84002685546875
1366,cut1,1366,POPC,919,72.10045623779297,238.81890869140625,60.378082275390625
1366,cut1,1366,POPC,920,185.10903930664062,78.03962707519531,53.676780700683594
1366,cut1,1366,POPC,921,53.12942886352539,158.16566467285156,37.303829193115234
1366,cut1,1366,POPC,922,3.9564032554626465,51.21229553222657,59.90636444091797
1366,cut1,1366,POPC,923,157.14584350585938,185.84481811523438,58.80097579956055
1366,cut1,1366,POPC,924,70.10968017578125,53.3642578125,54.51586151123047
1366,cut1,1366,POPC,925,18.77126121520996,243.47653198242188,59.823326110839844
1366,cut1,1366,POPC,926,72.38042449951172,214.03431701660156,52.01000213623047
1366,cut1,1366,POPC,927,32.91178512573242,55.668067932128906,60.168941497802734
1366,cut1,1366,POPC,928,154.85450744628906,32.412986755371094,59.894691467285156
1366,cut1,1366,POPC,929,25.14032554626465,56.12122344970703,57.95787048339844
1366,cut1,1366,POPC,930,63.45586013793945,43.26958465576172,57.679351806640625
1366,cut1,1366,POPC,931,105.76898956298828,249.63357543945312,64.31544494628906
1366,cut1,1366,POPC,932,59.457706451416016,164.8128662109375,40.887916564941406
1366,cut1,1366,POPC,933,112.28778839111327,66.38334655761719,48.09506607055664
1366,cut1,1366,POPC,934,31.493009567260742,31.6933650970459,59.5178108215332
1366,cut1,1366,POPC,935,153.98731994628906,174.13124084472656,51.132652282714844
1366,cut1,1366,POPC,936,162.23190307617188,77.11813354492188,55.30470657348633
1366,cut1,1366,POPC,937,99.98629760742188,72.9030990600586,52.548118591308594
1366,cut1,1366,POPC,938,36.86973190307617,189.68939208984375,47.82218933105469
1366,cut1,1366,POPC,939,34.30332565307617,210.67652893066403,48.13772964477539
1366,cut1,1366,POPC,940,152.9891815185547,150.37380981445312,52.528350830078125
1366,cut1,1366,POPC,941,173.13967895507812,88.2850341796875,54.43988037109375
1366,cut1,1366,POPC,942,44.32344436645508,52.681640625,62.318817138671875
1366,cut1,1366,POPC,943,63.191158294677734,178.30795288085938,44.554481506347656
1366,cut1,1366,POPC,944,64.4183578491211,15.543110847473145,59.6926383972168
1366,cut1,1366,POPC,945,172.37828063964847,39.91390609741211,61.47596740722656
1366,cut1,1366,POPC,946,174.0289306640625,126.3573989868164,51.213714599609375
1366,cut1,1366,POPC,947,89.52896881103516,9.610316276550293,65.37594604492188
1366,cut1,1366,POPC,948,188.30502319335938,236.02871704101562,61.655616760253906
1366,cut1,1366,POPC,949,76.48963165283203,94.12779998779297,51.41984558105469
1366,cut1,1366,POPC,950,0.31009426712989807,222.1074981689453,60.93690490722656
1366,cut1,1366,POPC,951,53.751216888427734,229.6170654296875,57.46662139892578
1366,cut1,1366,POPC,952,49.50929641723633,41.297950744628906,60.506980895996094
1366,cut1,1366,POPC,953,134.27505493164062,19.34422492980957,63.55662536621094
1366,cut1,1366,POPC,954,0.7525915503501892,113.0932846069336,64.40848541259766
1366,cut1,1366,POPC,955,158.01324462890625,6.059027671813965,60.60316467285156
1366,cut1,1366,POPC,956,61.974021911621094,31.59364891052246,57.896183013916016
1366,cut1,1366,POPC,957,75.88581085205078,73.8943862915039,55.7242317199707
1366,cut1,1366,POPC,958,186.3888397216797,200.4100341796875,59.468074798583984
1366,cut1,1366,POPC,959,85.14942169189453,136.3411865234375,46.26321029663086
1366,cut1,1366,POPC,960,49.46113204956055,223.03797912597656,54.68609619140625
1366,cut1,1366,POPC,961,185.3890380859375,11.130415916442871,64.59256744384766
1366,cut1,1366,POPC,962,157.08999633789062,46.17314147949219,59.225852966308594
1366,cut1,1366,POPC,963,40.71913528442383,17.19306755065918,63.80064392089844
1366,cut1,1366,POPC,964,177.13262939453125,115.96659851074219,58.27351379394531
1366,cut1,1366,POPC,965,180.9739532470703,155.90011596679688,59.02312088012695
1366,cut1,1366,POPC,966,74.51701354980469,1.7986290454864502,63.61088562011719
1366,cut1,1366,POPC,967,12.140324592590332,212.91812133789062,52.349945068359375
1366,cut1,1366,POPC,968,59.53648376464844,226.27975463867188,58.8809700012207
1366,cut1,1366,POPC,969,90.44811248779297,87.83918762207031,50.058502197265625
1366,cut1,1366,POPC,970,56.7475471496582,128.4318389892578,40.679752349853516
1366,cut1,1366,POPC,971,190.70819091796875,102.40489959716797,60.53803253173828
1366,cut1,1366,POPC,972,13.91130542755127,219.42019653320312,55.19184875488281
1366,cut1,1366,POPC,973,18.805692672729492,66.5461196899414,51.32733154296875
1366,cut1,1366,POPC,974,132.87139892578125,10.159537315368652,65.50672149658203
1366,cut1,1366,POPC,975,95.72122955322266,7.750472068786621,65.73108673095703
1366,cut1,1366,POPC,976,76.46025848388672,144.3563232421875,38.99319839477539
1366,cut1,1366,POPC,977,159.75401306152344,125.59710693359375,52.3126335144043
1366,cut1,1366,POPC,978,113.29986572265625,16.196836471557617,63.52770233154297
1366,cut1,1366,POPC,979,1.8988851308822632,92.56999969482422,52.987457275390625
1366,cut1,1366,POPC,980,89.58193969726562,66.19309997558594,52.349143981933594
1366,cut1,1366,POPC,981,92.83169555664062,213.6824951171875,56.27759552001953
1366,cut1,1366,POPC,982,66.54198455810547,175.85267639160156,40.78240966796875
1366,cut1,1366,POPC,983,71.40961456298828,18.16143226623535,61.56880187988281
1366,cut1,1366,POPC,984,6.1930975914001465,117.66875457763672,56.44835662841797
1366,cut1,1366,POPC,985,45.82888412475586,229.47032165527344,56.10565185546875
1366,cut1,1366,POPC,986,188.67137145996094,229.79641723632812,59.96617889404297
1366,cut1,1366,POPC,987,157.4613494873047,51.703330993652344,55.21615982055664
1366,cut1,1366,POPC,988,103.5619888305664,65.36167907714844,54.74104309082031
1366,cut1,1366,POPC,989,42.3685188293457,179.1221466064453,42.05434799194336
1366,cut1,1366,POPC,990,91.66136169433594,112.3843002319336,37.62455368041992
1366,cut1,1366,POPC,991,30.496061325073242,65.40741729736328,56.81214141845703
1366,cut1,1366,POPC,992,41.417842864990234,68.33670043945312,54.45806121826172
1366,cut1,1366,POPC,993,134.52932739257812,158.1391143798828,45.84455490112305
1366,cut1,1366,POPC,994,77.855712890625,14.7411470413208,63.08638000488281
1366,cut1,1366,POPC,995,98.85169982910156,126.81048583984375,48.0374755859375
1366,cut1,1366,POPC,996,159.1053924560547,89.41297912597656,58.47186279296875
1366,cut1,1366,POPC,997,173.8313446044922,203.1700439453125,60.4838981628418
1366,cut1,1366,POPC,998,73.77264404296875,60.77430725097656,58.028953552246094
1366,cut1,1366,POPC,999,16.19783592224121,26.623491287231445,60.625335693359375
1366,cut1,1366,POPC,1000,57.26011657714844,18.014257431030273,57.687007904052734
1366,cut1,1366,POPC,1001,9.017292976379395,206.8103790283203,56.792362213134766
1366,cut1,1366,POPC,1002,50.73965835571289,29.015050888061523,58.12823486328125
1366,cut1,1366,POPC,1003,41.29164505004883,185.570068359375,46.6004638671875
1366,cut1,1366,POPC,1004,165.64328002929688,196.30209350585938,62.97015380859375
1366,cut1,1366,POPC,1005,53.521785736083984,36.36613845825195,56.26228713989258
1366,cut1,1366,POPC,1006,35.68308639526367,153.39430236816406,44.91560745239258
1366,cut1,1366,POPC,1007,48.81064224243164,131.06080627441406,36.67012023925781
1366,cut1,1366,POPC,1008,155.80282592773438,97.8817367553711,48.71900939941406
1366,cut1,1366,POPC,1009,14.767491340637207,36.942195892333984,57.728431701660156
1366,cut1,1366,POPC,1010,125.7005844116211,104.73716735839844,40.296749114990234
1366,cut1,1366,POPC,1011,140.51580810546875,142.56246948242188,55.170413970947266
1366,cut1,1366,POPC,1012,161.14511108398438,100.9008560180664,51.14628601074219
1366,cut1,1366,POPC,1013,11.152318000793457,51.25408172607422,56.87504959106445
1366,cut1,1366,POPC,1014,159.4069061279297,192.0845489501953,57.4449462890625
1366,cut1,1366,POPC,1015,176.2969512939453,48.393775939941406,61.220489501953125
1366,cut1,1366,POPC,1016,192.28527832031253,16.37410545349121,65.63842010498047
1366,cut1,1366,POPC,1017,4.6807379722595215,34.405296325683594,60.22642517089844
1366,cut1,1366,POPC,1018,188.29730224609375,117.82237243652344,66.47101593017578
1366,cut1,1366,POPC,1019,5.026906490325928,212.75160217285156,56.400474548339844
1366,cut1,1366,POPC,1020,166.69065856933594,18.33323860168457,62.487548828125
1366,cut1,1366,POPC,1021,180.74061584472656,13.886055946350098,62.33287048339844
1366,cut1,1366,POPC,1022,183.545654296875,99.23146057128906,57.14847946166992
1366,cut1,1366,POPC,1023,176.0369873046875,28.98920249938965,59.1846809387207
1366,cut1,1366,POPC,1024,86.83679962158203,95.36003112792969,54.13023376464844
1366,cut1,1366,POPC,1025,49.32646560668945,216.339111328125,51.09383773803711
1366,cut1,1366,POPC,1026,65.09827423095703,231.84092712402344,58.19471740722656
1366,cut1,1366,POPC,1027,12.98058032989502,188.8618927001953,55.8309211730957
1366,cut1,1366,POPC,1028,92.40119934082031,238.4818878173828,64.58302307128906
1366,cut1,1366,POPC,1029,167.88897705078122,67.03067779541017,55.38330841064453
1366,cut1,1366,POPC,1030,20.54311180114746,10.10180950164795,59.6239128112793
1366,cut1,1366,POPC,1031,187.576416015625,209.01087951660156,57.197349548339844
1366,cut1,1366,POPC,1032,9.387455940246582,8.496024131774902,65.8675308227539
1366,cut1,1366,POPC,1033,186.58969116210938,5.051365852355957,66.55553436279297
1366,cut1,1366,POPC,1034,7.133130550384522,14.96798038482666,64.17205047607422
1366,cut1,1366,POPC,1035,147.5633544921875,174.54661560058594,47.902557373046875
1366,cut1,1366,POPC,1036,51.796871185302734,204.5963134765625,47.60326385498047
1366,cut1,1366,POPC,1037,45.22311782836914,72.88259887695312,54.725460052490234
1366,cut1,1366,POPC,1038,46.98093032836914,241.7892303466797,56.926513671875
1366,cut1,1366,POPC,1039,164.15142822265625,133.31765747070312,52.96335220336914
1366,cut1,1366,POPC,1040,73.80085754394531,87.73395538330078,58.43444061279297
1366,cut1,1366,POPC,1041,74.67845153808594,165.57421875,43.41388702392578
1366,cut1,1366,POPC,1042,115.27166748046875,24.52044105529785,62.436004638671875
1366,cut1,1366,POPC,1043,160.3280792236328,205.91812133789062,57.89662170410156
1366,cut1,1366,POPC,1044,155.33273315429688,135.9269256591797,53.13534927368164
1366,cut1,1366,POPC,1045,5.336659908294678,110.96218109130858,59.9259033203125
1366,cut1,1366,POPC,1046,172.08285522460938,208.7861785888672,59.6760368347168
1366,cut1,1366,POPC,1047,178.3886260986328,145.33773803710938,59.475685119628906
1366,cut1,1366,POPC,1048,176.2595672607422,67.57945251464844,56.976783752441406
1366,cut1,1366,POPC,1049,139.91412353515625,147.65699768066406,51.883365631103516
1366,cut1,1366,POPC,1050,18.03614616394043,181.50926208496094,48.67131423950195
1366,cut1,1366,POPC,1051,164.2314910888672,93.44071197509766,56.05378723144531
1366,cut1,1366,POPC,1052,183.85162353515625,220.51316833496094,57.90882873535156
1366,cut1,1366,POPC,1053,157.44570922851562,80.30946350097656,55.38338088989258
1366,cut1,1366,POPC,1054,164.0096435546875,110.91754913330078,51.41463851928711
1366,cut1,1366,POPC,1055,132.52438354492188,3.685195207595825,64.7666244506836
1366,cut1,1366,POPC,1056,25.40522575378418,79.5360107421875,54.704864501953125
1366,cut1,1366,POPC,1057,83.40509796142578,33.439754486083984,56.271846771240234
1366,cut1,1366,POPC,1058,178.65086364746094,231.0565490722656,63.253143310546875
1366,cut1,1366,POPC,1059,21.243925094604492,103.37569427490234,55.05767059326172
1366,cut1,1366,POPC,1060,111.5816650390625,53.22395324707031,54.68939971923828
1366,cut1,1366,POPC,1061,93.3910903930664,97.2035140991211,40.84542465209961
1366,cut1,1366,POPC,1062,27.437040328979492,37.88656234741211,60.45490646362305
1366,cut1,1366,POPC,1063,119.57937622070312,151.72044372558594,42.55049896240235
1366,cut1,1366,POPC,1064,40.280879974365234,76.89969635009766,52.24236297607421
1366,cut1,1366,POPC,1065,14.544842720031738,194.11888122558594,56.158077239990234
1366,cut1,1366,POPC,1066,178.70806884765625,239.7467803955078,64.35454559326172
1366,cut1,1366,POPC,1067,9.86767292022705,233.74195861816406,60.506568908691406
1366,cut1,1366,POPC,1068,91.48023223876953,23.63743019104004,59.92641067504883
1366,cut1,1366,POPC,1069,138.7125701904297,185.1337127685547,47.206573486328125
1366,cut1,1366,POPC,1070,11.984150886535645,17.466508865356445,60.799644470214844
1366,cut1,1366,POPC,1071,45.11214065551758,199.16668701171875,48.04193115234375
1366,cut1,1366,POPC,1072,154.54830932617188,146.48135375976562,57.39040756225586
1366,cut1,1366,POPC,1073,72.74115753173828,42.06336212158203,56.25209426879883
1366,cut1,1366,POPC,1074,77.29075622558594,180.53196716308594,43.22846221923828
1366,cut1,1366,POPC,1075,37.79305648803711,47.37727355957031,63.30763244628906
1366,cut1,1366,POPC,1076,161.7331695556641,70.5545425415039,54.68850326538086
1366,cut1,1366,POPC,1077,144.83595275878906,39.05530548095703,62.170806884765625
1366,cut1,1366,POPC,1078,172.01100158691406,108.28297424316406,56.74385070800781
1366,cut1,1366,POPC,1079,183.26622009277344,165.3343048095703,58.22819519042969
1366,cut1,1366,POPC,1080,161.13470458984375,24.03495979309082,59.02431869506837
1366,cut1,1366,POPC,1081,17.453771591186523,81.89230346679688,54.60773849487305
1366,cut1,1366,POPC,1082,-1.0650278329849243,198.42572021484375,56.03813552856445
1366,cut1,1366,POPC,1083,168.27362060546875,4.445868492126465,63.89826202392578
1366,cut1,1366,POPC,1084,160.9454803466797,10.313088417053223,56.488037109375
1366,cut1,1366,POPC,1085,104.10001373291016,184.38323974609375,46.81637191772461
1366,cut1,1366,POPC,1086,187.2827606201172,124.02227020263672,59.05751037597656
1366,cut1,1366,POPC,1087,40.581668853759766,99.46246337890625,46.89539337158203
1366,cut1,1366,POPC,1088,96.2381362915039,20.66035270690918,63.023529052734375
1366,cut1,1366,POPC,1089,130.40538024902344,162.63949584960938,41.13837432861328
1366,cut1,1366,POPC,1090,184.58078002929688,91.49978637695312,53.637271881103516
1366,cut1,1366,POPC,1091,104.94070434570312,225.2299041748047,57.1326789855957
1366,cut1,1366,POPC,1092,160.55776977539062,209.2928466796875,52.557247161865234
1366,cut1,1366,POPC,1093,7.389745235443115,198.86444091796875,54.48309326171875
1366,cut1,1366,POPC,1094,63.71240234375,51.560791015625,53.78219985961914
1366,cut1,1366,POPC,1095,80.79737854003906,86.17652893066406,61.03522491455078
1366,cut1,1366,POPC,1096,85.43775177001953,17.660921096801758,61.15595245361328
1366,cut1,1366,POPC,1097,167.7395477294922,246.1732940673828,66.20779418945312
1366,cut1,1366,POPC,1098,42.49284744262695,91.68558502197266,50.878135681152344
1366,cut1,1366,POPC,1099,131.83480834960938,32.79900360107422,62.44915008544922
1366,cut1,1366,POPC,1100,7.682530879974365,229.31455993652344,64.11595153808594
1366,cut1,1366,POPC,1101,187.42678833007812,109.84199523925781,62.700721740722656
1366,cut1,1366,POPC,1102,117.63328552246094,187.02149963378906,46.5392951965332
1366,cut1,1366,POPC,1103,8.986821174621582,81.75143432617188,51.92679977416992
1366,cut1,1366,POPC,1104,165.16998291015625,138.7873992919922,57.439754486083984
1366,cut1,1366,POPC,1105,108.41525268554688,245.041015625,60.7697868347168
1366,cut1,1366,POPC,1106,65.5119400024414,164.65847778320312,41.54621124267578
1366,cut1,1366,POPC,1107,12.590825080871582,106.0377197265625,56.901058197021484
1366,cut1,1366,POPC,1108,102.61894989013672,213.85711669921875,59.895179748535156
1366,cut1,1366,POPC,1109,68.67338562011719,36.92886734008789,56.60957336425781
1366,cut1,1366,POPC,1110,24.91590690612793,233.83470153808594,55.512794494628906
1366,cut1,1366,POPC,1111,40.55168533325195,202.0670623779297,49.985969543457024
1366,cut1,1366,POPC,1112,185.25228881835938,130.092041015625,62.420135498046875
1366,cut1,1366,POPC,1113,13.551403999328613,200.6972198486328,52.47560501098633
1366,cut1,1366,POPC,1114,19.566518783569336,34.53839111328125,60.863800048828125
1366,cut1,1366,POPC,1115,148.497314453125,144.49044799804688,58.51487350463867
1366,cut1,1366,POPC,1116,164.27940368652344,158.940185546875,55.217899322509766
1366,cut1,1366,POPC,1117,59.65329360961914,99.90727996826172,44.44831466674805
1366,cut1,1366,POPC,1118,73.16747283935547,100.08960723876953,45.510520935058594
1366,cut1,1366,POPC,1119,149.6818084716797,169.06912231445312,46.7879638671875
1366,cut1,1366,POPC,1120,71.49356079101562,244.4954071044922,59.124504089355476
1366,cut1,1366,POPC,1121,54.04172897338867,135.3246154785156,38.179771423339844
1366,cut1,1366,POPC,1122,122.40986633300781,158.42291259765625,42.19886779785156
1366,cut1,1366,POPC,1123,35.802913665771484,63.18925476074219,54.60360336303711
1366,cut1,1366,POPC,1124,93.24861145019531,48.03767395019531,50.26538848876953
1366,cut1,1366,POPC,1125,108.38191986083984,176.65013122558594,36.12681198120117
1366,cut1,1366,POPC,1126,83.45880126953125,10.91178035736084,63.53016662597656
1366,cut1,1366,POPC,1127,67.03128814697266,27.55682945251465,57.51513671875
1366,cut1,1366,POPC,1128,174.23545837402344,18.421201705932617,65.45188903808594
1366,cut1,1366,POPC,1129,51.96873092651367,15.098336219787598,56.77434539794922
1366,cut1,1366,POPC,1130,67.0171890258789,223.6759033203125,57.812530517578125
1366,cut1,1366,POPC,1131,69.80177307128906,91.37413787841797,49.42341613769531
1366,cut1,1366,POPC,1132,137.155029296875,141.7849578857422,49.30439376831055
1366,cut1,1366,POPC,1133,190.94943237304688,51.45439147949219,55.1628303527832
1366,cut1,1366,POPC,1134,173.4182586669922,139.04466247558594,60.088924407958984
1366,cut1,1366,POPC,1135,80.89461517333984,208.16278076171875,45.99774169921875
1366,cut1,1366,POPC,1136,77.06822204589844,211.5505828857422,48.42693328857422
1366,cut1,1366,POPC,1137,28.07691764831543,102.57880401611328,56.50741195678711
1366,cut1,1366,POPC,1138,69.42106628417969,183.4661102294922,43.08968734741211
1366,cut1,1366,POPC,1139,92.82673645019531,139.8505096435547,48.99473571777344
1366,cut1,1366,POPC,1140,13.96666431427002,115.35005187988281,57.11277770996093
1366,cut1,1366,POPC,1141,69.45185089111328,69.50711822509766,55.11482620239258
1366,cut1,1366,POPC,1142,153.15284729003906,130.636474609375,49.899112701416016
1366,cut1,1366,POPC,1143,169.54051208496094,24.085187911987305,63.408470153808594
1366,cut1,1366,SAPI,1144,79.63746643066406,44.71659469604492,49.835304260253906
1366,cut1,1366,SAPI,1145,60.22370147705078,151.6442413330078,39.39204025268555
1366,cut1,1366,SAPI,1146,120.95384216308594,26.19025993347168,61.04987335205078
1366,cut1,1366,SAPI,1147,1.6050008535385132,56.52207946777344,53.98480224609375
1366,cut1,1366,SAPI,1148,39.156070709228516,167.2294464111328,37.166255950927734
1366,cut1,1366,SAPI,1149,53.87077713012695,211.7030487060547,47.7121696472168
1366,cut1,1366,SAPI,1150,116.42160034179688,162.05604553222656,35.97369384765625
1366,cut1,1366,SAPI,1151,13.403630256652832,172.68109130859375,52.62049865722656
1366,cut1,1366,SAPI,1152,97.210693359375,204.53028869628906,51.339637756347656
1366,cut1,1366,SAPI,1153,101.51610565185547,79.36955261230469,50.48246765136719
1366,cut1,1366,SAPI,1154,135.76837158203125,40.44347381591797,61.316162109375
1366,cut1,1366,SAPI,1155,134.08702087402344,147.88966369628906,45.34857940673829
1366,cut1,1366,SAPI,1156,100.14282989501953,4.645649909973144,62.46458435058594
1366,cut1,1366,SAPI,1157,156.9889678955078,73.26941680908203,50.51755142211914
1366,cut1,1366,SAPI,1158,21.45619773864746,93.44403076171875,51.62606430053711
1366,cut1,1366,SAPI,1159,153.13375854492188,218.4025421142578,50.296600341796875
1366,cut1,1366,SAPI,1160,72.30848693847656,106.09329223632812,42.53749084472656
1366,cut1,1366,SAPI,1161,-0.16122682392597198,147.05198669433594,60.45912170410156
1366,cut1,1366,SAPI,1162,131.631591796875,140.2896728515625,45.2505989074707
1366,cut1,1366,SAPI,1163,151.1903533935547,90.92703247070312,55.76189804077148
1366,cut1,1366,SAPI,1164,137.529052734375,128.58323669433594,45.92230224609375
1366,cut1,1366,SAPI,1165,146.91653442382812,101.12830352783203,48.28920364379883
1366,cut1,1366,SAPI,1166,180.22119140625,173.3242950439453,53.220184326171875
1366,cut1,1366,SAPI,1167,173.05799865722656,166.83226013183594,54.71990966796876
1366,cut1,1366,SAPI,1168,160.18350219726562,242.21888732910156,66.36380767822266
1366,cut1,1366,SAPI,1169,154.39413452148438,62.85846710205078,57.15044021606445
1366,cut1,1366,SAPI,1170,92.37337493896484,198.38812255859375,45.66697311401367
1366,cut1,1366,SAPI,1171,112.21432495117188,235.159423828125,59.50661087036133
1366,cut1,1366,SAPI,1172,106.85144805908203,169.1402130126953,33.70092010498047
1366,cut1,1366,SAPI,1173,74.0860366821289,11.303595542907715,57.671939849853516
1366,cut1,1366,SAPI,1174,81.79036712646484,96.61659240722656,51.38454055786133
1366,cut1,1366,SAPI,1175,103.13738250732422,218.70359802246094,57.12391662597656
1366,cut1,1366,SAPI,1176,154.7975616455078,248.68710327148438,61.661109924316406
1366,cut1,1366,SAPI,1177,174.32754516601562,215.38006591796875,58.7169303894043
1366,cut1,1366,SAPI,1178,76.412109375,171.37136840820312,40.74424743652344
1366,cut1,1366,SAPI,1179,132.56048583984375,242.171875,58.53106689453125
1366,cut1,1366,SAPI,1180,128.61526489257812,151.2884063720703,44.184165954589844
1366,cut1,1366,SAPI,1181,60.400611877441406,140.35791015624997,36.489646911621094
