,System,Frame,Resname,Resnum,X,Y,Z
3069,cut1,3069,POPC,0,136.06690979003906,212.16490173339844,79.72472381591797
3069,cut1,3069,POPC,1,18.98876953125,162.85728454589844,77.83883666992188
3069,cut1,3069,POPC,2,136.9867706298828,23.692602157592773,97.86260223388672
3069,cut1,3069,POPC,3,104.19094848632812,162.78416442871094,78.62064361572266
3069,cut1,3069,POPC,4,128.8388214111328,194.0184326171875,82.57234954833984
3069,cut1,3069,POPC,5,114.46368408203125,148.65963745117188,79.74214935302734
3069,cut1,3069,POPC,6,172.16563415527344,171.4012908935547,88.91744995117188
3069,cut1,3069,POPC,7,82.78876495361328,206.47354125976562,88.010986328125
3069,cut1,3069,POPC,8,-1.221939206123352,31.743589401245117,98.94509887695312
3069,cut1,3069,POPC,9,156.95967102050778,183.63421630859375,87.40555572509766
3069,cut1,3069,POPC,10,23.201721191406246,212.39979553222656,90.38346099853516
3069,cut1,3069,POPC,11,108.13072204589842,241.5378875732422,97.44097137451172
3069,cut1,3069,POPC,12,34.18316650390625,50.71257400512695,93.99983215332033
3069,cut1,3069,POPC,13,119.44759368896484,144.36874389648438,78.2478256225586
3069,cut1,3069,POPC,14,108.27181243896484,177.8409881591797,75.49767303466797
3069,cut1,3069,POPC,15,37.318450927734375,136.6695556640625,74.46026611328125
3069,cut1,3069,POPC,16,97.044921875,128.5284423828125,83.95584106445312
3069,cut1,3069,POPC,17,82.21428680419922,30.851171493530273,93.00723266601562
3069,cut1,3069,POPC,18,116.04969787597656,242.31202697753906,98.08927154541016
3069,cut1,3069,POPC,19,86.3754653930664,251.06536865234375,94.48399353027344
3069,cut1,3069,POPC,20,126.34935760498047,23.941560745239258,96.4963150024414
3069,cut1,3069,POPC,21,119.60408782958984,98.74296569824219,76.00061798095703
3069,cut1,3069,POPC,22,28.61756134033203,39.82389450073243,95.61571502685547
3069,cut1,3069,POPC,23,91.2329330444336,237.3553466796875,97.7645492553711
3069,cut1,3069,POPC,24,67.55590057373047,248.15138244628906,96.82242584228516
3069,cut1,3069,POPC,25,71.19202423095703,193.9694366455078,89.56138610839844
3069,cut1,3069,POPC,26,179.6341552734375,233.13233947753906,93.52582550048828
3069,cut1,3069,POPC,27,51.72409057617187,180.38171386718753,83.96468353271484
3069,cut1,3069,POPC,28,20.570159912109375,196.36209106445312,89.7991714477539
3069,cut1,3069,POPC,29,46.42518615722656,51.39598083496094,94.12830352783203
3069,cut1,3069,POPC,30,166.57102966308594,223.0270233154297,87.78569793701172
3069,cut1,3069,POPC,31,158.6333465576172,218.6988525390625,89.1530532836914
3069,cut1,3069,POPC,32,48.907936096191406,225.09014892578125,90.95191955566406
3069,cut1,3069,POPC,33,80.71305847167969,105.45636749267578,76.36793518066406
3069,cut1,3069,POPC,34,174.40707397460938,74.0898666381836,92.25428771972656
3069,cut1,3069,POPC,35,124.77625274658202,256.29827880859375,97.08091735839844
3069,cut1,3069,POPC,36,160.7035675048828,249.9202423095703,97.03042602539062
3069,cut1,3069,POPC,37,124.8104248046875,163.5975341796875,80.27047729492188
3069,cut1,3069,POPC,38,68.9288101196289,78.69326782226562,89.12808227539062
3069,cut1,3069,POPC,39,58.47599792480469,246.7830047607422,94.09717559814453
3069,cut1,3069,POPC,40,88.64676666259766,104.59392547607422,77.78692626953125
3069,cut1,3069,POPC,41,112.81971740722656,51.762901306152344,82.51553344726562
3069,cut1,3069,POPC,42,185.0879364013672,100.65223693847656,93.11022186279297
3069,cut1,3069,POPC,43,87.49807739257812,64.89539337158203,85.7945785522461
3069,cut1,3069,POPC,44,13.095146179199219,47.212013244628906,101.03124237060547
3069,cut1,3069,POPC,45,33.510009765625,106.23793029785156,89.99964141845703
3069,cut1,3069,POPC,46,54.755889892578125,18.43050193786621,90.78091430664062
3069,cut1,3069,POPC,47,29.06507110595703,63.09522247314453,97.92667388916016
3069,cut1,3069,POPC,48,86.6800765991211,89.3855972290039,85.88124084472656
3069,cut1,3069,POPC,49,121.5794448852539,64.2401351928711,81.65127563476562
3069,cut1,3069,POPC,50,179.91458129882812,105.873291015625,94.33843994140625
3069,cut1,3069,POPC,51,43.85918426513672,150.78506469726562,74.13755798339845
3069,cut1,3069,POPC,52,79.66654205322266,212.38693237304688,90.43914031982422
3069,cut1,3069,POPC,53,153.1525115966797,162.26568603515625,86.00408172607422
3069,cut1,3069,POPC,54,97.85186004638672,80.30683898925781,81.41259765625
3069,cut1,3069,POPC,55,148.6777801513672,18.18958282470703,95.83818817138672
3069,cut1,3069,POPC,56,97.93651580810547,0.4592949151992798,92.6053237915039
3069,cut1,3069,POPC,57,128.192138671875,180.65521240234375,81.00740051269531
3069,cut1,3069,POPC,58,171.35049438476562,71.12670898437501,96.06645202636719
3069,cut1,3069,POPC,59,70.1451416015625,17.988094329833984,91.62814331054686
3069,cut1,3069,POPC,60,29.45517730712891,213.97421264648438,88.41442108154297
3069,cut1,3069,POPC,61,83.27362823486328,189.56341552734375,88.11489868164062
3069,cut1,3069,POPC,62,108.13619232177734,152.3865509033203,80.75910186767578
3069,cut1,3069,POPC,63,11.217048645019531,248.87205505371094,96.66751098632812
3069,cut1,3069,POPC,64,173.41250610351562,52.84672164916992,102.4144515991211
3069,cut1,3069,POPC,65,137.19883728027344,16.547746658325195,96.44418334960938
3069,cut1,3069,POPC,66,102.5986557006836,147.43714904785156,78.23060607910156
3069,cut1,3069,POPC,67,28.581741333007812,2.8040385246276855,97.53162384033203
3069,cut1,3069,POPC,68,68.4035415649414,180.6423797607422,84.10719299316406
3069,cut1,3069,POPC,69,141.9576873779297,11.313155174255371,94.45313262939453
3069,cut1,3069,POPC,70,100.66715240478516,34.31614303588867,90.82460021972656
3069,cut1,3069,POPC,71,157.8867645263672,11.887112617492676,95.13198852539062
3069,cut1,3069,POPC,72,129.39625549316406,200.7244110107422,50.04386901855469
3069,cut1,3069,POPC,73,15.947334289550781,75.55720520019531,95.36090087890625
3069,cut1,3069,POPC,74,186.12010192871094,169.36700439453125,87.1372299194336
3069,cut1,3069,POPC,75,59.240074157714844,142.14830017089844,72.59484100341797
3069,cut1,3069,POPC,76,138.57667541503906,132.92791748046875,83.46000671386719
3069,cut1,3069,POPC,77,14.562004089355469,198.16836547851562,87.8249282836914
3069,cut1,3069,POPC,78,12.775611877441406,110.51631927490234,95.85627746582031
3069,cut1,3069,POPC,79,18.56206512451172,71.76535034179688,54.48002624511719
3069,cut1,3069,POPC,80,100.92159271240234,229.75213623046875,99.06565093994142
3069,cut1,3069,POPC,81,109.8251724243164,232.3013153076172,101.98854064941406
3069,cut1,3069,POPC,82,51.584800720214844,92.36251068115234,87.17204284667969
3069,cut1,3069,POPC,83,24.358978271484375,53.50562286376953,98.4953384399414
3069,cut1,3069,POPC,84,45.894622802734375,21.3645076751709,88.89659881591797
3069,cut1,3069,POPC,85,85.5475845336914,184.47952270507812,86.87224578857422
3069,cut1,3069,POPC,86,90.81718444824219,50.690948486328125,86.79662322998047
3069,cut1,3069,POPC,87,144.05421447753906,27.135126113891605,95.96056365966797
3069,cut1,3069,POPC,88,95.4017105102539,56.94828796386719,86.64456176757812
3069,cut1,3069,POPC,89,7.172588348388672,89.2312240600586,91.67760467529297
3069,cut1,3069,POPC,90,175.86524963378906,113.81881713867188,93.22120666503906
3069,cut1,3069,POPC,91,121.42151641845703,31.505083084106445,94.33184051513672
3069,cut1,3069,POPC,92,58.611488342285156,80.1463623046875,89.96623229980469
3069,cut1,3069,POPC,93,123.9239273071289,184.51356506347656,79.67948150634766
3069,cut1,3069,POPC,94,183.2161865234375,-1.8428682088851929,91.75157165527344
3069,cut1,3069,POPC,95,118.27851867675781,161.09771728515625,83.05857849121094
3069,cut1,3069,POPC,96,174.8908538818359,158.5249481201172,89.25189208984375
3069,cut1,3069,POPC,97,96.25552368164062,120.79961395263672,43.17775344848633
3069,cut1,3069,POPC,98,105.5297622680664,65.95027160644531,82.02738189697266
3069,cut1,3069,POPC,99,181.36911010742188,16.164146423339844,98.94774627685547
3069,cut1,3069,POPC,100,51.735511779785156,134.67715454101562,72.28919219970703
3069,cut1,3069,POPC,101,49.90564727783203,44.06537628173828,93.03728485107422
3069,cut1,3069,POPC,102,54.99852752685547,201.66261291503906,91.7254638671875
3069,cut1,3069,POPC,103,179.71322631835938,203.03091430664062,87.74209594726562
3069,cut1,3069,POPC,104,35.897972106933594,229.6986846923828,91.36865234375
3069,cut1,3069,POPC,105,14.513397216796875,12.635308265686035,102.84326171875
3069,cut1,3069,POPC,106,59.598175048828125,62.27735900878906,89.4332275390625
3069,cut1,3069,POPC,107,22.50440216064453,116.71664428710938,91.16900634765625
3069,cut1,3069,POPC,108,165.7035675048828,217.4454345703125,88.34581756591797
3069,cut1,3069,POPC,109,74.88811492919922,225.54769897460938,93.12713623046875
3069,cut1,3069,POPC,110,71.09236907958984,39.98632049560547,88.87708282470703
3069,cut1,3069,POPC,111,164.59814453125,23.995512008666992,96.95451354980467
3069,cut1,3069,POPC,112,183.48001098632812,46.414825439453125,96.50485229492188
3069,cut1,3069,POPC,113,28.604293823242188,17.032501220703125,98.08675384521484
3069,cut1,3069,POPC,114,107.3221206665039,87.74226379394531,78.831787109375
3069,cut1,3069,POPC,115,93.5431900024414,6.566504001617432,91.10482788085938
3069,cut1,3069,POPC,116,83.58490753173828,218.2213897705078,91.84984588623047
3069,cut1,3069,POPC,117,72.5792465209961,103.22188568115234,77.57096099853516
3069,cut1,3069,POPC,118,33.88270568847656,17.31161880493164,92.188232421875
3069,cut1,3069,POPC,119,117.83438873291016,88.06116485595703,76.55046081542969
3069,cut1,3069,POPC,120,158.7495880126953,225.90257263183594,85.24093627929688
3069,cut1,3069,POPC,121,38.70105743408203,13.340426445007324,95.21292114257812
3069,cut1,3069,POPC,122,171.254150390625,229.64918518066406,92.16071319580078
3069,cut1,3069,POPC,123,43.93610382080078,191.60084533691406,86.52173614501953
3069,cut1,3069,POPC,124,26.19989776611328,193.0503692626953,88.55577850341797
3069,cut1,3069,POPC,125,29.533935546875,9.15796947479248,96.46854400634766
3069,cut1,3069,POPC,126,46.76671600341797,216.34713745117188,90.97753143310547
3069,cut1,3069,POPC,127,161.574462890625,112.8092041015625,85.05449676513672
3069,cut1,3069,POPC,128,35.188873291015625,236.96250915527344,93.25711059570312
3069,cut1,3069,POPC,129,135.12429809570312,34.51435470581055,97.21207427978516
3069,cut1,3069,POPC,130,149.57229614257812,168.6938781738281,85.99965667724608
3069,cut1,3069,POPC,131,32.35157012939453,199.7819366455078,90.36190032958984
3069,cut1,3069,POPC,132,87.19800567626953,217.6534423828125,52.1727409362793
3069,cut1,3069,POPC,133,96.18759155273438,145.91722106933594,50.923957824707024
3069,cut1,3069,POPC,134,73.4345474243164,25.82344627380371,91.85419464111328
3069,cut1,3069,POPC,135,178.10037231445312,145.98265075683594,87.37474822998047
3069,cut1,3069,POPC,136,162.64988708496094,66.92101287841797,96.60555267333984
3069,cut1,3069,POPC,137,26.90332794189453,157.5234375,76.69556427001953
3069,cut1,3069,POPC,138,87.73611450195312,92.67154693603516,81.94060516357422
3069,cut1,3069,POPC,139,157.8627166748047,115.52155303955078,81.25080871582031
3069,cut1,3069,POPC,140,96.43112182617188,145.6815948486328,83.58753967285156
3069,cut1,3069,POPC,141,181.0215606689453,134.06028747558594,94.18321990966797
3069,cut1,3069,POPC,142,189.46788024902344,177.8623504638672,82.19742584228516
3069,cut1,3069,POPC,143,37.11302947998047,115.85606384277344,82.97892761230469
3069,cut1,3069,POPC,144,101.23689270019531,211.5613555908203,92.93537139892578
3069,cut1,3069,POPC,145,168.9660186767578,121.38802337646484,89.71550750732422
3069,cut1,3069,POPC,146,117.09432220458984,169.2969970703125,78.7341537475586
3069,cut1,3069,POPC,147,58.5625,185.4900665283203,84.82562255859375
3069,cut1,3069,POPC,148,170.04464721679688,113.60411834716797,88.2406997680664
3069,cut1,3069,POPC,149,21.94426727294922,37.88085174560547,94.57473754882812
3069,cut1,3069,POPC,150,38.264137268066406,179.3123016357422,84.61493682861328
3069,cut1,3069,POPC,151,102.80919647216797,76.64861297607422,78.76512145996094
3069,cut1,3069,POPC,152,199.5491943359375,119.36172485351562,95.906494140625
3069,cut1,3069,POPC,153,154.32423400878906,120.4482650756836,85.89305877685547
3069,cut1,3069,POPC,154,131.6566925048828,202.6615753173828,82.2129898071289
3069,cut1,3069,POPC,155,47.549293518066406,79.29523468017578,91.1968765258789
3069,cut1,3069,POPC,156,76.6374282836914,46.93971252441406,89.65951538085938
3069,cut1,3069,POPC,157,19.43487548828125,80.71773529052734,90.91744232177734
3069,cut1,3069,POPC,158,49.242279052734375,169.04026794433594,80.80847930908203
3069,cut1,3069,POPC,159,108.08003234863281,80.32417297363281,78.76106262207031
3069,cut1,3069,POPC,160,99.21852111816406,22.989625930786133,92.60212707519531
3069,cut1,3069,POPC,161,67.66494750976562,155.49330139160156,83.26705932617188
3069,cut1,3069,POPC,162,178.97735595703125,211.7564697265625,90.31096649169922
3069,cut1,3069,POPC,163,82.26396179199219,196.00779724121094,87.2967758178711
3069,cut1,3069,POPC,164,107.5373764038086,13.268731117248535,96.67386627197266
3069,cut1,3069,POPC,165,0.4687575399875641,16.64375877380371,99.77069854736328
3069,cut1,3069,POPC,166,52.77067565917969,187.6515350341797,84.4520492553711
3069,cut1,3069,POPC,167,57.33759307861328,167.05259704589844,81.43888092041016
3069,cut1,3069,POPC,168,24.499618530273438,95.99931335449219,92.94525909423828
3069,cut1,3069,POPC,169,168.5936737060547,196.1191864013672,84.14934539794922
3069,cut1,3069,POPC,170,11.819259643554688,39.17881393432617,97.13127136230469
3069,cut1,3069,POPC,171,97.11027526855469,14.653786659240723,95.02388763427734
3069,cut1,3069,POPC,172,163.4116973876953,133.61764526367188,89.11398315429688
3069,cut1,3069,POPC,173,39.99530029296875,78.16815948486328,93.85730743408203
3069,cut1,3069,POPC,174,167.9580841064453,209.99298095703125,87.17220306396484
3069,cut1,3069,POPC,175,67.69720458984375,108.54247283935547,85.5040283203125
3069,cut1,3069,POPC,176,183.92491149902344,52.84354019165039,97.15045166015625
3069,cut1,3069,POPC,177,146.46080017089844,4.47681188583374,94.74767303466797
3069,cut1,3069,POPC,178,181.85768127441406,218.0668182373047,92.0654067993164
3069,cut1,3069,POPC,179,48.09751892089844,234.5115203857422,92.92493438720703
3069,cut1,3069,POPC,180,24.273353576660156,75.61829376220703,93.73040008544922
3069,cut1,3069,POPC,181,61.031219482421875,53.904380798339844,89.96044158935547
3069,cut1,3069,POPC,182,130.21542358398438,165.03660583496094,83.60407257080078
3069,cut1,3069,POPC,183,118.62030792236328,104.88714599609375,76.91328430175781
3069,cut1,3069,POPC,184,125.51034545898438,205.5339813232422,80.58153533935548
3069,cut1,3069,POPC,185,100.67887115478516,134.1805877685547,80.94345092773438
3069,cut1,3069,POPC,186,11.64239501953125,21.853708267211914,103.0846176147461
3069,cut1,3069,POPC,187,157.1171112060547,5.604946613311768,95.62953186035156
3069,cut1,3069,POPC,188,41.557334899902344,52.95454025268555,96.1129379272461
3069,cut1,3069,POPC,189,43.275123596191406,249.93081665039062,93.28030395507812
3069,cut1,3069,POPC,190,129.8960723876953,90.75179290771484,73.49165344238281
3069,cut1,3069,POPC,191,8.1517333984375,239.3750762939453,57.5439338684082
3069,cut1,3069,POPC,192,63.74602508544922,37.86743164062501,89.6309585571289
3069,cut1,3069,POPC,193,147.56658935546875,248.60337829589844,92.78070831298828
3069,cut1,3069,POPC,194,193.5679473876953,87.01400756835938,88.00707244873047
3069,cut1,3069,POPC,195,158.843994140625,108.50592041015625,84.9754409790039
3069,cut1,3069,POPC,196,32.59510040283203,222.91641235351562,91.3169174194336
3069,cut1,3069,POPC,197,41.102386474609375,24.341707229614258,89.28985595703125
3069,cut1,3069,POPC,198,60.16429138183594,215.90196228027344,90.93571472167969
3069,cut1,3069,POPC,199,23.033966064453125,234.664794921875,93.63555908203125
3069,cut1,3069,POPC,200,35.61632537841797,98.16544342041016,52.03623962402344
3069,cut1,3069,POPC,201,187.46923828125,245.47848510742188,93.12317657470703
3069,cut1,3069,POPC,202,54.89466094970703,52.56207275390625,92.79631805419922
3069,cut1,3069,POPC,203,182.1923828125,111.29900360107422,93.48880004882812
3069,cut1,3069,POPC,204,131.5536651611328,170.43515014648438,81.04932403564453
3069,cut1,3069,POPC,205,141.94850158691406,127.36540222167969,85.90441131591797
3069,cut1,3069,POPC,206,169.957275390625,44.605167388916016,100.22468566894531
3069,cut1,3069,POPC,207,52.84185791015625,162.82199096679688,77.93938446044922
3069,cut1,3069,POPC,208,95.4830093383789,227.19692993164062,94.89646911621094
3069,cut1,3069,POPC,209,17.22600555419922,230.09442138671875,95.78634643554688
3069,cut1,3069,POPC,210,43.853477478027344,198.94845581054688,90.18358612060547
3069,cut1,3069,POPC,211,186.87991333007812,114.59172821044922,95.37812805175781
3069,cut1,3069,POPC,212,12.244384765625,6.242084980010986,101.50396728515625
3069,cut1,3069,POPC,213,151.93145751953125,68.4112777709961,89.40589904785156
3069,cut1,3069,POPC,214,182.27890014648438,177.33290100097656,84.4720458984375
3069,cut1,3069,POPC,215,4.890705108642578,9.744240760803223,99.58447265625
3069,cut1,3069,POPC,216,93.55215454101562,30.19804573059082,90.7630386352539
3069,cut1,3069,POPC,217,150.62969970703125,134.34759521484375,89.04914855957031
3069,cut1,3069,POPC,218,177.99887084960938,223.4844207763672,94.87224578857422
3069,cut1,3069,POPC,219,126.42625427246094,18.59337615966797,93.45950317382812
3069,cut1,3069,POPC,220,41.760154724121094,234.02633666992188,90.47552490234375
3069,cut1,3069,POPC,221,170.73709106445312,163.6117706298828,87.63107299804688
3069,cut1,3069,POPC,222,49.183502197265625,59.305694580078125,91.36201477050781
3069,cut1,3069,POPC,223,86.77098083496095,132.47096252441406,84.50118255615234
3069,cut1,3069,POPC,224,65.03813934326172,101.95403289794922,85.59564971923828
3069,cut1,3069,POPC,225,7.760200500488281,220.09884643554688,93.9807586669922
3069,cut1,3069,POPC,226,24.923095703125,137.90794372558594,72.89620971679688
3069,cut1,3069,POPC,227,62.81181335449219,187.66941833496094,86.7628173828125
3069,cut1,3069,POPC,228,4.514137268066406,79.60696411132812,86.95645141601562
3069,cut1,3069,POPC,229,93.67653656005861,89.75634765625,80.28955078125
3069,cut1,3069,POPC,230,139.5673065185547,171.78314208984375,81.08639526367188
3069,cut1,3069,POPC,231,158.84185791015625,47.89299774169922,102.02125549316406
3069,cut1,3069,POPC,232,134.46585083007812,184.4004364013672,43.31968307495117
3069,cut1,3069,POPC,233,110.66264343261719,171.13296508789062,79.28788757324219
3069,cut1,3069,POPC,234,41.496261596679695,224.8224639892578,87.77093505859375
3069,cut1,3069,POPC,235,173.39524841308594,0.7587896585464478,95.79417419433594
3069,cut1,3069,POPC,236,188.62205505371094,15.639988899230957,98.1765365600586
3069,cut1,3069,POPC,237,141.45486450195312,163.0640411376953,80.75956726074219
3069,cut1,3069,POPC,238,56.8648681640625,36.16335678100586,91.66951751708984
3069,cut1,3069,POPC,239,83.8482437133789,50.25407409667969,87.7413330078125
3069,cut1,3069,POPC,240,40.097129821777344,67.7804183959961,94.76588439941406
3069,cut1,3069,POPC,241,8.696952819824219,232.50294494628906,97.00116729736328
3069,cut1,3069,POPC,242,157.6225128173828,131.98500061035156,87.53253936767578
3069,cut1,3069,POPC,243,113.06175994873047,60.752197265625,83.16423797607422
3069,cut1,3069,POPC,244,47.50798034667969,35.0726318359375,92.97181701660156
3069,cut1,3069,POPC,245,11.914695739746094,63.29132080078125,98.88177490234375
3069,cut1,3069,POPC,246,123.60826110839844,90.33074951171875,74.56328582763672
3069,cut1,3069,POPC,247,26.942474365234375,250.62200927734375,50.375186920166016
3069,cut1,3069,POPC,248,72.95081329345703,96.39496612548828,81.16631317138672
3069,cut1,3069,POPC,249,99.99115753173828,103.66783905029297,74.36659240722656
3069,cut1,3069,POPC,250,156.7902069091797,79.11083984375,93.10159301757812
3069,cut1,3069,POPC,251,81.74417114257812,78.15613555908203,87.61072540283203
3069,cut1,3069,POPC,252,139.11888122558594,103.91665649414062,76.22893524169922
3069,cut1,3069,POPC,253,74.18831634521484,245.619873046875,90.78779602050781
3069,cut1,3069,POPC,254,86.74114227294922,234.97999572753906,95.63703155517578
3069,cut1,3069,POPC,255,114.82848358154297,182.4756317138672,79.16600036621094
3069,cut1,3069,POPC,256,189.08053588867188,69.1920166015625,94.74615478515625
3069,cut1,3069,POPC,257,136.7053680419922,250.3597412109375,91.6881332397461
3069,cut1,3069,POPC,258,41.14563751220703,62.478981018066406,94.54388427734375
3069,cut1,3069,POPC,259,51.697479248046875,143.75791931152344,72.06623077392578
3069,cut1,3069,POPC,260,128.72994995117188,85.26295471191406,77.38734436035156
3069,cut1,3069,POPC,261,15.831352233886719,25.143720626831055,100.57366180419922
3069,cut1,3069,POPC,262,81.2445068359375,247.99737548828125,91.86112213134766
3069,cut1,3069,POPC,263,44.70489501953125,96.31018829345703,83.701171875
3069,cut1,3069,POPC,264,52.73841857910156,74.71749114990233,91.94373321533203
3069,cut1,3069,POPC,265,164.763916015625,193.06805419921875,86.97332763671875
3069,cut1,3069,POPC,266,121.45134735107422,248.5064697265625,96.90935516357422
3069,cut1,3069,POPC,267,148.7659912109375,158.84967041015625,83.29055786132812
3069,cut1,3069,POPC,268,119.47134399414062,186.94871520996097,78.86128234863281
3069,cut1,3069,POPC,269,-0.1801377385854721,5.71593713760376,96.26444244384766
3069,cut1,3069,POPC,270,72.44854736328125,216.490966796875,92.48707580566406
3069,cut1,3069,POPC,271,28.52161407470703,241.65081787109375,94.94287109375
3069,cut1,3069,POPC,272,129.80670166015625,5.580887317657471,93.86967468261719
3069,cut1,3069,POPC,273,79.46756744384766,58.1016845703125,89.29846954345703
3069,cut1,3069,POPC,274,151.614013671875,89.53369140625,86.82006072998047
3069,cut1,3069,POPC,275,11.556716918945312,124.83587646484375,84.20170593261719
3069,cut1,3069,POPC,276,3.4323883056640625,30.33573341369629,56.174747467041016
3069,cut1,3069,POPC,277,92.32318115234375,70.78450775146484,84.04220581054688
3069,cut1,3069,POPC,278,33.49889373779297,74.47234344482422,98.73357391357422
3069,cut1,3069,POPC,279,157.49241638183594,20.96709442138672,93.65164184570314
3069,cut1,3069,POPC,280,44.59766387939453,110.8757553100586,81.75607299804688
3069,cut1,3069,POPC,281,156.55508422851562,165.2605743408203,83.67886352539062
3069,cut1,3069,POPC,282,108.6411361694336,107.12871551513672,75.33866882324219
3069,cut1,3069,POPC,283,96.842529296875,196.5709228515625,83.22428131103516
3069,cut1,3069,POPC,284,122.56805419921875,133.4358367919922,83.3375015258789
3069,cut1,3069,POPC,285,177.38902282714844,46.20112609863281,98.52863311767578
3069,cut1,3069,POPC,286,169.56661987304688,201.7806396484375,84.1227035522461
3069,cut1,3069,POPC,287,68.01276397705078,144.59425354003906,74.88245391845703
3069,cut1,3069,POPC,288,62.28169250488282,235.14825439453125,94.16548919677734
3069,cut1,3069,POPC,289,192.8851318359375,40.72141647338867,92.2161636352539
3069,cut1,3069,POPC,290,78.5814437866211,240.8497772216797,94.37016296386719
3069,cut1,3069,POPC,291,189.67239379882812,223.51138305664062,96.4156723022461
3069,cut1,3069,POPC,292,44.968414306640625,184.5181427001953,84.12274932861328
3069,cut1,3069,POPC,293,23.399696350097656,246.49827575683594,97.98252868652344
3069,cut1,3069,POPC,294,168.86497497558594,13.486727714538574,98.07451629638672
3069,cut1,3069,POPC,295,130.66412353515625,82.47470092773438,44.91848373413086
3069,cut1,3069,POPC,296,82.27732849121094,9.87807559967041,92.8041000366211
3069,cut1,3069,POPC,297,15.836814880371094,94.18565368652344,95.5822525024414
3069,cut1,3069,POPC,298,111.08599853515625,164.18728637695312,78.62489318847656
3069,cut1,3069,POPC,299,44.21515655517578,121.33296203613281,79.18490600585938
3069,cut1,3069,POPC,300,177.40798950195312,240.08348083496094,94.72696685791016
3069,cut1,3069,POPC,301,38.24115753173828,209.547119140625,91.12677764892578
3069,cut1,3069,POPC,302,74.75321960449219,76.68721008300781,87.45628356933594
3069,cut1,3069,POPC,303,53.77106475830078,218.69178771972656,91.83436584472656
3069,cut1,3069,POPC,304,129.6311798095703,75.96717071533203,75.78426361083984
3069,cut1,3069,POPC,305,26.16082000732422,150.83708190917966,74.62181854248047
3069,cut1,3069,POPC,306,37.42206573486329,93.09281158447266,90.15963745117188
3069,cut1,3069,POPC,307,43.26698303222656,169.14540100097656,78.60076904296875
3069,cut1,3069,POPC,308,129.72499084472656,31.2387752532959,95.66921997070312
3069,cut1,3069,POPC,309,100.91441345214844,40.1983642578125,84.74886322021484
3069,cut1,3069,POPC,310,63.36058807373047,161.19508361816406,78.37812805175781
3069,cut1,3069,POPC,311,182.6559600830078,39.168636322021484,95.04942321777344
3069,cut1,3069,POPC,312,36.44268798828125,36.070987701416016,90.9039306640625
3069,cut1,3069,POPC,313,192.50465393066406,108.73020935058594,95.93450164794922
3069,cut1,3069,POPC,314,46.36060333251953,159.11083984375,74.99665832519531
3069,cut1,3069,POPC,315,174.7579803466797,210.22311401367188,84.38448333740234
3069,cut1,3069,POPC,316,140.0015869140625,40.58444595336914,96.93746948242188
3069,cut1,3069,POPC,317,95.81771850585938,242.39962768554688,98.35160827636719
3069,cut1,3069,POPC,318,22.918922424316406,20.32866668701172,99.17304229736328
3069,cut1,3069,POPC,319,18.704978942871094,147.0371551513672,73.2922592163086
3069,cut1,3069,POPC,320,68.58307647705078,204.1682891845703,91.47370147705078
3069,cut1,3069,POPC,321,15.370018005371094,222.08418273925784,95.22886657714844
3069,cut1,3069,POPC,322,126.14086151123045,95.30335235595703,72.74272918701172
3069,cut1,3069,POPC,323,168.50624084472656,130.72181701660156,90.5888900756836
3069,cut1,3069,POPC,324,186.82534790039062,90.51850128173828,92.31692504882812
3069,cut1,3069,POPC,325,151.23681640625,10.794346809387207,94.4248275756836
3069,cut1,3069,POPC,326,107.2926025390625,48.89829635620117,83.05809783935547
3069,cut1,3069,POPC,327,117.23670196533203,12.241747856140137,94.9803466796875
3069,cut1,3069,POPC,328,8.494232177734375,71.88851928710938,89.56597137451172
3069,cut1,3069,POPC,329,44.98278045654297,84.9286880493164,91.58905029296875
3069,cut1,3069,POPC,330,47.816383361816406,3.102382183074951,94.64574432373047
3069,cut1,3069,POPC,331,125.52081298828125,175.18605041503906,79.30746459960938
3069,cut1,3069,POPC,332,98.42677307128906,9.891207695007324,92.20014190673828
3069,cut1,3069,POPC,333,8.66449737548828,124.06234741210938,92.96095275878906
3069,cut1,3069,POPC,334,166.36138916015625,101.8686981201172,89.84864044189453
3069,cut1,3069,POPC,335,15.231231689453125,1.6503444910049438,98.74537658691406
3069,cut1,3069,POPC,336,40.271316528320305,163.8079833984375,76.9544906616211
3069,cut1,3069,POPC,337,147.0961456298828,199.8709259033203,85.74077606201172
3069,cut1,3069,POPC,338,30.74231719970703,98.01695251464844,91.80036926269531
3069,cut1,3069,POPC,339,99.88776397705078,64.94792938232422,83.81431579589844
3069,cut1,3069,POPC,340,152.44447326660156,27.348421096801758,96.42173767089844
3069,cut1,3069,POPC,341,135.7595672607422,195.06683349609375,82.35591125488281
3069,cut1,3069,POPC,342,29.928421020507812,32.81568908691406,93.8121109008789
3069,cut1,3069,POPC,343,28.2469482421875,202.2292938232422,92.59375
3069,cut1,3069,POPC,344,89.16038513183594,59.795433044433594,86.43386840820312
3069,cut1,3069,POPC,345,162.11029052734375,121.07746887207031,85.92510223388672
3069,cut1,3069,POPC,346,160.5290985107422,93.78942108154297,87.28799438476562
3069,cut1,3069,POPC,347,172.85397338867188,198.7578582763672,50.585201263427734
3069,cut1,3069,POPC,348,119.6080093383789,72.97737884521484,81.7972640991211
3069,cut1,3069,POPC,349,186.48922729492188,22.68171501159668,98.28583526611328
3069,cut1,3069,POPC,350,137.8250274658203,111.87528991699219,78.27104949951172
3069,cut1,3069,POPC,351,22.110252380371094,175.2183380126953,79.60614013671875
3069,cut1,3069,POPC,352,16.399253845214844,44.5839958190918,96.2345199584961
3069,cut1,3069,POPC,353,171.63331604003906,242.57859802246094,96.07756805419922
3069,cut1,3069,POPC,354,22.305763244628906,105.00281524658203,92.65072631835938
3069,cut1,3069,POPC,355,73.09303283691406,140.1516571044922,74.24270629882812
3069,cut1,3069,POPC,356,104.58366394042969,218.4795684814453,100.22904968261719
3069,cut1,3069,POPC,357,178.01058959960938,80.78056335449219,87.01185607910156
3069,cut1,3069,POPC,358,77.42033386230469,180.5103759765625,84.24944305419922
3069,cut1,3069,POPC,359,142.39254760742188,217.0590362548828,86.39849853515625
3069,cut1,3069,POPC,360,26.39533233642578,229.78289794921875,92.4378890991211
3069,cut1,3069,POPC,361,42.62665557861328,206.11297607421875,91.3812026977539
3069,cut1,3069,POPC,362,84.34996795654297,2.161780834197998,89.33399963378906
3069,cut1,3069,POPC,363,125.18224334716797,145.22886657714844,83.13531494140625
3069,cut1,3069,POPC,364,68.12718963623047,139.97834777832028,67.77005004882812
3069,cut1,3069,POPC,365,78.77364349365234,67.69420623779297,86.61756896972656
3069,cut1,3069,POPC,366,97.71709442138672,111.09075164794922,79.78497314453125
3069,cut1,3069,POPC,367,148.99008178710938,140.79324340820312,88.59481048583984
3069,cut1,3069,POPC,368,159.19375610351562,58.777549743652344,99.50389862060547
3069,cut1,3069,POPC,369,131.70486450195312,19.69331741333008,96.58831024169922
3069,cut1,3069,POPC,370,147.9384307861328,176.23114013671875,83.39482116699219
3069,cut1,3069,POPC,371,36.33636474609375,155.7006378173828,75.40338897705078
3069,cut1,3069,POPC,372,0.8591650724411011,203.31292724609375,89.97630310058594
3069,cut1,3069,POPC,373,56.09513854980469,210.31747436523438,93.92259216308594
3069,cut1,3069,POPC,374,183.818115234375,62.786895751953125,99.33052062988281
3069,cut1,3069,POPC,375,67.267822265625,225.00854492187497,94.1061019897461
3069,cut1,3069,POPC,376,38.38538360595703,102.51243591308594,87.56503295898438
3069,cut1,3069,POPC,377,83.60249328613281,20.629167556762695,93.73818969726562
3069,cut1,3069,POPC,378,101.92890930175781,97.43647766113281,76.0404281616211
3069,cut1,3069,POPC,379,3.439525604248047,64.147216796875,93.57650756835938
3069,cut1,3069,POPC,380,66.59801483154297,84.6424331665039,88.22547912597656
3069,cut1,3069,POPC,381,60.99151611328125,226.6883087158203,91.07264709472656
3069,cut1,3069,POPC,382,28.490882873535156,168.81971740722656,79.46686553955078
3069,cut1,3069,POPC,383,146.3483428955078,35.46138000488281,95.05772399902344
3069,cut1,3069,POPC,384,19.45367431640625,153.8868865966797,75.70075225830078
3069,cut1,3069,POPC,385,132.96246337890625,189.64247131347656,83.15946960449219
3069,cut1,3069,POPC,386,107.70682525634766,3.287245273590088,95.87027740478516
3069,cut1,3069,POPC,387,91.26084899902344,17.065509796142578,94.37501525878906
3069,cut1,3069,POPC,388,77.63176727294922,148.34178161621094,81.9326171875
3069,cut1,3069,POPC,389,166.0273895263672,39.35261154174805,96.32345581054688
3069,cut1,3069,POPC,390,183.3059539794922,125.51769256591797,98.76239776611328
3069,cut1,3069,POPC,391,176.38284301757812,30.28449821472168,97.56329345703125
3069,cut1,3069,POPC,392,88.94654846191406,146.18289184570312,83.7115936279297
3069,cut1,3069,POPC,393,175.92257690429688,204.53501892089844,82.67003631591797
3069,cut1,3069,POPC,394,35.0692138671875,29.185514450073242,91.79251861572266
3069,cut1,3069,POPC,395,188.08831787109375,155.84046936035156,50.453880310058594
3069,cut1,3069,POPC,396,82.63455200195312,173.97360229492188,87.20198059082031
3069,cut1,3069,POPC,397,166.12225341796875,56.922943115234375,103.75848388671875
3069,cut1,3069,POPC,398,143.3207550048828,148.74256896972656,85.3115463256836
3069,cut1,3069,POPC,399,12.141876220703125,105.24626922607422,93.7282485961914
3069,cut1,3069,POPC,400,90.13201904296875,98.58732604980469,79.7789077758789
3069,cut1,3069,POPC,401,156.31796264648438,199.19021606445312,85.71391296386719
3069,cut1,3069,POPC,402,104.85124206542969,54.37873077392578,83.12176513671875
3069,cut1,3069,POPC,403,147.50379943847656,112.59251403808594,79.54915618896484
3069,cut1,3069,POPC,404,123.67428588867188,169.83184814453125,78.60684967041016
3069,cut1,3069,POPC,405,66.09507751464844,0.8021417856216431,88.77629089355469
3069,cut1,3069,POPC,406,18.882652282714844,207.47201538085938,91.1630859375
3069,cut1,3069,POPC,407,153.6955108642578,210.24624633789062,87.02120208740234
3069,cut1,3069,POPC,408,158.4476776123047,25.750173568725586,97.16410827636719
3069,cut1,3069,POPC,409,56.12361145019531,237.80433654785156,95.05353546142578
3069,cut1,3069,POPC,410,89.10507202148438,167.21250915527344,83.70181274414062
3069,cut1,3069,POPC,411,92.39013671875,35.73235321044922,90.50814819335938
3069,cut1,3069,POPC,412,72.85994720458984,65.02127075195312,90.87348937988281
3069,cut1,3069,POPC,413,153.67408752441406,98.78471374511719,87.07857513427734
3069,cut1,3069,POPC,414,0.8974798917770386,95.01899719238281,91.21453094482422
3069,cut1,3069,POPC,415,165.3422393798828,6.926044940948486,98.91096496582031
3069,cut1,3069,POPC,416,116.37374114990234,228.42733764648438,101.39588165283203
3069,cut1,3069,POPC,417,16.698577880859375,184.50718688964844,79.40437316894531
3069,cut1,3069,POPC,418,117.08985900878906,22.8131046295166,97.21041107177734
3069,cut1,3069,POPC,419,52.43852233886719,27.55003547668457,91.64445495605467
3069,cut1,3069,POPC,420,44.084716796875,91.0077896118164,88.26058959960938
3069,cut1,3069,POPC,421,85.91845703125,137.81576538085938,82.04489135742188
3069,cut1,3069,POPC,422,69.6773452758789,7.816738605499268,92.0269546508789
3069,cut1,3069,POPC,423,179.17724609375,0.0431591160595417,96.4294204711914
3069,cut1,3069,POPC,424,101.63327026367188,85.71683502197266,78.65473937988281
3069,cut1,3069,POPC,425,165.24981689453125,91.52495574951172,87.35023498535156
3069,cut1,3069,POPC,426,31.14935302734375,177.64968872070312,84.24234008789062
3069,cut1,3069,POPC,427,51.65283203125,239.05921936035156,92.0263900756836
3069,cut1,3069,POPC,428,167.5116729736328,144.68832397460938,86.47749328613281
3069,cut1,3069,POPC,429,146.64259338378906,120.15641021728516,85.23867797851562
3069,cut1,3069,POPC,430,84.85057067871094,70.8687973022461,84.83383178710938
3069,cut1,3069,POPC,431,194.62527465820312,70.22586059570312,91.6532974243164
3069,cut1,3069,POPC,432,4.973793029785156,213.30657958984375,94.7928466796875
3069,cut1,3069,POPC,433,183.47401428222656,139.60276794433594,90.22183990478516
3069,cut1,3069,POPC,434,30.62499237060547,79.99723052978516,94.84326171875
3069,cut1,3069,POPC,435,132.05877685546875,135.8588104248047,83.2089080810547
3069,cut1,3069,POPC,436,163.738525390625,81.10521697998047,90.3084945678711
3069,cut1,3069,POPC,437,94.93978881835938,103.43787384033203,76.6889877319336
3069,cut1,3069,POPC,438,27.046035766601562,68.59246826171875,96.31546783447266
3069,cut1,3069,POPC,439,59.933921813964844,6.574583530426025,91.89619445800781
3069,cut1,3069,POPC,440,14.784446716308594,213.208984375,96.2720947265625
3069,cut1,3069,POPC,441,41.237144470214844,46.607391357421875,93.7608642578125
3069,cut1,3069,POPC,442,173.3123321533203,217.9027862548828,91.17742919921875
3069,cut1,3069,POPC,443,130.63864135742188,144.2135772705078,84.13716888427734
3069,cut1,3069,POPC,444,-1.3888474702835083,234.43685913085938,95.59649658203125
3069,cut1,3069,POPC,445,5.6391143798828125,1.7061163187026978,97.48060607910156
3069,cut1,3069,POPC,446,141.07315063476562,116.31399536132812,84.80570220947266
3069,cut1,3069,POPC,447,109.21326446533203,191.48414611816406,75.23426818847656
3069,cut1,3069,POPC,448,148.3637237548828,41.63698959350586,95.8270492553711
3069,cut1,3069,POPC,449,1.3405226469039917,104.80553436279297,90.62805938720703
3069,cut1,3069,POPC,450,51.866943359375,108.5096664428711,83.14867401123047
3069,cut1,3069,POPC,451,139.21713256835938,142.09552001953125,86.11387634277344
3069,cut1,3069,POPC,452,160.852783203125,144.26663208007812,87.3431396484375
3069,cut1,3069,POPC,453,161.3550262451172,188.62513732910156,83.91015624999999
3069,cut1,3069,POPC,454,76.37667083740234,159.3086700439453,86.18407440185547
3069,cut1,3069,POPC,455,52.86461639404297,88.6434555053711,91.4753189086914
3069,cut1,3069,POPC,456,55.097381591796875,10.245318412780762,91.95093536376953
3069,cut1,3069,POPC,457,72.5372085571289,185.60818481445312,86.27942657470703
3069,cut1,3069,POPC,458,102.69248962402344,110.8255081176758,74.43965148925781
3069,cut1,3069,POPC,459,162.82215881347656,156.24798583984375,89.3462905883789
3069,cut1,3069,POPC,460,89.85584259033203,77.88756561279297,82.97637176513672
3069,cut1,3069,POPC,461,68.91567993164062,27.048017501831055,88.31053924560547
3069,cut1,3069,POPC,462,16.285240173339844,175.37783813476562,80.85774230957031
3069,cut1,3069,POPC,463,174.05470275878906,18.396394729614254,98.69910430908203
3069,cut1,3069,POPC,464,73.40608978271486,3.2362256050109863,90.24617004394533
3069,cut1,3069,POPC,465,11.236648559570312,239.3509521484375,98.89935302734375
3069,cut1,3069,POPC,466,26.23265838623047,27.530778884887695,94.72146606445312
3069,cut1,3069,POPC,467,102.1515121459961,210.9584503173828,55.4313850402832
3069,cut1,3069,POPC,468,190.8336944580078,60.575782775878906,96.9328842163086
3069,cut1,3069,POPC,469,57.535125732421875,109.95042419433594,81.74102020263672
3069,cut1,3069,POPC,470,42.945884704589844,9.164095878601074,93.50594329833984
3069,cut1,3069,POPC,471,68.8975830078125,227.67002868652344,53.94844436645508
3069,cut1,3069,POPC,472,139.20675659179688,184.687255859375,85.52490997314453
3069,cut1,3069,POPC,473,177.63461303710938,185.96424865722656,89.2444839477539
3069,cut1,3069,POPC,474,162.73040771484375,178.84103393554688,87.51220703125
3069,cut1,3069,POPC,475,150.6291961669922,183.4308624267578,88.10942077636719
3069,cut1,3069,POPC,476,158.1786651611328,42.345008850097656,98.31607818603516
3069,cut1,3069,POPC,477,60.45494079589844,196.7228546142578,91.77279663085938
3069,cut1,3069,POPC,478,172.3964080810547,126.46565246582031,92.60060119628906
3069,cut1,3069,POPC,479,186.06785583496094,84.02645874023438,89.95880126953125
3069,cut1,3069,POPC,480,175.4551239013672,64.82575988769531,98.45398712158203
3069,cut1,3069,POPC,481,116.27604675292969,1.2893387079238892,96.54056549072266
3069,cut1,3069,POPC,482,91.16838836669922,116.33045959472656,86.53887176513672
3069,cut1,3069,POPC,483,66.46694946289062,211.05361938476562,94.2704086303711
3069,cut1,3069,POPC,484,72.39539337158202,109.84082794189453,81.29032897949219
3069,cut1,3069,POPC,485,67.04922485351562,95.57194519042969,82.25816345214844
3069,cut1,3069,POPC,486,83.21993255615234,228.98471069335938,93.19395446777344
3069,cut1,3069,POPC,487,171.98968505859375,33.78880310058594,97.3296127319336
3069,cut1,3069,POPC,488,145.948974609375,204.1753387451172,82.61312103271484
3069,cut1,3069,POPC,489,155.29931640625,176.71151733398438,87.04280090332031
3069,cut1,3069,POPC,490,70.67743682861328,164.65286254882812,82.10111236572266
3069,cut1,3069,POPC,491,14.8643798828125,85.29930114746094,92.3708724975586
3069,cut1,3069,POPC,492,168.70555114746094,139.0028839111328,90.65668487548828
3069,cut1,3069,POPC,493,58.42909240722656,25.334089279174805,91.86293029785156
3069,cut1,3069,POPC,494,21.81470489501953,69.20858001708984,98.39710235595703
3069,cut1,3069,POPC,495,94.4947738647461,216.75343322753906,91.01068115234375
3069,cut1,3069,POPC,496,83.83804321289062,38.84940719604492,90.83897399902344
3069,cut1,3069,POPC,497,34.13737487792969,148.6478271484375,72.76480865478516
3069,cut1,3069,POPC,498,128.27708435058594,151.72537231445312,80.67864227294922
3069,cut1,3069,POPC,499,118.56912994384766,137.65585327148438,80.67877197265625
3069,cut1,3069,POPC,500,98.2572021484375,45.82102966308594,84.93780517578125
3069,cut1,3069,POPC,501,77.65174102783203,169.82112121582028,82.60340118408203
3069,cut1,3069,POPC,502,39.13391876220703,141.5836181640625,74.2340087890625
3069,cut1,3069,POPC,503,1.801559329032898,25.756803512573242,101.8428955078125
3069,cut1,3069,POPC,504,58.30286407470704,158.87257385253906,77.97771453857422
3069,cut1,3069,POPC,505,87.476318359375,223.14254760742188,95.41941833496094
3069,cut1,3069,POPC,506,26.205665588378906,45.677005767822266,94.84538269042969
3069,cut1,3069,POPC,507,90.91889190673828,44.15978240966797,86.12982940673828
3069,cut1,3069,POPC,508,90.93647766113281,195.29974365234375,86.19966125488281
3069,cut1,3069,POPC,509,118.95323181152344,195.8624267578125,77.6560287475586
3069,cut1,3069,POPC,510,176.29757690429688,191.85589599609375,90.47014617919922
3069,cut1,3069,POPC,511,93.81535339355469,59.401153564453125,43.573638916015625
3069,cut1,3069,POPC,512,118.64132690429688,81.11824798583984,78.44336700439453
3069,cut1,3069,POPC,513,109.70196533203125,99.5198745727539,76.60582733154297
3069,cut1,3069,POPC,514,3.9791336059570312,55.91893768310547,98.46623229980469
3069,cut1,3069,POPC,515,106.22502899169922,20.989181518554688,95.502685546875
3069,cut1,3069,POPC,516,61.23442077636719,70.39708709716797,89.10650634765625
3069,cut1,3069,POPC,517,88.5790786743164,213.64703369140625,92.66888427734375
3069,cut1,3069,POPC,518,61.211265563964844,137.99513244628906,68.49556732177734
3069,cut1,3069,POPC,519,113.38294219970703,71.6421127319336,80.79917907714844
3069,cut1,3069,POPC,520,71.60771179199219,51.28439712524413,88.39823913574219
3069,cut1,3069,POPC,521,67.17513275146484,44.56577682495117,88.61296081542969
3069,cut1,3069,POPC,522,13.992210388183594,98.9173812866211,92.97649383544922
3069,cut1,3069,POPC,523,134.87081909179688,177.40533447265625,81.92027282714844
3069,cut1,3069,POPC,524,35.61158752441406,8.329535484313965,94.75115203857422
3069,cut1,3069,POPC,525,100.815673828125,222.26409912109375,96.79679870605469
3069,cut1,3069,POPC,526,35.94457244873047,84.24185180664062,95.91180419921875
3069,cut1,3069,POPC,527,185.27560424804688,31.848291397094727,94.6971435546875
3069,cut1,3069,POPC,528,78.22318267822266,35.1977653503418,89.07518768310547
3069,cut1,3069,POPC,529,17.581260681152344,32.52882385253906,98.4718246459961
3069,cut1,3069,POPC,530,7.794761657714844,198.03225708007812,87.37203979492188
3069,cut1,3069,POPC,531,48.50848388671875,210.64857482910156,92.53840637207031
3069,cut1,3069,POPC,532,15.330093383789062,118.17710876464844,91.50191497802734
3069,cut1,3069,POPC,533,191.7450714111328,75.26757049560547,89.73789978027344
3069,cut1,3069,POPC,534,160.03439331054688,206.62513732910156,87.74044799804688
3069,cut1,3069,POPC,535,0.8508948087692261,243.9129638671875,92.58174896240234
3069,cut1,3069,POPC,536,58.89678955078125,116.10882568359375,82.7211685180664
3069,cut1,3069,POPC,537,151.66722106933594,127.57600402832031,87.46143341064453
3069,cut1,3069,POPC,538,7.6288604736328125,84.99793243408203,87.18855285644531
3069,cut1,3069,POPC,539,150.41009521484375,220.90626525878906,87.66458129882812
3069,cut1,3069,POPC,540,78.48490142822266,234.8680877685547,95.9717025756836
3069,cut1,3069,POPC,541,174.06802368164062,24.73548698425293,96.49771118164062
3069,cut1,3069,POPC,542,166.72010803222656,-1.5755523443222046,96.91016387939453
3069,cut1,3069,POPC,543,38.467010498046875,188.15402221679688,85.79133605957031
3069,cut1,3069,POPC,544,57.62939453125,65.53040313720703,94.50701904296875
3069,cut1,3069,POPC,545,176.0319366455078,96.60002136230469,90.80997467041016
3069,cut1,3069,POPC,546,151.31678771972656,197.1585235595703,89.04739379882812
3069,cut1,3069,POPC,547,69.37128448486328,58.008201599121094,90.52068328857422
3069,cut1,3069,POPC,548,2.0778427124023438,46.848419189453125,98.52897644042969
3069,cut1,3069,POPC,549,63.70024108886719,154.2431640625,77.78410339355469
3069,cut1,3069,POPC,550,96.78165435791016,121.60296630859375,82.98695373535156
3069,cut1,3069,POPC,551,48.376983642578125,100.75318908691406,84.86669158935545
3069,cut1,3069,POPC,552,194.61666870117188,217.58013916015625,95.70178985595703
3069,cut1,3069,POPC,553,49.70088195800781,149.69805908203125,72.95479583740234
3069,cut1,3069,POPC,554,20.23487091064453,168.43032836914062,79.83822631835938
3069,cut1,3069,POPC,555,59.78460693359375,175.06068420410156,84.61103057861328
3069,cut1,3069,POPC,556,60.547325134277344,94.68396759033203,86.99931335449219
3069,cut1,3069,POPC,557,67.31874084472656,171.2945098876953,81.3481216430664
3069,cut1,3069,POPC,558,76.03025817871094,16.78594207763672,90.99359893798828
3069,cut1,3069,POPC,559,170.1475830078125,77.58686828613281,92.79127502441406
3069,cut1,3069,POPC,560,156.65155029296875,71.21685028076172,92.64261627197266
3069,cut1,3069,POPC,561,102.95804595947266,92.70911407470703,79.1728286743164
3069,cut1,3069,POPC,562,138.27171325683594,153.5746307373047,84.3666763305664
3069,cut1,3069,POPC,563,67.44115447998047,219.23680114746094,90.6426010131836
3069,cut1,3069,POPC,564,56.52960205078125,45.982276916503906,92.02703857421875
3069,cut1,3069,POPC,565,44.630043029785156,241.7080535888672,94.67084503173828
3069,cut1,3069,POPC,566,178.00465393066406,175.60504150390625,87.49104309082031
3069,cut1,3069,POPC,567,93.25969696044922,175.32861328125,83.8893814086914
3069,cut1,3069,POPC,568,77.16366577148436,133.11448669433594,70.83592224121094
3069,cut1,3069,POPC,569,170.6189422607422,84.28761291503908,89.0027084350586
3069,cut1,3069,POPC,570,152.53746032714844,55.88501739501953,97.32339477539062
3069,cut1,3069,POPC,571,17.917823791503906,243.1947784423828,99.13367462158203
3069,cut1,3069,POPC,572,153.59645080566406,148.90733337402344,87.15399169921875
3069,cut1,3069,POPC,573,47.19761657714844,120.81272888183594,40.63393020629883
3069,cut1,3069,POPC,574,73.8135986328125,10.738490104675293,92.83487701416016
3069,cut1,3069,POPC,575,167.4699249267578,107.70372772216797,88.82853698730469
3069,cut1,3069,POPC,576,146.61550903320312,187.84007263183594,85.69834899902344
3069,cut1,3069,POPC,577,13.58821105957031,56.987213134765625,98.8002700805664
3069,cut1,3069,POPC,578,167.42300415039062,182.62136840820312,88.84259796142578
3069,cut1,3069,POPC,579,142.83486938476562,158.1744384765625,84.46477508544922
3069,cut1,3069,POPC,580,118.29439544677734,236.26161193847656,102.36544036865234
3069,cut1,3069,POPC,581,8.825759887695312,207.2256622314453,89.76253509521484
3069,cut1,3069,POPC,582,1.5370978116989136,45.40776443481445,60.58477783203125
3069,cut1,3069,POPC,583,158.95310974121094,37.0864372253418,96.65115356445312
3069,cut1,3069,POPC,584,169.3497772216797,154.5162353515625,88.5205307006836
3069,cut1,3069,POPC,585,5.501468658447266,226.35134887695312,95.43338775634766
3069,cut1,3069,POPC,586,122.38665771484375,8.994593620300293,94.22682189941406
3069,cut1,3069,POPC,587,31.909454345703125,191.5936279296875,87.96552276611328
3069,cut1,3069,POPC,588,62.48755645751953,166.58489990234375,79.78755950927734
3069,cut1,3069,POPC,589,50.59247589111328,76.5021743774414,48.545005798339844
3069,cut1,3069,POPC,590,89.3120346069336,201.69534301757812,86.69207763671875
3069,cut1,3069,POPC,591,22.5032958984375,218.3042755126953,92.42259979248047
3069,cut1,3069,POPC,592,39.76909637451172,214.1001739501953,91.70764923095703
3069,cut1,3069,POPC,593,146.40899658203125,211.2508392333984,84.07646179199219
3069,cut1,3069,POPC,594,114.81698608398438,153.5489959716797,82.38568115234375
3069,cut1,3069,POPC,595,189.7769012451172,47.795475006103516,98.57209014892578
3069,cut1,3069,POPC,596,89.2038040161133,243.449951171875,96.80242919921875
3069,cut1,3069,POPC,597,74.0025405883789,198.89813232421875,87.36726379394531
3069,cut1,3069,POPC,598,31.639724731445312,161.79014587402344,79.17020416259766
3069,cut1,3069,POPC,599,148.1746826171875,64.71646881103516,95.71417236328125
3069,cut1,3069,POPC,600,68.64957427978516,231.1555938720703,92.65097045898438
3069,cut1,3069,POPC,601,74.5284423828125,89.63963317871095,82.35693359375
3069,cut1,3069,POPC,602,88.85263061523438,208.52012634277344,88.74715423583984
3069,cut1,3069,POPC,603,111.85417175292969,248.62747192382812,97.06908416748047
3069,cut1,3069,POPC,604,74.69690704345703,206.63125610351562,89.52940368652344
3069,cut1,3069,POPC,605,31.949569702148438,54.76354217529297,97.69824981689453
3069,cut1,3069,POPC,606,45.10987854003906,135.45858764648438,74.36132049560547
3069,cut1,3069,POPC,607,70.3401870727539,150.78907775878906,77.26949310302734
3069,cut1,3069,POPC,608,193.38290405273438,197.80690002441406,87.7267074584961
3069,cut1,3069,POPC,609,52.632080078125,-2.617269992828369,93.3973159790039
3069,cut1,3069,POPC,610,103.76177978515625,219.5511474609375,55.94865417480469
3069,cut1,3069,POPC,611,66.97150421142578,89.82014465332031,84.4620132446289
3069,cut1,3069,POPC,612,42.06146240234375,30.983667373657227,91.87275695800781
3069,cut1,3069,POPC,613,32.99278259277344,185.07823181152344,87.38116455078125
3069,cut1,3069,POPC,614,185.61062622070312,9.390154838562012,95.96214294433594
3069,cut1,3069,POPC,615,188.11717224121094,206.9041748046875,92.10417938232422
3069,cut1,3069,POPC,616,56.08575439453125,130.33778381347656,70.4499282836914
3069,cut1,3069,POPC,617,64.70767974853516,20.354732513427734,89.2524642944336
3069,cut1,3069,POPC,618,109.15082550048828,209.13775634765625,94.37889099121094
3069,cut1,3069,POPC,619,0.790023684501648,39.01335906982422,98.9123077392578
3069,cut1,3069,POPC,620,17.386009216308594,189.3827362060547,87.80316925048828
3069,cut1,3069,POPC,621,79.05171966552734,97.5042724609375,80.28046417236328
3069,cut1,3069,POPC,622,131.09304809570312,120.76461029052734,77.72209930419922
3069,cut1,3069,POPC,623,112.47306823730469,143.67727661132812,83.56517028808594
3069,cut1,3069,POPC,624,124.1344223022461,110.76591491699219,37.774940490722656
3069,cut1,3069,POPC,625,66.10223388671875,60.1483154296875,52.62913131713867
3069,cut1,3069,POPC,626,74.88224029541016,187.83572387695312,42.922237396240234
3069,cut1,3069,POPC,627,171.88204956054688,164.0925750732422,46.96617126464844
3069,cut1,3069,POPC,628,54.845726013183594,70.07456970214844,49.70790481567383
3069,cut1,3069,POPC,629,155.73162841796875,79.58184051513672,53.6407470703125
3069,cut1,3069,POPC,630,143.24118041992188,20.326169967651367,56.90738296508789
3069,cut1,3069,POPC,631,154.53372192382812,204.8600616455078,47.57733917236328
3069,cut1,3069,POPC,632,112.47483825683594,175.52955627441406,39.72169876098633
3069,cut1,3069,POPC,633,145.98397827148438,34.660545349121094,57.62834548950195
3069,cut1,3069,POPC,634,140.09376525878906,42.34138870239258,56.179412841796875
3069,cut1,3069,POPC,635,17.846771240234375,226.02005004882812,52.42214584350586
3069,cut1,3069,POPC,636,0.32760229706764216,20.311283111572266,59.091575622558594
3069,cut1,3069,POPC,637,63.373512268066406,228.00071716308594,56.777069091796875
3069,cut1,3069,POPC,638,102.20291137695312,6.667835712432861,56.46343231201172
3069,cut1,3069,POPC,639,43.2066650390625,236.63714599609375,56.70512771606445
3069,cut1,3069,POPC,640,22.154930114746094,209.52203369140625,45.27606964111328
3069,cut1,3069,POPC,641,92.3572006225586,241.059326171875,52.51686096191406
3069,cut1,3069,POPC,642,102.43071746826172,228.20828247070312,55.12343215942383
3069,cut1,3069,POPC,643,36.13578796386719,88.54057312011719,46.10697937011719
3069,cut1,3069,POPC,644,38.33605194091797,99.99178314208984,44.0192756652832
3069,cut1,3069,POPC,645,108.54126739501953,17.34194564819336,52.77253723144531
3069,cut1,3069,POPC,646,177.86936950683594,180.51564025878906,45.108280181884766
3069,cut1,3069,POPC,647,191.10121154785153,81.12834167480469,57.025474548339844
3069,cut1,3069,POPC,648,147.32321166992188,161.68338012695312,48.021976470947266
3069,cut1,3069,POPC,649,67.53079986572266,248.19354248046875,54.99861526489258
3069,cut1,3069,POPC,650,193.7183837890625,187.06732177734375,46.46513366699219
3069,cut1,3069,POPC,651,160.78419494628906,207.29302978515625,49.1653938293457
3069,cut1,3069,POPC,652,171.03656005859375,227.4348602294922,49.670528411865234
3069,cut1,3069,POPC,653,59.18944549560547,216.38137817382812,50.64969253540039
3069,cut1,3069,POPC,654,16.357803344726562,34.5000114440918,59.337257385253906
3069,cut1,3069,POPC,655,7.63006591796875,49.78073501586914,58.044979095458984
3069,cut1,3069,POPC,656,41.75193786621094,178.86276245117188,46.681884765625
3069,cut1,3069,POPC,657,92.80937957763672,131.6191864013672,48.17525100708008
3069,cut1,3069,POPC,658,13.161720275878906,100.30120086669922,50.61476516723633
3069,cut1,3069,POPC,659,41.851966857910156,52.41813659667969,52.4708251953125
3069,cut1,3069,POPC,660,123.78443908691406,10.363507270812988,59.483795166015625
3069,cut1,3069,POPC,661,183.78475952148438,175.7906951904297,47.09134292602539
3069,cut1,3069,POPC,662,168.2590789794922,158.89666748046875,48.64900207519531
3069,cut1,3069,POPC,663,187.4127655029297,207.95419311523438,49.38596725463867
3069,cut1,3069,POPC,664,72.47722625732422,248.9381103515625,51.80282974243164
3069,cut1,3069,POPC,665,151.1571197509766,173.950927734375,46.26200866699219
3069,cut1,3069,POPC,666,51.66305541992187,2.5149216651916504,54.32963562011719
3069,cut1,3069,POPC,667,49.221275329589844,13.679337501525879,55.38221740722656
3069,cut1,3069,POPC,668,168.17767333984375,71.72560119628906,60.364288330078125
3069,cut1,3069,POPC,669,175.22923278808594,246.55145263671875,53.5412712097168
3069,cut1,3069,POPC,670,52.93109130859375,173.67111206054688,47.96669006347656
3069,cut1,3069,POPC,671,94.49343872070312,10.285948753356934,52.982967376708984
3069,cut1,3069,POPC,672,168.77452087402344,125.737548828125,51.16509246826172
3069,cut1,3069,POPC,673,49.10424041748047,242.16497802734375,56.5071907043457
3069,cut1,3069,POPC,674,77.5212631225586,48.511383056640625,48.56008529663086
3069,cut1,3069,POPC,675,175.1171112060547,174.2593994140625,47.27457427978516
3069,cut1,3069,POPC,676,9.436843872070312,16.287158966064453,57.802608489990234
3069,cut1,3069,POPC,677,109.4160385131836,78.44839477539062,45.38270568847656
3069,cut1,3069,POPC,678,36.083343505859375,82.5211181640625,51.707759857177734
3069,cut1,3069,POPC,679,111.3700942993164,140.3649444580078,39.51561737060547
3069,cut1,3069,POPC,680,43.52110290527344,59.58445739746094,53.947425842285156
3069,cut1,3069,POPC,681,91.96349334716797,213.7111358642578,51.5302848815918
3069,cut1,3069,POPC,682,7.167930603027344,233.085205078125,56.48716735839843
3069,cut1,3069,POPC,683,96.88336944580078,46.3574104309082,52.85285186767578
3069,cut1,3069,POPC,684,53.28241729736328,63.89745330810547,52.16029357910156
3069,cut1,3069,POPC,685,37.05013275146485,62.84648895263672,54.1875114440918
3069,cut1,3069,POPC,686,154.57481384277344,35.44685745239258,57.656646728515625
3069,cut1,3069,POPC,687,65.78458404541016,184.2787628173828,49.604061126708984
3069,cut1,3069,POPC,688,105.83491516113281,144.51141357421875,42.50420379638672
3069,cut1,3069,POPC,689,71.4239730834961,203.95193481445312,51.7093620300293
3069,cut1,3069,POPC,690,56.74055480957031,82.79206848144531,48.806751251220696
3069,cut1,3069,POPC,691,-1.7811051607131958,164.15541076660156,52.144168853759766
3069,cut1,3069,POPC,692,80.71160888671875,17.560123443603516,54.1522216796875
3069,cut1,3069,POPC,693,126.36193084716797,25.251188278198242,58.052833557128906
3069,cut1,3069,POPC,694,15.97723388671875,65.41537475585938,55.424625396728516
3069,cut1,3069,POPC,695,142.03637695312497,6.03743314743042,58.35350036621094
3069,cut1,3069,POPC,696,145.36424255371094,196.85488891601562,52.704654693603516
3069,cut1,3069,POPC,697,15.979301452636719,87.92424011230469,53.39028549194336
3069,cut1,3069,POPC,698,83.09781646728516,64.56511688232422,49.687801361083984
3069,cut1,3069,POPC,699,23.62317657470703,59.58147430419922,54.53874206542969
3069,cut1,3069,POPC,700,59.841888427734375,242.1739501953125,56.674800872802734
3069,cut1,3069,POPC,701,10.748641967773438,244.32809448242188,55.286376953125
3069,cut1,3069,POPC,702,88.41665649414062,204.22349548339844,47.687599182128906
3069,cut1,3069,POPC,703,53.40644836425781,21.1346321105957,55.85963821411133
3069,cut1,3069,POPC,704,3.3289833068847656,191.92356872558594,84.98529052734375
3069,cut1,3069,POPC,705,45.006187438964844,75.4417495727539,46.59528350830078
3069,cut1,3069,POPC,706,170.2985382080078,58.45501708984375,56.344154357910156
3069,cut1,3069,POPC,707,33.082794189453125,54.44384765625,54.026512145996094
3069,cut1,3069,POPC,708,81.75856018066406,77.55253601074219,55.57583236694337
3069,cut1,3069,POPC,709,178.75245666503906,12.935349464416504,58.040245056152344
3069,cut1,3069,POPC,710,13.586387634277344,59.80155944824219,55.16034698486328
3069,cut1,3069,POPC,711,15.526512145996094,19.634662628173828,56.74755859375
3069,cut1,3069,POPC,712,30.064117431640625,19.47327995300293,57.55324935913086
3069,cut1,3069,POPC,713,189.75201416015625,202.65423583984375,48.092716217041016
3069,cut1,3069,POPC,714,38.99883270263672,226.93885803222656,53.961219787597656
3069,cut1,3069,POPC,715,91.52559661865234,231.5576629638672,52.45699691772461
3069,cut1,3069,POPC,716,48.05506134033203,183.1591796875,48.845008850097656
3069,cut1,3069,POPC,717,102.29996490478516,92.65914154052734,39.4399299621582
3069,cut1,3069,POPC,718,191.13043212890625,233.15995788574222,51.802490234375
3069,cut1,3069,POPC,719,123.16400909423828,170.16822814941406,37.6612548828125
3069,cut1,3069,POPC,720,62.45558166503906,76.1047592163086,49.31570816040039
3069,cut1,3069,POPC,721,173.66404724121094,113.86149597167969,54.57140350341797
3069,cut1,3069,POPC,722,59.57493591308594,64.38583374023438,52.416542053222656
3069,cut1,3069,POPC,723,64.99327850341797,219.74461364746094,52.996116638183594
3069,cut1,3069,POPC,724,28.78594207763672,65.40180969238281,54.10759353637695
3069,cut1,3069,POPC,725,104.0334243774414,30.617918014526367,55.02302169799805
3069,cut1,3069,POPC,726,36.26087951660156,-1.698050856590271,58.596763610839844
3069,cut1,3069,POPC,727,176.1156463623047,226.7123260498047,53.290809631347656
3069,cut1,3069,POPC,728,54.46320343017578,189.21313476562497,48.163055419921875
3069,cut1,3069,POPC,729,49.87635803222656,234.59788513183594,54.940792083740234
3069,cut1,3069,POPC,730,6.918235778808594,189.9515380859375,47.159603118896484
3069,cut1,3069,POPC,731,13.209686279296875,230.17417907714844,52.98274230957031
3069,cut1,3069,POPC,732,147.4660186767578,180.24130249023438,46.609153747558594
3069,cut1,3069,POPC,733,150.0372314453125,107.8331527709961,41.55125045776367
3069,cut1,3069,POPC,734,189.7769012451172,26.812681198120117,58.668601989746094
3069,cut1,3069,POPC,735,145.3448944091797,134.43559265136716,47.88493347167969
3069,cut1,3069,POPC,736,120.4408950805664,238.31512451171875,64.13768768310547
3069,cut1,3069,POPC,737,108.86830139160156,6.847790241241455,56.80683898925781
3069,cut1,3069,POPC,738,180.4722137451172,66.5564956665039,60.51286315917969
3069,cut1,3069,POPC,739,67.11415100097656,199.2815399169922,51.29985427856445
3069,cut1,3069,POPC,740,50.9481201171875,208.04591369628906,51.10545349121094
3069,cut1,3069,POPC,741,108.87528991699219,71.90532684326172,41.85192108154297
3069,cut1,3069,POPC,742,172.1700439453125,240.7945098876953,55.73601150512695
3069,cut1,3069,POPC,743,64.30573272705078,87.37541198730469,48.238582611083984
3069,cut1,3069,POPC,744,101.03763580322266,10.642525672912598,52.14152145385742
3069,cut1,3069,POPC,745,169.1088104248047,46.41764450073242,61.010009765625
3069,cut1,3069,POPC,746,186.56655883789062,54.28346252441406,59.574188232421875
3069,cut1,3069,POPC,747,53.425689697265625,223.10586547851562,52.5181770324707
3069,cut1,3069,POPC,748,153.3026580810547,187.6343536376953,49.84112548828125
3069,cut1,3069,POPC,749,110.5584945678711,232.6179962158203,58.35912322998047
3069,cut1,3069,POPC,750,52.66337585449219,151.9703369140625,36.50719451904297
3069,cut1,3069,POPC,751,23.973915100097656,107.97308349609375,49.599674224853516
3069,cut1,3069,POPC,752,161.82681274414062,139.8680877685547,50.22193908691406
3069,cut1,3069,POPC,753,184.85684204101562,79.3736572265625,57.96894454956055
3069,cut1,3069,POPC,754,184.338134765625,149.04124450683594,57.10575485229492
3069,cut1,3069,POPC,755,63.4390869140625,237.0486602783203,57.0319938659668
3069,cut1,3069,POPC,756,69.44239044189453,190.85882568359375,51.15667724609375
3069,cut1,3069,POPC,757,63.992057800292976,191.6961669921875,48.15507888793945
3069,cut1,3069,POPC,758,54.37360382080078,230.4637908935547,52.86469268798828
3069,cut1,3069,POPC,759,188.57373046875,220.05178833007812,54.547157287597656
3069,cut1,3069,POPC,760,171.05801391601562,104.84182739257812,53.94337844848633
3069,cut1,3069,POPC,761,142.41784667968747,182.01040649414062,44.121734619140625
3069,cut1,3069,POPC,762,39.255950927734375,37.60163879394531,51.122413635253906
3069,cut1,3069,POPC,763,36.91315460205078,69.572509765625,55.752647399902344
3069,cut1,3069,POPC,764,98.3604965209961,27.66314125061035,52.93333053588867
3069,cut1,3069,POPC,765,24.89179229736328,228.30641174316406,56.05158996582031
3069,cut1,3069,POPC,766,164.7516632080078,24.51701545715332,59.47261047363281
3069,cut1,3069,POPC,767,162.79779052734375,115.41958618164062,50.05155944824219
3069,cut1,3069,POPC,768,105.59224700927734,39.29839324951172,54.12187576293945
3069,cut1,3069,POPC,769,155.35987854003906,147.76951599121094,49.036285400390625
3069,cut1,3069,POPC,770,34.11125946044922,220.0271759033203,49.33091735839844
3069,cut1,3069,POPC,771,96.6891860961914,36.18871307373047,49.257972717285156
3069,cut1,3069,POPC,772,130.5530548095703,7.316961765289307,58.504844665527344
3069,cut1,3069,POPC,773,165.4803009033203,134.57237243652344,50.43673324584961
3069,cut1,3069,POPC,774,37.28428649902344,185.8499755859375,48.87532043457031
3069,cut1,3069,POPC,775,66.82808685302734,53.052425384521484,47.249847412109375
3069,cut1,3069,POPC,776,7.146118164062501,111.11375427246094,50.58257293701172
3069,cut1,3069,POPC,777,75.48421478271484,228.44241333007812,53.28382873535156
3069,cut1,3069,POPC,778,90.0460205078125,24.437028884887695,49.72315216064453
3069,cut1,3069,POPC,779,181.1626739501953,90.15760040283203,55.35247039794922
3069,cut1,3069,POPC,780,48.83268737792969,220.43251037597656,50.33494567871094
3069,cut1,3069,POPC,781,42.65271759033203,12.939236640930176,57.24611282348633
3069,cut1,3069,POPC,782,91.9980239868164,65.47200775146484,48.38410568237305
3069,cut1,3069,POPC,783,82.18283081054688,69.78787231445312,53.44472122192383
3069,cut1,3069,POPC,784,46.27581024169922,50.6829948425293,51.50821304321289
3069,cut1,3069,POPC,785,76.52952575683594,73.45076751708984,54.24977111816406
3069,cut1,3069,POPC,786,36.68244171142578,16.909269332885742,57.618186950683594
3069,cut1,3069,POPC,787,5.25421142578125,93.09739685058594,57.96851348876953
3069,cut1,3069,POPC,788,112.2684326171875,28.600637435913086,58.700546264648445
3069,cut1,3069,POPC,789,27.620193481445312,4.0387187004089355,53.37893295288086
3069,cut1,3069,POPC,790,191.81729125976562,94.75759887695312,56.92777633666992
3069,cut1,3069,POPC,791,58.99897003173828,91.4559555053711,43.95098876953125
3069,cut1,3069,POPC,792,164.86463928222656,177.278564453125,43.45101547241211
3069,cut1,3069,POPC,793,161.2434844970703,33.139774322509766,58.86383056640625
3069,cut1,3069,POPC,794,28.723899841308594,40.64999008178711,55.53905487060547
3069,cut1,3069,POPC,795,126.22859191894531,174.87130737304688,41.216041564941406
3069,cut1,3069,POPC,796,171.5571746826172,77.69187927246094,60.41302490234375
3069,cut1,3069,POPC,797,20.30072021484375,246.507568359375,53.92300796508789
3069,cut1,3069,POPC,798,135.0802459716797,3.3208460807800293,54.007530212402344
3069,cut1,3069,POPC,799,102.2145004272461,34.05075454711914,50.80574035644531
3069,cut1,3069,POPC,800,64.87462615966797,10.139996528625488,52.766178131103516
3069,cut1,3069,POPC,801,92.66069030761719,249.916015625,51.4658317565918
3069,cut1,3069,POPC,802,154.2073974609375,94.34384155273438,53.50618362426758
3069,cut1,3069,POPC,803,109.89495086669922,242.59144592285156,57.679100036621094
3069,cut1,3069,POPC,804,118.23860168457031,227.8684844970703,56.982215881347656
3069,cut1,3069,POPC,805,164.98605346679688,91.8684310913086,50.848323822021484
3069,cut1,3069,POPC,806,27.57012939453125,151.15249633789062,39.849342346191406
3069,cut1,3069,POPC,807,156.6868133544922,0.106391541659832,55.207698822021484
3069,cut1,3069,POPC,808,56.764923095703125,39.01185607910156,50.054683685302734
3069,cut1,3069,POPC,809,84.16789245605469,111.55484008789062,43.48810577392578
3069,cut1,3069,POPC,810,24.000015258789062,136.6192626953125,39.13284683227539
3069,cut1,3069,POPC,811,158.1421661376953,176.8662567138672,48.04033279418945
3069,cut1,3069,POPC,812,23.02606964111328,167.05157470703125,45.506526947021484
3069,cut1,3069,POPC,813,47.04618835449219,249.147705078125,57.101619720458984
3069,cut1,3069,POPC,814,80.49848175048828,141.97952270507812,81.55884552001953
3069,cut1,3069,POPC,815,29.017303466796875,233.5279541015625,54.713356018066406
3069,cut1,3069,POPC,816,177.3148193359375,64.9252700805664,55.75028991699219
3069,cut1,3069,POPC,817,167.1103057861328,11.969609260559082,56.461143493652344
3069,cut1,3069,POPC,818,1.750064730644226,103.05363464355469,57.963966369628906
3069,cut1,3069,POPC,819,143.99468994140625,173.00714111328125,45.74058532714844
3069,cut1,3069,POPC,820,169.20973205566406,148.23684692382812,52.57114028930664
3069,cut1,3069,POPC,821,0.862441897392273,130.95721435546875,57.55664825439453
3069,cut1,3069,POPC,822,69.45375061035156,179.52752685546875,46.63910675048828
3069,cut1,3069,POPC,823,118.24091339111328,8.782937049865723,60.915740966796875
3069,cut1,3069,POPC,824,174.1058807373047,124.57939147949219,54.84510040283203
3069,cut1,3069,POPC,825,96.21295928955078,224.0363311767578,54.28139877319336
3069,cut1,3069,POPC,826,4.050304412841797,80.7339096069336,56.371089935302734
3069,cut1,3069,POPC,827,-0.9125634431838989,121.12444305419922,56.893821716308594
3069,cut1,3069,POPC,828,51.728355407714844,57.44452667236328,52.3985595703125
3069,cut1,3069,POPC,829,91.0793685913086,39.22978973388672,49.389320373535156
3069,cut1,3069,POPC,830,144.74623107910156,130.4136199951172,41.62441635131836
3069,cut1,3069,POPC,831,61.152191162109375,255.36643981933594,57.925933837890625
3069,cut1,3069,POPC,832,194.18643188476562,224.74635314941406,53.73610305786133
3069,cut1,3069,POPC,833,175.90727233886716,41.73351287841797,61.537208557128906
3069,cut1,3069,POPC,834,34.634002685546875,226.6671600341797,52.22721481323242
3069,cut1,3069,POPC,835,146.15066528320312,245.92141723632812,57.23345947265625
3069,cut1,3069,POPC,836,83.73237609863281,192.9251251220703,43.89637756347656
3069,cut1,3069,POPC,837,27.7144775390625,75.59259796142578,53.45445251464844
3069,cut1,3069,POPC,838,92.63809967041016,29.053903579711914,46.3185157775879
3069,cut1,3069,POPC,839,154.25633239746094,47.5174446105957,56.969459533691406
3069,cut1,3069,POPC,840,3.012035369873047,36.603721618652344,57.88005828857421
3069,cut1,3069,POPC,841,179.62074279785156,57.77379608154297,57.13728713989258
3069,cut1,3069,POPC,842,49.70341491699219,201.24502563476562,52.58001708984375
3069,cut1,3069,POPC,843,60.03411865234375,48.18206787109375,47.74933624267578
3069,cut1,3069,POPC,844,26.510604858398438,221.67108154296875,53.73512649536133
3069,cut1,3069,POPC,845,167.38870239257812,193.1388397216797,49.275291442871094
3069,cut1,3069,POPC,846,1.2434614896774292,2.819542407989502,56.65852355957031
3069,cut1,3069,POPC,847,108.23223114013672,105.37613677978516,38.192726135253906
3069,cut1,3069,POPC,848,-0.6627160310745239,242.45799255371094,58.153076171875
3069,cut1,3069,POPC,849,188.84963989257812,46.09268569946289,63.53022766113281
3069,cut1,3069,POPC,850,82.99938201904297,201.30000305175778,45.73821258544922
3069,cut1,3069,POPC,851,60.63854217529297,198.87049865722656,50.154537200927734
3069,cut1,3069,POPC,852,137.49562072753906,26.016393661499023,53.2335319519043
3069,cut1,3069,POPC,853,30.92534637451172,29.40144920349121,56.0399055480957
3069,cut1,3069,POPC,854,169.5209503173828,33.041996002197266,59.419944763183594
3069,cut1,3069,POPC,855,12.188705444335938,250.6612548828125,55.12873077392578
3069,cut1,3069,POPC,856,30.69342041015625,86.96427917480469,93.39460754394531
3069,cut1,3069,POPC,857,36.60698699951172,155.13031005859375,42.05634689331055
3069,cut1,3069,POPC,858,18.911514282226562,2.264565944671631,51.72969436645508
3069,cut1,3069,POPC,859,87.03089904785156,180.44104003906247,41.89398193359375
3069,cut1,3069,POPC,860,72.4782943725586,15.790740013122559,50.840057373046875
3069,cut1,3069,POPC,861,61.49353790283203,178.6114501953125,48.60274887084961
3069,cut1,3069,POPC,862,43.88611602783203,194.21551513671878,48.60860061645508
3069,cut1,3069,POPC,863,47.355125427246094,228.88107299804688,54.07380676269531
3069,cut1,3069,POPC,864,48.39021301269531,41.934303283691406,50.80051040649414
3069,cut1,3069,POPC,865,75.9566421508789,65.7893295288086,51.56707000732422
3069,cut1,3069,POPC,866,122.02081298828125,164.1754608154297,37.73270797729492
3069,cut1,3069,POPC,867,66.13687896728516,147.7913055419922,40.07737731933594
3069,cut1,3069,POPC,868,163.89749145507812,69.61453247070312,53.888282775878906
3069,cut1,3069,POPC,869,89.5460205078125,110.48951721191406,39.62920379638672
3069,cut1,3069,POPC,870,73.1724624633789,221.45741271972656,52.22414016723633
3069,cut1,3069,POPC,871,152.16488647460938,17.210390090942383,58.73436737060547
3069,cut1,3069,POPC,872,74.37457275390625,202.48065185546872,46.91680908203125
3069,cut1,3069,POPC,873,53.637901306152344,8.15651798248291,53.827152252197266
3069,cut1,3069,POPC,874,175.3728179931641,71.96717071533203,59.927467346191406
3069,cut1,3069,POPC,875,24.132781982421875,85.33045959472656,51.526248931884766
3069,cut1,3069,POPC,876,128.08599853515625,248.98892211914062,58.611419677734375
3069,cut1,3069,POPC,877,97.02471160888672,80.42730712890625,46.26039505004883
3069,cut1,3069,POPC,878,179.6053924560547,199.46929931640625,47.76649475097656
3069,cut1,3069,POPC,879,190.76968383789062,170.4789276123047,49.43136978149414
3069,cut1,3069,POPC,880,3.9775238037109375,86.63904571533203,56.25056457519531
3069,cut1,3069,POPC,881,25.74209594726562,12.342804908752441,55.593963623046875
3069,cut1,3069,POPC,882,16.74798583984375,79.7026596069336,52.1457405090332
3069,cut1,3069,POPC,883,118.28536224365234,30.21831703186035,61.416297912597656
3069,cut1,3069,POPC,884,157.73452758789062,191.53529357910156,48.280601501464844
3069,cut1,3069,POPC,885,181.620849609375,130.74835205078125,56.74258041381836
3069,cut1,3069,POPC,886,75.21833038330078,55.71302795410156,51.37489318847656
3069,cut1,3069,POPC,887,99.10298156738281,116.13343811035156,40.331321716308594
3069,cut1,3069,POPC,888,24.09691619873047,38.401973724365234,59.56319427490235
3069,cut1,3069,POPC,889,170.02952575683594,142.4680633544922,51.71092224121094
3069,cut1,3069,POPC,890,90.21061706542969,222.08668518066406,54.99602127075195
3069,cut1,3069,POPC,891,6.716857910156249,223.12161254882812,52.505069732666016
3069,cut1,3069,POPC,892,116.18226623535156,3.871793270111084,58.6712646484375
3069,cut1,3069,POPC,893,105.11909484863281,22.963525772094727,55.32182312011719
3069,cut1,3069,POPC,894,134.83668518066406,248.3292236328125,56.96700668334961
3069,cut1,3069,POPC,895,166.2576904296875,37.95901107788086,61.58362579345703
3069,cut1,3069,POPC,896,165.12841796875,171.7262725830078,47.44965744018555
3069,cut1,3069,POPC,897,40.991340637207024,5.943287372589111,57.2045783996582
3069,cut1,3069,POPC,898,187.68417358398438,245.5548095703125,56.97404098510742
3069,cut1,3069,POPC,899,120.98465728759766,16.667221069335938,58.48746871948242
3069,cut1,3069,POPC,900,179.86865234375,146.74986267089844,51.776432037353516
3069,cut1,3069,POPC,901,65.5976333618164,19.17430305480957,49.57172393798828
3069,cut1,3069,POPC,902,107.2197265625,95.63160705566406,40.84697723388672
3069,cut1,3069,POPC,903,69.5384521484375,54.182655334472656,51.93156051635742
3069,cut1,3069,POPC,904,2.652271270751953,210.4010772705078,50.97849655151367
3069,cut1,3069,POPC,905,-0.9852257966995239,9.06444263458252,56.957984924316406
3069,cut1,3069,POPC,906,1.1608847379684448,14.569182395935059,57.42670440673828
3069,cut1,3069,POPC,907,181.91038513183594,211.71681213378906,50.852230072021484
3069,cut1,3069,POPC,908,88.20364379882812,79.05107116699219,44.71449279785156
3069,cut1,3069,POPC,909,186.02647399902344,130.08021545410156,59.49090576171875
3069,cut1,3069,POPC,910,102.06716918945312,240.1513671875,56.75931167602539
3069,cut1,3069,POPC,911,99.18997955322266,140.12396240234375,46.519039154052734
3069,cut1,3069,POPC,912,41.181640625,189.630615234375,49.927093505859375
3069,cut1,3069,POPC,913,154.96363830566406,54.0323371887207,56.313873291015625
3069,cut1,3069,POPC,914,156.23712158203125,6.31194543838501,55.55929946899414
3069,cut1,3069,POPC,915,161.2196807861328,107.80471801757812,50.57954788208008
3069,cut1,3069,POPC,916,151.16525268554688,199.4687042236328,52.00082778930664
3069,cut1,3069,POPC,917,3.0180473327636723,204.6923370361328,49.69959259033203
3069,cut1,3069,POPC,918,159.95860290527344,19.330642700195312,58.18610382080078
3069,cut1,3069,POPC,919,99.7437515258789,232.57577514648438,56.44898223876953
3069,cut1,3069,POPC,920,186.98843383789062,62.068511962890625,58.77976989746094
3069,cut1,3069,POPC,921,52.365013122558594,156.4117431640625,40.795753479003906
3069,cut1,3069,POPC,922,2.5873870849609375,56.305686950683594,61.67765808105469
3069,cut1,3069,POPC,923,152.5995635986328,179.29762268066406,47.27360153198242
3069,cut1,3069,POPC,924,62.03245544433594,41.53746795654297,47.25566482543945
3069,cut1,3069,POPC,925,188.00962829589844,15.12119197845459,61.73402404785156
3069,cut1,3069,POPC,926,78.67842102050781,211.0756378173828,47.93618392944336
3069,cut1,3069,POPC,927,35.04125213623047,23.800779342651367,56.96535110473633
3069,cut1,3069,POPC,928,164.65756225585938,52.24589157104492,57.27129364013672
3069,cut1,3069,POPC,929,31.944137573242188,46.504371643066406,53.01015090942383
3069,cut1,3069,POPC,930,60.733482360839844,30.851350784301758,50.08599090576172
3069,cut1,3069,POPC,931,121.6751937866211,248.3478546142578,60.03617858886719
3069,cut1,3069,POPC,932,59.45309448242188,162.23162841796875,42.421810150146484
3069,cut1,3069,POPC,933,106.49250030517578,63.652862548828125,42.237754821777344
3069,cut1,3069,POPC,934,21.154685974121094,23.26582908630371,58.697113037109375
3069,cut1,3069,POPC,935,160.48703002929688,167.18580627441406,45.35930252075195
3069,cut1,3069,POPC,936,171.59092712402344,93.2770767211914,54.572853088378906
3069,cut1,3069,POPC,937,96.40299224853517,71.23155975341797,45.8752555847168
3069,cut1,3069,POPC,938,39.64441680908203,199.5089874267578,51.17714309692383
3069,cut1,3069,POPC,939,34.34892272949219,210.7115020751953,51.91966247558594
3069,cut1,3069,POPC,940,160.8727569580078,146.74876403808594,50.78292465209961
3069,cut1,3069,POPC,941,186.70814514160156,73.05883026123047,60.395164489746094
3069,cut1,3069,POPC,942,53.537757873535156,29.419233322143555,57.01207733154297
3069,cut1,3069,POPC,943,52.5203857421875,166.2089385986328,46.32725524902344
3069,cut1,3069,POPC,944,44.13330078125,240.28102111816406,61.33503723144531
3069,cut1,3069,POPC,945,189.05592346191406,38.2103157043457,63.209877014160156
3069,cut1,3069,POPC,946,167.82301330566406,110.34819030761719,52.778327941894524
3069,cut1,3069,POPC,947,97.82892608642578,1.8438612222671509,58.16908645629883
3069,cut1,3069,POPC,948,181.39979553222656,244.79116821289065,55.822269439697266
3069,cut1,3069,POPC,949,75.93720245361328,91.36247253417969,48.1222038269043
3069,cut1,3069,POPC,950,188.3246612548828,214.13101196289062,51.872745513916016
3069,cut1,3069,POPC,951,80.7043228149414,233.09898376464844,52.21479415893555
3069,cut1,3069,POPC,952,42.27155303955078,31.731691360473633,52.52299499511719
3069,cut1,3069,POPC,953,149.27061462402344,29.411008834838867,60.958656311035156
3069,cut1,3069,POPC,954,188.39129638671875,111.010986328125,54.753501892089844
3069,cut1,3069,POPC,955,171.796630859375,9.293198585510254,57.67966842651367
3069,cut1,3069,POPC,956,79.73040008544922,28.40737724304199,48.14161682128906
3069,cut1,3069,POPC,957,79.21916198730469,83.43201446533203,56.8727912902832
3069,cut1,3069,POPC,958,195.07566833496094,197.71484375,46.985107421875
3069,cut1,3069,POPC,959,81.43632507324219,133.69276428222656,44.2353630065918
3069,cut1,3069,POPC,960,54.88859558105469,241.07920837402344,55.65365600585937
3069,cut1,3069,POPC,961,8.615402221679688,31.472986221313477,60.042015075683594
3069,cut1,3069,POPC,962,150.3209228515625,43.407005310058594,58.07428741455078
3069,cut1,3069,POPC,963,21.60253143310547,238.8182373046875,54.936378479003906
3069,cut1,3069,POPC,964,180.18368530273438,111.87992095947266,55.27920150756836
3069,cut1,3069,POPC,965,184.97776794433594,160.67735290527344,53.324283599853516
3069,cut1,3069,POPC,966,73.79735565185547,7.0235161781311035,54.32052993774414
3069,cut1,3069,POPC,967,11.021957397460938,210.08619689941406,49.72332763671875
3069,cut1,3069,POPC,968,39.694297790527344,213.6106414794922,49.54704666137695
3069,cut1,3069,POPC,969,90.01775360107422,86.19063568115234,45.71338653564453
3069,cut1,3069,POPC,970,59.456268310546875,133.64474487304688,38.80928039550781
3069,cut1,3069,POPC,971,28.878814697265625,81.43885803222656,50.195411682128906
3069,cut1,3069,POPC,972,17.976943969726562,219.1268310546875,52.65665817260742
3069,cut1,3069,POPC,973,24.305770874023438,47.282554626464844,57.08309555053711
3069,cut1,3069,POPC,974,146.4928741455078,15.458088874816895,59.129127502441406
3069,cut1,3069,POPC,975,107.31706237792969,250.99070739746094,55.94367980957031
3069,cut1,3069,POPC,976,75.59954071044923,143.02809143066406,39.91147994995117
3069,cut1,3069,POPC,977,164.8045959472656,122.06657409667969,51.656898498535156
3069,cut1,3069,POPC,978,91.48155212402344,15.236680030822754,49.841068267822266
3069,cut1,3069,POPC,979,185.29095458984375,104.62902069091797,55.19102096557617
3069,cut1,3069,POPC,980,87.78269958496094,69.369873046875,50.00188446044922
3069,cut1,3069,POPC,981,95.22138214111328,208.9011993408203,50.50319290161133
3069,cut1,3069,POPC,982,74.02515411376953,181.55162048339844,42.00654220581055
3069,cut1,3069,POPC,983,41.28143310546875,245.3946990966797,58.74687194824219
3069,cut1,3069,POPC,984,7.654319763183595,118.82745361328125,55.86714553833008
3069,cut1,3069,POPC,985,57.78297424316406,208.62313842773438,48.56509780883789
3069,cut1,3069,POPC,986,179.33554077148438,220.65826416015625,50.73357391357422
3069,cut1,3069,POPC,987,163.61398315429688,58.816978454589844,57.05725860595703
3069,cut1,3069,POPC,988,101.35417175292969,53.587337493896484,47.3668098449707
3069,cut1,3069,POPC,989,36.195953369140625,173.00021362304688,42.559417724609375
3069,cut1,3069,POPC,990,94.08435821533203,110.72486114501953,41.32256317138672
3069,cut1,3069,POPC,991,12.553520202636719,93.42369079589844,54.929344177246094
3069,cut1,3069,POPC,992,39.21880340576172,47.07669448852539,53.94032287597656
3069,cut1,3069,POPC,993,133.7802276611328,158.7830810546875,40.769813537597656
3069,cut1,3069,POPC,994,83.10780334472656,245.7710418701172,53.39823913574219
3069,cut1,3069,POPC,995,97.82267761230469,126.38731384277344,48.8712043762207
3069,cut1,3069,POPC,996,160.29043579101562,84.53036499023438,53.98236846923828
3069,cut1,3069,POPC,997,175.0234375,188.68418884277344,47.2419548034668
3069,cut1,3069,POPC,998,52.71681213378906,50.14864730834961,51.91152572631836
3069,cut1,3069,POPC,999,18.692657470703125,42.388465881347656,56.437767028808594
3069,cut1,3069,POPC,1000,60.351890563964844,15.708415031433105,51.81742477416992
3069,cut1,3069,POPC,1001,7.2596435546875,196.41006469726562,48.66363525390625
3069,cut1,3069,POPC,1002,65.13037109375,24.050382614135742,52.28575897216797
3069,cut1,3069,POPC,1003,29.082542419433594,180.77053833007812,47.94398880004883
3069,cut1,3069,POPC,1004,165.3048095703125,200.09512329101562,51.927772521972656
3069,cut1,3069,POPC,1005,46.95237731933594,31.448652267456055,55.91826248168945
3069,cut1,3069,POPC,1006,35.763427734375,149.29879760742188,41.8165397644043
3069,cut1,3069,POPC,1007,54.112159729003906,127.96530151367188,40.758026123046875
3069,cut1,3069,POPC,1008,154.4567413330078,100.41016387939453,48.03043746948242
3069,cut1,3069,POPC,1009,24.87499237060547,31.24641227722168,60.566688537597656
3069,cut1,3069,POPC,1010,124.78447723388672,103.96075439453125,39.96706008911133
3069,cut1,3069,POPC,1011,143.0121307373047,138.2689208984375,52.84151840209961
3069,cut1,3069,POPC,1012,167.2340545654297,114.7586441040039,55.89586639404297
3069,cut1,3069,POPC,1013,182.88253784179688,42.5289421081543,61.58872985839844
3069,cut1,3069,POPC,1014,158.43795776367188,198.9143829345703,50.29759216308594
3069,cut1,3069,POPC,1015,166.7822265625,77.64431762695311,56.38818359375
3069,cut1,3069,POPC,1016,188.6349639892578,32.403995513916016,57.96269226074219
3069,cut1,3069,POPC,1017,180.89022827148438,36.040138244628906,61.23802947998047
3069,cut1,3069,POPC,1018,7.287712097167969,99.66073608398438,53.62395477294922
3069,cut1,3069,POPC,1019,12.912147521972656,204.072998046875,48.84701919555664
3069,cut1,3069,POPC,1020,157.7675323486328,27.422212600708008,59.846214294433594
3069,cut1,3069,POPC,1021,187.23126220703125,22.077173233032227,61.05712890625
3069,cut1,3069,POPC,1022,0.3055075705051422,66.57657623291016,60.109458923339844
3069,cut1,3069,POPC,1023,161.8806915283203,39.73637390136719,58.09656524658203
3069,cut1,3069,POPC,1024,85.9190673828125,91.67092895507812,51.47481155395508
3069,cut1,3069,POPC,1025,73.0013427734375,215.50706481933594,49.494937896728516
3069,cut1,3069,POPC,1026,69.16659545898438,2.5571722984313965,55.89575958251953
3069,cut1,3069,POPC,1027,19.155357360839844,188.28456115722656,50.426483154296875
3069,cut1,3069,POPC,1028,103.1494827270508,245.22105407714844,57.11114501953125
3069,cut1,3069,POPC,1029,178.4295654296875,78.19277954101561,56.195274353027344
3069,cut1,3069,POPC,1030,7.808135986328125,8.394652366638184,53.040550231933594
3069,cut1,3069,POPC,1031,11.914253234863281,218.9166259765625,50.82734298706055
3069,cut1,3069,POPC,1032,181.9324951171875,27.78229331970215,58.27548599243164
3069,cut1,3069,POPC,1033,182.8862609863281,8.026076316833496,58.921165466308594
3069,cut1,3069,POPC,1034,32.118408203125,12.932206153869629,54.26810073852539
3069,cut1,3069,POPC,1035,148.44715881347656,153.3274841308594,50.5401496887207
3069,cut1,3069,POPC,1036,62.099853515625,210.13131713867188,51.401302337646484
3069,cut1,3069,POPC,1037,29.895606994628906,93.25495910644531,46.503807067871094
3069,cut1,3069,POPC,1038,36.304847717285156,237.18930053710938,57.30067825317383
3069,cut1,3069,POPC,1039,156.9940185546875,127.61602783203125,41.768882751464844
3069,cut1,3069,POPC,1040,69.95083618164062,76.13359832763673,50.13330841064453
3069,cut1,3069,POPC,1041,76.58148956298828,165.65753173828125,43.927947998046875
3069,cut1,3069,POPC,1042,115.5486831665039,14.476134300231934,59.79539489746094
3069,cut1,3069,POPC,1043,174.58660888671875,205.08595275878906,56.35837173461915
3069,cut1,3069,POPC,1044,156.3386688232422,154.4913330078125,47.07614517211914
3069,cut1,3069,POPC,1045,2.0848960876464844,115.38858032226562,58.11155319213867
3069,cut1,3069,POPC,1046,184.9016571044922,239.12142944335938,54.29023361206055
3069,cut1,3069,POPC,1047,174.8195037841797,137.59254455566406,52.07984924316406
3069,cut1,3069,POPC,1048,177.89407348632812,85.7562255859375,58.830535888671875
3069,cut1,3069,POPC,1049,141.30577087402344,148.8715057373047,49.636985778808594
3069,cut1,3069,POPC,1050,28.718414306640625,174.5340118408203,45.70370864868164
3069,cut1,3069,POPC,1051,163.64639282226562,98.97698211669922,49.802364349365234
3069,cut1,3069,POPC,1052,183.33482360839844,225.104248046875,52.93242263793945
3069,cut1,3069,POPC,1053,167.25997924804688,86.73395538330078,52.40693664550781
3069,cut1,3069,POPC,1054,178.8390350341797,96.35906219482422,53.35276412963867
3069,cut1,3069,POPC,1055,123.32329559326172,1.5042921304702759,56.82572937011719
3069,cut1,3069,POPC,1056,22.195770263671875,52.372711181640625,57.718345642089844
3069,cut1,3069,POPC,1057,82.98595428466797,38.4324951171875,47.32918167114258
3069,cut1,3069,POPC,1058,179.12350463867188,233.53671264648438,55.35792541503906
3069,cut1,3069,POPC,1059,27.423980712890625,100.23258209228516,51.75264358520508
3069,cut1,3069,POPC,1060,108.4074935913086,52.764347076416016,49.70402526855469
3069,cut1,3069,POPC,1061,93.90020751953125,94.43653106689453,36.86722183227539
3069,cut1,3069,POPC,1062,43.0311508178711,25.465795516967773,55.1458854675293
3069,cut1,3069,POPC,1063,118.54345703125,145.29534912109375,39.62616729736328
3069,cut1,3069,POPC,1064,42.34754943847656,82.14018249511719,49.30016326904297
3069,cut1,3069,POPC,1065,24.28412628173828,195.7835693359375,48.310569763183594
3069,cut1,3069,POPC,1066,181.1439666748047,251.28399658203125,57.98792266845703
3069,cut1,3069,POPC,1067,20.588439941406246,233.24618530273435,57.34284591674805
3069,cut1,3069,POPC,1068,79.74868774414062,22.024826049804688,51.36265563964844
3069,cut1,3069,POPC,1069,148.08154296875,191.13999938964844,50.73964309692383
3069,cut1,3069,POPC,1070,15.356361389160156,9.13208293914795,54.664241790771484
3069,cut1,3069,POPC,1071,49.6378173828125,190.92095947265625,47.37202453613281
3069,cut1,3069,POPC,1072,172.74191284179688,155.74948120117188,49.81822967529297
3069,cut1,3069,POPC,1073,69.98645782470703,30.13066291809082,51.2869987487793
3069,cut1,3069,POPC,1074,82.6949234008789,186.02674865722656,41.8968505859375
3069,cut1,3069,POPC,1075,34.646202087402344,35.25596237182617,53.697601318359375
3069,cut1,3069,POPC,1076,157.4873809814453,63.215904235839844,53.5760383605957
3069,cut1,3069,POPC,1077,131.30380249023438,18.573383331298828,54.535743713378906
3069,cut1,3069,POPC,1078,179.02333068847656,105.33027648925781,54.45589828491211
3069,cut1,3069,POPC,1079,177.81443786621094,167.3174285888672,48.1218147277832
3069,cut1,3069,POPC,1080,162.579345703125,5.273718357086182,55.97208023071289
3069,cut1,3069,POPC,1081,24.333206176757816,67.95905303955078,56.42734146118164
3069,cut1,3069,POPC,1082,182.67039489746094,191.52442932128906,45.217369079589844
3069,cut1,3069,POPC,1083,176.23016357421875,3.8416972160339355,58.264808654785156
3069,cut1,3069,POPC,1084,176.46392822265625,19.002681732177734,59.178382873535156
3069,cut1,3069,POPC,1085,113.99732208251953,180.21897888183594,42.68091583251953
3069,cut1,3069,POPC,1086,184.957275390625,119.33665466308594,54.25065994262695
3069,cut1,3069,POPC,1087,38.68665313720703,94.78883361816406,45.293453216552734
3069,cut1,3069,POPC,1088,78.89820861816406,241.98231506347656,52.91147994995117
3069,cut1,3069,POPC,1089,129.76698303222656,167.52545166015625,39.1135139465332
3069,cut1,3069,POPC,1090,191.56423950195312,60.49980163574218,61.36775207519531
3069,cut1,3069,POPC,1091,109.16516876220703,226.6989288330078,56.71560287475586
3069,cut1,3069,POPC,1092,166.7291107177734,209.03515625,50.236236572265625
3069,cut1,3069,POPC,1093,11.79551696777344,193.58648681640622,48.26289749145508
3069,cut1,3069,POPC,1094,60.007911682128906,52.88846969604492,51.829856872558594
3069,cut1,3069,POPC,1095,71.0896224975586,83.26070404052733,51.719051361083984
3069,cut1,3069,POPC,1096,78.78638458251953,10.853043556213379,54.390586853027344
3069,cut1,3069,POPC,1097,173.36697387695312,26.856271743774414,57.12337875366211
3069,cut1,3069,POPC,1098,36.308135986328125,76.159912109375,52.28808975219727
3069,cut1,3069,POPC,1099,129.9957733154297,32.50022506713867,56.75065994262695
3069,cut1,3069,POPC,1100,186.78849792480472,252.57138061523438,55.51766586303711
3069,cut1,3069,POPC,1101,3.2181434631347656,107.84192657470703,54.03520202636719
3069,cut1,3069,POPC,1102,119.2921371459961,182.8442840576172,45.429771423339844
3069,cut1,3069,POPC,1103,7.179534912109375,75.02196502685547,56.22437286376953
3069,cut1,3069,POPC,1104,153.59780883789062,135.97372436523438,50.357059478759766
3069,cut1,3069,POPC,1105,106.81388854980469,237.05453491210938,59.42523193359375
3069,cut1,3069,POPC,1106,65.76314544677734,164.92379760742188,43.51860427856445
3069,cut1,3069,POPC,1107,22.41236114501953,97.91964721679688,49.060218811035156
3069,cut1,3069,POPC,1108,109.87621307373047,210.95849609375,56.18690490722656
3069,cut1,3069,POPC,1109,66.68356323242188,36.943660736083984,46.68475341796875
3069,cut1,3069,POPC,1110,3.9825401306152344,217.7097930908203,53.104366302490234
3069,cut1,3069,POPC,1111,45.383010864257805,212.17300415039062,52.775779724121094
3069,cut1,3069,POPC,1112,179.26580810546875,124.34767150878906,60.33232879638672
3069,cut1,3069,POPC,1113,26.730613708496094,202.29315185546875,45.79780197143555
3069,cut1,3069,POPC,1114,16.15369415283203,28.10735511779785,59.04560852050781
3069,cut1,3069,POPC,1115,149.86627197265625,143.09170532226562,55.49102783203125
3069,cut1,3069,POPC,1116,178.67665100097656,156.85728454589844,54.33298110961914
3069,cut1,3069,POPC,1117,59.41642761230468,100.94156646728516,47.62512969970703
3069,cut1,3069,POPC,1118,72.9321517944336,103.00044250488281,45.22660827636718
3069,cut1,3069,POPC,1119,158.73646545410156,159.9603271484375,45.424381256103516
3069,cut1,3069,POPC,1120,83.46562957763672,6.778961658477783,54.417999267578125
3069,cut1,3069,POPC,1121,54.37364196777344,140.4556427001953,37.99863815307617
3069,cut1,3069,POPC,1122,126.89723205566406,155.6382293701172,38.68156051635742
3069,cut1,3069,POPC,1123,41.37705993652344,66.55949401855469,51.061180114746094
3069,cut1,3069,POPC,1124,88.48051452636719,49.93861770629883,48.58781433105469
3069,cut1,3069,POPC,1125,106.1654281616211,173.44851684570312,37.6486930847168
3069,cut1,3069,POPC,1126,96.87176513671875,246.17955017089844,55.14979934692383
3069,cut1,3069,POPC,1127,75.03351593017578,38.547664642333984,46.82798767089844
3069,cut1,3069,POPC,1128,170.1163330078125,17.38242530822754,58.95227813720703
3069,cut1,3069,POPC,1129,35.0101318359375,242.8321533203125,57.02235412597656
3069,cut1,3069,POPC,1130,82.1509017944336,224.53646850585938,50.93333053588867
3069,cut1,3069,POPC,1131,69.4656753540039,90.42715454101562,47.03998947143555
3069,cut1,3069,POPC,1132,139.4659423828125,142.8409423828125,49.93910598754883
3069,cut1,3069,POPC,1133,176.94912719726562,49.377166748046875,59.17223358154297
3069,cut1,3069,POPC,1134,158.91415405273438,132.54576110839844,48.09955215454101
3069,cut1,3069,POPC,1135,84.25833129882812,211.7084503173828,49.026771545410156
3069,cut1,3069,POPC,1136,98.6258544921875,216.56219482421875,52.57427215576172
3069,cut1,3069,POPC,1137,32.00159454345703,103.6492919921875,52.75322723388672
3069,cut1,3069,POPC,1138,65.68882751464844,171.47058105468753,45.180728912353516
3069,cut1,3069,POPC,1139,91.6225814819336,138.5139617919922,49.378334045410156
3069,cut1,3069,POPC,1140,17.291534423828125,112.77945709228516,51.56949996948242
3069,cut1,3069,POPC,1141,67.23479461669922,65.66802978515625,50.956932067871094
3069,cut1,3069,POPC,1142,160.03024291992188,122.67236328125,46.141021728515625
3069,cut1,3069,POPC,1143,142.5860137939453,26.595590591430664,56.86117172241211
3069,cut1,3069,SAPI,1144,72.03588104248047,23.71893882751465,47.50769805908204
3069,cut1,3069,SAPI,1145,62.53618621826172,154.5591583251953,36.30390167236328
3069,cut1,3069,SAPI,1146,118.65166473388672,23.584383010864254,58.40895462036133
3069,cut1,3069,SAPI,1147,15.529228210449219,54.170536041259766,58.217994689941406
3069,cut1,3069,SAPI,1148,42.35791015625,165.54307556152344,41.917537689208984
3069,cut1,3069,SAPI,1149,52.097831726074226,195.81175231933594,51.31029510498047
3069,cut1,3069,SAPI,1150,113.62866973876953,162.30731201171875,37.39106369018555
3069,cut1,3069,SAPI,1151,18.515045166015625,173.9071502685547,50.01696014404297
3069,cut1,3069,SAPI,1152,100.94119262695312,205.85406494140625,49.53466796875
3069,cut1,3069,SAPI,1153,102.92298126220703,77.51849365234375,45.41306686401367
3069,cut1,3069,SAPI,1154,132.67308044433594,39.66790771484375,58.21017074584961
3069,cut1,3069,SAPI,1155,134.6411590576172,150.15475463867188,47.19459533691406
3069,cut1,3069,SAPI,1156,90.22513580322266,6.563625812530518,49.994476318359375
3069,cut1,3069,SAPI,1157,154.9534912109375,69.57540130615234,50.117515563964844
3069,cut1,3069,SAPI,1158,10.902557373046875,76.15792846679688,50.931941986083984
3069,cut1,3069,SAPI,1159,157.58433532714844,217.39215087890625,45.70964813232422
3069,cut1,3069,SAPI,1160,63.532257080078125,99.06228637695312,41.48738479614258
3069,cut1,3069,SAPI,1161,193.1439208984375,147.34996032714844,54.91841506958008
3069,cut1,3069,SAPI,1162,134.0589141845703,140.23294067382812,42.86624526977539
3069,cut1,3069,SAPI,1163,150.7810516357422,89.14704132080078,53.87910079956055
3069,cut1,3069,SAPI,1164,140.5778045654297,134.79722595214844,42.90415573120117
3069,cut1,3069,SAPI,1165,149.2294158935547,102.2436752319336,45.9564094543457
3069,cut1,3069,SAPI,1166,187.11273193359375,181.2289581298828,42.26222610473633
3069,cut1,3069,SAPI,1167,185.4058380126953,166.92764282226562,49.81849670410156
3069,cut1,3069,SAPI,1168,162.7645721435547,243.81149291992188,57.86500930786133
3069,cut1,3069,SAPI,1169,149.6695098876953,59.24713897705078,54.671714782714844
3069,cut1,3069,SAPI,1170,97.42752838134766,199.7775115966797,47.10634994506835
3069,cut1,3069,SAPI,1171,115.32054138183594,236.56341552734375,57.87152099609375
3069,cut1,3069,SAPI,1172,109.72264099121094,168.06935119628906,35.52891159057617
3069,cut1,3069,SAPI,1173,71.29328918457031,240.17811584472656,56.72721481323242
3069,cut1,3069,SAPI,1174,81.86804199218751,94.93936157226562,48.98085403442383
3069,cut1,3069,SAPI,1175,108.9272232055664,218.5941925048828,51.82443618774414
3069,cut1,3069,SAPI,1176,152.12547302246094,245.71978759765625,54.435394287109375
3069,cut1,3069,SAPI,1177,177.21099853515625,214.72665405273438,51.54810333251953
3069,cut1,3069,SAPI,1178,77.4406967163086,172.26695251464844,40.62394714355469
3069,cut1,3069,SAPI,1179,137.48837280273438,244.6605224609375,52.280494689941406
3069,cut1,3069,SAPI,1180,128.0281524658203,150.20970153808594,44.334136962890625
3069,cut1,3069,SAPI,1181,59.643653869628906,143.40721130371094,36.866065979003906
