,System,Frame,Resname,Resnum,X,Y,Z
6761,cut1,6761,POPC,0,142.57493591308594,208.3452911376953,79.49530792236328
6761,cut1,6761,POPC,1,72.75889587402344,168.4906768798828,85.30611419677734
6761,cut1,6761,POPC,2,139.90628051757812,247.54656982421875,100.12344360351562
6761,cut1,6761,POPC,3,108.47637176513672,174.54531860351562,76.15081024169922
6761,cut1,6761,POPC,4,146.8516845703125,143.78125,84.35317993164062
6761,cut1,6761,POPC,5,134.66836547851562,135.93692016601562,77.88863372802734
6761,cut1,6761,POPC,6,149.3695068359375,173.4686737060547,85.04574584960938
6761,cut1,6761,POPC,7,69.38197326660156,226.55294799804688,88.72708892822266
6761,cut1,6761,POPC,8,18.690898895263672,49.76591873168945,86.50037384033203
6761,cut1,6761,POPC,9,158.808349609375,208.79116821289062,82.28227233886719
6761,cut1,6761,POPC,10,23.684947967529297,222.91664123535156,91.39055633544922
6761,cut1,6761,POPC,11,94.63936614990234,21.254674911499023,92.98048400878906
6761,cut1,6761,POPC,12,180.42782592773438,61.52756881713867,86.95758819580078
6761,cut1,6761,POPC,13,108.75770568847656,146.74851989746094,81.74587249755861
6761,cut1,6761,POPC,14,111.75411224365234,179.95826721191406,73.63946533203125
6761,cut1,6761,POPC,15,39.62284469604492,127.57040405273438,75.70079040527344
6761,cut1,6761,POPC,16,93.22164154052734,121.35132598876953,84.46183013916016
6761,cut1,6761,POPC,17,34.044063568115234,33.55369186401367,89.98619079589844
6761,cut1,6761,POPC,18,110.11865997314453,232.82171630859375,101.0868911743164
6761,cut1,6761,POPC,19,108.01525115966797,16.151182174682617,96.03911590576172
6761,cut1,6761,POPC,20,109.60498046875,254.00238037109375,97.61722564697266
6761,cut1,6761,POPC,21,116.72831726074219,102.70991516113281,76.5893783569336
6761,cut1,6761,POPC,22,169.05653381347656,72.21442413330078,86.59347534179688
6761,cut1,6761,POPC,23,93.29467010498047,7.1034836769104,92.30955505371094
6761,cut1,6761,POPC,24,81.04566192626953,219.32484436035156,91.57543182373047
6761,cut1,6761,POPC,25,80.65684509277344,181.79893493652344,84.24750518798828
6761,cut1,6761,POPC,26,36.82905960083008,209.9274444580078,86.92594909667969
6761,cut1,6761,POPC,27,61.30673599243164,158.4501190185547,80.92253875732422
6761,cut1,6761,POPC,28,39.44147872924805,199.63162231445312,89.22265625
6761,cut1,6761,POPC,29,31.797359466552734,59.0088996887207,87.6703109741211
6761,cut1,6761,POPC,30,184.93453979492188,195.78456115722656,92.76527404785156
6761,cut1,6761,POPC,31,169.17874145507812,210.99856567382812,81.78816986083984
6761,cut1,6761,POPC,32,72.41954803466797,232.60983276367188,87.77960205078125
6761,cut1,6761,POPC,33,74.99308776855469,105.90496063232422,85.57508850097656
6761,cut1,6761,POPC,34,187.89932250976562,99.10873413085938,87.45431518554688
6761,cut1,6761,POPC,35,143.56175231933594,253.82565307617188,93.94161987304688
6761,cut1,6761,POPC,36,172.22149658203125,234.5718994140625,94.9963607788086
6761,cut1,6761,POPC,37,116.8509292602539,165.80694580078125,79.78506469726562
6761,cut1,6761,POPC,38,81.95060729980469,64.30297088623047,81.89584350585938
6761,cut1,6761,POPC,39,99.64147186279297,210.04672241210938,86.70126342773439
6761,cut1,6761,POPC,40,104.99073791503906,92.0528335571289,73.36054992675781
6761,cut1,6761,POPC,41,115.27084350585938,49.662357330322266,81.40889739990234
6761,cut1,6761,POPC,42,193.9209747314453,110.40860748291016,88.57791137695312
6761,cut1,6761,POPC,43,108.88668060302734,97.54817962646484,75.41409301757812
6761,cut1,6761,POPC,44,171.3048400878906,42.42927932739258,90.78936004638672
6761,cut1,6761,POPC,45,31.829830169677734,101.6647720336914,83.18282318115234
6761,cut1,6761,POPC,46,8.712909698486328,3.6911838054656982,93.94786834716797
6761,cut1,6761,POPC,47,27.444759368896484,87.06366729736328,89.01146697998047
6761,cut1,6761,POPC,48,89.9111557006836,68.5425796508789,83.38184356689453
6761,cut1,6761,POPC,49,124.93643188476562,61.1674919128418,80.19446563720703
6761,cut1,6761,POPC,50,172.70956420898438,132.52108764648438,93.38291931152344
6761,cut1,6761,POPC,51,51.37050247192383,172.6668701171875,87.15518951416016
6761,cut1,6761,POPC,52,76.49207305908203,206.42630004882812,87.71086120605469
6761,cut1,6761,POPC,53,168.25604248046875,159.2436065673828,86.8834228515625
6761,cut1,6761,POPC,54,92.07131958007812,91.30361938476562,82.93081665039062
6761,cut1,6761,POPC,55,134.84674072265625,27.445459365844727,87.21276092529297
6761,cut1,6761,POPC,56,64.27326965332031,23.96640968322754,91.08514404296875
6761,cut1,6761,POPC,57,125.61244201660156,177.52206420898438,77.17655944824219
6761,cut1,6761,POPC,58,177.751220703125,68.36882781982422,88.60858154296875
6761,cut1,6761,POPC,59,40.871585845947266,36.68207931518555,87.38706970214844
6761,cut1,6761,POPC,60,67.04166412353516,222.32490539550778,92.7400131225586
6761,cut1,6761,POPC,61,62.16329574584961,230.55682373046872,89.07913208007812
6761,cut1,6761,POPC,62,112.82545471191406,157.86553955078125,79.15230560302734
6761,cut1,6761,POPC,63,38.144779205322266,239.1984100341797,90.76422882080078
6761,cut1,6761,POPC,64,147.26756286621094,17.064252853393555,91.15381622314453
6761,cut1,6761,POPC,65,138.06954956054688,34.45615768432617,85.6049575805664
6761,cut1,6761,POPC,66,107.90962219238281,151.31922912597656,77.78691101074219
6761,cut1,6761,POPC,67,11.944942474365234,22.64784812927246,89.85444641113281
6761,cut1,6761,POPC,68,52.95254898071289,150.18283081054688,77.49095153808594
6761,cut1,6761,POPC,69,146.69256591796875,23.411970138549805,89.5854263305664
6761,cut1,6761,POPC,70,61.873111724853516,15.875205039978027,88.15843200683594
6761,cut1,6761,POPC,71,174.70315551757812,31.549386978149414,89.67645263671875
6761,cut1,6761,POPC,72,132.51010131835938,198.95814514160156,49.396575927734375
6761,cut1,6761,POPC,73,9.60116958618164,81.5848159790039,87.30779266357422
6761,cut1,6761,POPC,74,181.8767852783203,160.60223388671875,89.50523376464844
6761,cut1,6761,POPC,75,60.198184967041016,148.6731719970703,78.61873626708984
6761,cut1,6761,POPC,76,122.44143676757812,133.45452880859375,80.1513671875
6761,cut1,6761,POPC,77,92.3659896850586,196.4149169921875,87.3075180053711
6761,cut1,6761,POPC,78,7.664402008056641,111.02738189697266,86.59996795654297
6761,cut1,6761,POPC,79,34.18290328979492,77.8766098022461,46.697059631347656
6761,cut1,6761,POPC,80,115.34272766113281,24.68705177307129,94.17425537109376
6761,cut1,6761,POPC,81,111.92159271240234,7.993406772613525,98.00326538085938
6761,cut1,6761,POPC,82,44.155765533447266,68.09886932373047,86.63106536865234
6761,cut1,6761,POPC,83,32.32615280151367,46.31515884399414,85.28375244140625
6761,cut1,6761,POPC,84,33.480411529541016,52.104007720947266,90.6942367553711
6761,cut1,6761,POPC,85,92.70933532714844,182.06700134277344,85.85469055175781
6761,cut1,6761,POPC,86,68.3980712890625,54.0062141418457,88.05977630615234
6761,cut1,6761,POPC,87,164.31053161621094,244.40359497070312,95.07430267333984
6761,cut1,6761,POPC,88,118.35794830322266,71.04138946533203,82.73771667480469
6761,cut1,6761,POPC,89,22.321250915527344,101.58363342285156,89.6614761352539
6761,cut1,6761,POPC,90,178.87046813964844,106.74552154541016,86.67955780029297
6761,cut1,6761,POPC,91,123.79663848876953,27.619543075561523,89.43728637695312
6761,cut1,6761,POPC,92,37.58426284790039,68.09362030029297,84.41609191894531
6761,cut1,6761,POPC,93,132.55319213867188,184.05015563964844,81.20753479003906
6761,cut1,6761,POPC,94,14.405902862548828,217.34815979003906,92.41046905517578
6761,cut1,6761,POPC,95,118.49828338623047,139.76388549804688,78.89625549316406
6761,cut1,6761,POPC,96,185.47157287597656,168.88088989257812,91.15967559814453
6761,cut1,6761,POPC,97,94.85636138916016,120.21985626220703,42.214881896972656
6761,cut1,6761,POPC,98,120.44581604003906,91.46967315673828,73.2229995727539
6761,cut1,6761,POPC,99,184.11859130859375,2.9646975994110107,98.70342254638672
6761,cut1,6761,POPC,100,47.516902923583984,148.2023162841797,74.1868667602539
6761,cut1,6761,POPC,101,21.962390899658203,62.66777420043945,89.7453384399414
6761,cut1,6761,POPC,102,92.2225570678711,209.84307861328125,86.85177612304688
6761,cut1,6761,POPC,103,157.5306396484375,157.53196716308594,85.58383178710938
6761,cut1,6761,POPC,104,58.66913986206055,242.5757598876953,91.8376693725586
6761,cut1,6761,POPC,105,5.884380340576172,245.57241821289062,95.45364379882812
6761,cut1,6761,POPC,106,60.269039154052734,75.7106704711914,85.08451080322266
6761,cut1,6761,POPC,107,16.295875549316406,114.00050354003906,86.478759765625
6761,cut1,6761,POPC,108,166.36471557617188,196.799072265625,85.44474792480469
6761,cut1,6761,POPC,109,108.72592163085938,237.59475708007812,97.83245849609375
6761,cut1,6761,POPC,110,89.09933471679688,32.316646575927734,89.99076080322266
6761,cut1,6761,POPC,111,190.5323486328125,8.56434917449951,95.27168273925781
6761,cut1,6761,POPC,112,186.82505798339844,50.859683990478516,91.71270751953125
6761,cut1,6761,POPC,113,37.32036209106445,218.11009216308594,93.11915588378906
6761,cut1,6761,POPC,114,85.82303619384766,81.31735229492188,80.65008544921875
6761,cut1,6761,POPC,115,102.72267150878906,238.80781555175784,94.72860717773438
6761,cut1,6761,POPC,116,91.92559814453125,225.64511108398438,90.4255142211914
6761,cut1,6761,POPC,117,70.19769287109375,95.90489959716797,84.14881896972656
6761,cut1,6761,POPC,118,20.635025024414062,29.556413650512695,89.03219604492188
6761,cut1,6761,POPC,119,119.68899536132812,86.34236145019531,80.42249298095703
6761,cut1,6761,POPC,120,167.47079467773438,215.41609191894534,77.21455383300781
6761,cut1,6761,POPC,121,16.304420471191406,6.271627902984619,94.24794006347656
6761,cut1,6761,POPC,122,187.30702209472656,17.989992141723633,96.36883544921875
6761,cut1,6761,POPC,123,26.733375549316406,191.55789184570312,93.1729507446289
6761,cut1,6761,POPC,124,44.289798736572266,204.56793212890625,90.1392822265625
6761,cut1,6761,POPC,125,16.89543914794922,17.742918014526367,90.15772247314453
6761,cut1,6761,POPC,126,46.57453536987305,230.8575439453125,91.1865234375
6761,cut1,6761,POPC,127,156.0560302734375,96.51045227050781,82.75237274169922
6761,cut1,6761,POPC,128,41.42190170288086,22.402273178100586,91.19920349121094
6761,cut1,6761,POPC,129,132.88352966308594,8.527636528015137,96.99932861328125
6761,cut1,6761,POPC,130,168.4541473388672,178.4912872314453,88.02825164794922
6761,cut1,6761,POPC,131,49.796199798583984,193.30422973632812,83.96315002441406
6761,cut1,6761,POPC,132,70.19300079345703,232.95343017578125,52.88436508178711
6761,cut1,6761,POPC,133,100.03154754638672,142.80198669433594,46.888431549072266
6761,cut1,6761,POPC,134,53.44655227661133,44.14457321166992,90.51734161376953
6761,cut1,6761,POPC,135,184.60218811035156,147.83277893066406,91.15452575683594
6761,cut1,6761,POPC,136,146.0152130126953,30.192110061645508,88.95056915283203
6761,cut1,6761,POPC,137,40.41611862182617,153.7529296875,76.9751968383789
6761,cut1,6761,POPC,138,51.025577545166016,106.44542694091797,81.22004699707031
6761,cut1,6761,POPC,139,134.7941131591797,123.54317474365234,85.37931060791016
6761,cut1,6761,POPC,140,84.66698455810547,144.16848754882812,83.36000061035156
6761,cut1,6761,POPC,141,187.24981689453125,120.42610931396484,96.12767028808594
6761,cut1,6761,POPC,142,193.6506805419922,174.6069793701172,86.56232452392577
6761,cut1,6761,POPC,143,35.42397689819336,109.08033752441406,77.02305603027344
6761,cut1,6761,POPC,144,87.61943054199219,230.88494873046875,92.22843933105469
6761,cut1,6761,POPC,145,163.83877563476562,137.04696655273438,90.77481079101562
6761,cut1,6761,POPC,146,141.5736846923828,134.70828247070312,78.47248077392578
6761,cut1,6761,POPC,147,75.48787689208984,175.61782836914062,86.058349609375
6761,cut1,6761,POPC,148,186.31890869140625,128.07781982421875,95.79546356201172
6761,cut1,6761,POPC,149,186.5551300048828,56.09584426879883,90.21340942382812
6761,cut1,6761,POPC,150,53.803524017333984,177.39744567871094,85.07624053955078
6761,cut1,6761,POPC,151,101.68971252441406,83.21343994140625,76.64530181884766
6761,cut1,6761,POPC,152,185.7463836669922,93.74132537841797,85.2839126586914
6761,cut1,6761,POPC,153,122.93045043945312,154.3421173095703,81.87799072265625
6761,cut1,6761,POPC,154,138.3253631591797,199.3065643310547,79.25492858886719
6761,cut1,6761,POPC,155,58.462398529052734,99.26437377929688,83.72977447509766
6761,cut1,6761,POPC,156,72.57341003417969,40.2643928527832,93.07173156738281
6761,cut1,6761,POPC,157,20.732200622558594,88.82007598876953,91.79736328125
6761,cut1,6761,POPC,158,59.461856842041016,170.25115966796875,83.52293395996094
6761,cut1,6761,POPC,159,93.72740936279297,100.84587860107422,79.26000213623047
6761,cut1,6761,POPC,160,30.918193817138672,28.729944229125977,91.60326385498047
6761,cut1,6761,POPC,161,86.00225830078125,176.9014892578125,85.04548645019531
6761,cut1,6761,POPC,162,8.824546813964844,205.01351928710938,90.97362518310547
6761,cut1,6761,POPC,163,79.72441101074219,195.12533569335938,88.39826202392578
6761,cut1,6761,POPC,164,62.8466682434082,250.23977661132812,93.77263641357422
6761,cut1,6761,POPC,165,3.8765294551849365,50.08791732788086,88.95757293701172
6761,cut1,6761,POPC,166,84.50959777832031,190.3321990966797,88.09321594238281
6761,cut1,6761,POPC,167,68.18170166015625,192.6206817626953,89.23919677734375
6761,cut1,6761,POPC,168,71.66975402832031,58.63600540161133,89.28277587890625
6761,cut1,6761,POPC,169,174.8168182373047,181.0096893310547,83.7877426147461
6761,cut1,6761,POPC,170,163.06768798828125,36.78293228149414,90.05203247070312
6761,cut1,6761,POPC,171,33.00210189819336,22.810422897338867,90.44473266601561
6761,cut1,6761,POPC,172,176.58522033691406,112.87872314453125,88.70780944824219
6761,cut1,6761,POPC,173,27.30020523071289,64.9098892211914,88.57672882080078
6761,cut1,6761,POPC,174,178.86045837402344,197.45751953125,91.04251098632812
6761,cut1,6761,POPC,175,45.06342697143555,73.58149719238281,87.50884246826172
6761,cut1,6761,POPC,176,182.3257598876953,70.40495300292969,83.97480773925783
6761,cut1,6761,POPC,177,123.44506072998047,8.717917442321777,95.02503967285156
6761,cut1,6761,POPC,178,8.630878448486328,223.01734924316406,95.79843139648438
6761,cut1,6761,POPC,179,38.589359283447266,230.3548126220703,92.5524673461914
6761,cut1,6761,POPC,180,43.152217864990234,97.84894561767578,85.70152282714844
6761,cut1,6761,POPC,181,14.93560791015625,41.49494552612305,89.24407958984375
6761,cut1,6761,POPC,182,150.27169799804688,154.03468322753906,83.52347564697266
6761,cut1,6761,POPC,183,108.58557891845703,108.20272064208984,77.63513946533203
6761,cut1,6761,POPC,184,143.07110595703125,148.27638244628906,83.0774917602539
6761,cut1,6761,POPC,185,102.22051239013672,147.75193786621094,78.07636260986328
6761,cut1,6761,POPC,186,193.83108520507812,31.905061721801758,86.66075134277344
6761,cut1,6761,POPC,187,174.825927734375,242.92425537109375,98.25040435791016
6761,cut1,6761,POPC,188,185.2679443359375,44.13383865356445,91.54989624023438
6761,cut1,6761,POPC,189,49.7967414855957,250.5814971923828,94.90123748779297
6761,cut1,6761,POPC,190,129.5226287841797,87.7940444946289,71.0455322265625
6761,cut1,6761,POPC,191,2.0821645259857178,224.0612335205078,48.14421463012695
6761,cut1,6761,POPC,192,54.179134368896484,2.166147947311402,93.42687225341795
6761,cut1,6761,POPC,193,164.0388946533203,238.9590911865234,94.0781021118164
6761,cut1,6761,POPC,194,174.1733856201172,75.42757415771484,85.78203582763672
6761,cut1,6761,POPC,195,157.2729034423828,122.3066177368164,85.42680358886719
6761,cut1,6761,POPC,196,85.88623046875,215.2947540283203,89.12207794189453
6761,cut1,6761,POPC,197,31.761600494384766,40.75050735473633,90.35311889648438
6761,cut1,6761,POPC,198,50.774715423583984,20.332704544067383,91.03411102294922
6761,cut1,6761,POPC,199,46.464115142822266,15.538355827331545,92.07075500488281
6761,cut1,6761,POPC,200,45.89133071899414,32.820682525634766,51.74899673461914
6761,cut1,6761,POPC,201,184.27792358398438,246.75820922851562,99.51436614990234
6761,cut1,6761,POPC,202,39.4995002746582,28.995004653930664,90.62841796875
6761,cut1,6761,POPC,203,183.99769592285156,112.6322021484375,90.57349395751953
6761,cut1,6761,POPC,204,148.0314178466797,121.32657623291016,84.27332305908203
6761,cut1,6761,POPC,205,166.3860626220703,111.1800765991211,84.39472198486328
6761,cut1,6761,POPC,206,178.78224182128906,7.157129764556885,94.35255432128906
6761,cut1,6761,POPC,207,57.01875686645508,199.6029815673828,91.3742446899414
6761,cut1,6761,POPC,208,81.80628204345703,224.9084014892578,90.3041763305664
6761,cut1,6761,POPC,209,13.817752838134766,245.8062286376953,92.16709899902344
6761,cut1,6761,POPC,210,56.51259994506836,212.71131896972656,92.42599487304688
6761,cut1,6761,POPC,211,172.45553588867188,101.77273559570312,85.2413558959961
6761,cut1,6761,POPC,212,23.355571746826172,242.21275329589844,89.97732543945312
6761,cut1,6761,POPC,213,153.4457244873047,57.16220474243164,89.78731536865234
6761,cut1,6761,POPC,214,187.22938537597656,209.72425842285156,91.75279998779297
6761,cut1,6761,POPC,215,29.797550201416016,240.99302673339844,91.50251007080078
6761,cut1,6761,POPC,216,81.3174819946289,29.08537483215332,89.77434539794922
6761,cut1,6761,POPC,217,165.24725341796875,130.67930603027344,90.77037811279297
6761,cut1,6761,POPC,218,181.72079467773438,219.23048400878906,90.49536895751953
6761,cut1,6761,POPC,219,93.38910675048828,12.874484062194824,94.82678985595703
6761,cut1,6761,POPC,220,25.984050750732422,1.3225427865982056,94.05485534667969
6761,cut1,6761,POPC,221,180.02027893066406,174.37030029296875,87.88613891601562
6761,cut1,6761,POPC,222,7.872371673583984,61.705570220947266,88.87700653076172
6761,cut1,6761,POPC,223,91.71370697021484,129.90109252929688,78.0201416015625
6761,cut1,6761,POPC,224,72.52256774902344,78.58413696289062,82.36555480957031
6761,cut1,6761,POPC,225,171.5615997314453,167.16006469726562,88.2350082397461
6761,cut1,6761,POPC,226,35.50998306274414,137.12435913085938,74.24280548095703
6761,cut1,6761,POPC,227,54.94856643676758,186.89913940429688,86.80718231201172
6761,cut1,6761,POPC,228,50.84538650512695,95.32498168945312,82.43913269042969
6761,cut1,6761,POPC,229,76.12541198730469,93.63284301757812,83.27664184570312
6761,cut1,6761,POPC,230,147.23968505859375,163.19775390625,82.931640625
6761,cut1,6761,POPC,231,155.01490783691406,28.406991958618164,90.84496307373047
6761,cut1,6761,POPC,232,133.7337188720703,184.2182159423828,41.86016082763672
6761,cut1,6761,POPC,233,126.9281234741211,140.69699096679688,77.7518081665039
6761,cut1,6761,POPC,234,42.8619270324707,235.7344207763672,91.52630615234375
6761,cut1,6761,POPC,235,191.81101989746094,3.0534541606903076,96.03678131103517
6761,cut1,6761,POPC,236,175.95372009277344,253.24310302734375,99.30382537841797
6761,cut1,6761,POPC,237,155.69677734375,150.717041015625,87.6799087524414
6761,cut1,6761,POPC,238,26.996410369873047,22.811540603637695,88.67166900634766
6761,cut1,6761,POPC,239,104.22628784179688,50.6512565612793,86.3815689086914
6761,cut1,6761,POPC,240,6.289722442626953,44.78384780883789,88.43479919433594
6761,cut1,6761,POPC,241,-0.7972338199615479,217.2355194091797,92.980224609375
6761,cut1,6761,POPC,242,166.27386474609375,170.61956787109375,88.21942138671875
6761,cut1,6761,POPC,243,106.16023254394533,67.34241485595703,82.16986846923828
6761,cut1,6761,POPC,244,192.5144500732422,241.62435913085938,95.73458099365234
6761,cut1,6761,POPC,245,155.36476135253906,64.4100341796875,89.330810546875
6761,cut1,6761,POPC,246,98.51171875,104.42678833007812,77.14737701416016
6761,cut1,6761,POPC,247,16.841960906982422,10.495017051696777,55.36867904663086
6761,cut1,6761,POPC,248,77.95249938964844,68.23756408691406,84.37935638427734
6761,cut1,6761,POPC,249,66.60960388183594,87.43976593017578,84.53733825683594
6761,cut1,6761,POPC,250,180.95657348632812,76.48115539550781,84.17073822021484
6761,cut1,6761,POPC,251,111.5390853881836,69.59898376464844,83.8221664428711
6761,cut1,6761,POPC,252,137.79135131835938,102.317626953125,76.71324157714844
6761,cut1,6761,POPC,253,56.19167709350586,248.45959472656247,92.27603149414062
6761,cut1,6761,POPC,254,116.0344009399414,235.33352661132812,101.86971282958984
6761,cut1,6761,POPC,255,134.54736328125,170.21214294433594,80.6412582397461
6761,cut1,6761,POPC,256,155.5963897705078,80.33667755126953,81.0523681640625
6761,cut1,6761,POPC,257,151.24591064453125,244.27577209472656,89.27839660644531
6761,cut1,6761,POPC,258,176.7206573486328,43.12092208862305,93.9671401977539
6761,cut1,6761,POPC,259,50.10957717895508,135.67015075683594,73.01720428466797
6761,cut1,6761,POPC,260,121.53226470947266,75.42488861083984,81.73709869384766
6761,cut1,6761,POPC,261,182.71180725097656,40.07853317260742,91.88911437988281
6761,cut1,6761,POPC,262,121.16587829589844,17.614416122436523,93.6666030883789
6761,cut1,6761,POPC,263,67.28524017333984,73.50872039794922,84.12226867675781
6761,cut1,6761,POPC,264,63.693424224853516,68.16606140136719,84.1479263305664
6761,cut1,6761,POPC,265,162.20980834960938,177.01736450195312,86.76856231689453
6761,cut1,6761,POPC,266,123.13385772705078,1.7938905954360962,98.721435546875
6761,cut1,6761,POPC,267,145.5194854736328,131.5265655517578,85.35174560546875
6761,cut1,6761,POPC,268,121.28646850585938,183.57252502441406,76.31900787353516
6761,cut1,6761,POPC,269,188.38487243652344,225.36717224121094,93.32858276367188
6761,cut1,6761,POPC,270,98.45272064208984,225.9241943359375,89.08631134033203
6761,cut1,6761,POPC,271,63.2977180480957,12.48160457611084,92.90328979492188
6761,cut1,6761,POPC,272,129.53179931640625,240.40785217285156,104.62210845947266
6761,cut1,6761,POPC,273,39.65846633911133,46.73508071899414,87.88951873779297
6761,cut1,6761,POPC,274,160.6618194580078,69.97403717041016,83.66223907470703
6761,cut1,6761,POPC,275,10.069511413574219,118.56455993652344,83.28744506835938
6761,cut1,6761,POPC,276,179.93087768554688,64.28819274902344,47.42339706420898
6761,cut1,6761,POPC,277,96.66243743896484,76.22437286376953,79.72116088867188
6761,cut1,6761,POPC,278,50.129459381103516,79.25765228271484,83.81816864013672
6761,cut1,6761,POPC,279,165.980712890625,10.856261253356934,93.95711517333983
6761,cut1,6761,POPC,280,65.21521759033203,112.91449737548828,85.8669967651367
6761,cut1,6761,POPC,281,142.376953125,168.17059326171875,79.97135925292969
6761,cut1,6761,POPC,282,102.07609558105469,113.0775146484375,77.3326187133789
6761,cut1,6761,POPC,283,100.5731201171875,197.95155334472656,81.00717163085938
6761,cut1,6761,POPC,284,148.09582519531253,113.10332489013672,80.11322021484375
6761,cut1,6761,POPC,285,4.611328125,1.1038919687271118,99.54582214355469
6761,cut1,6761,POPC,286,171.63502502441406,197.4885711669922,82.32705688476561
6761,cut1,6761,POPC,287,74.06175994873047,146.2865753173828,81.00291442871094
6761,cut1,6761,POPC,288,49.73611068725586,198.72409057617188,86.2137451171875
6761,cut1,6761,POPC,289,150.92884826660156,31.310251235961914,91.9935302734375
6761,cut1,6761,POPC,290,101.84510803222656,229.72708129882812,91.9458236694336
6761,cut1,6761,POPC,291,18.004634857177734,240.17471313476562,90.7744369506836
6761,cut1,6761,POPC,292,63.22035598754883,209.33798217773438,93.04373931884766
6761,cut1,6761,POPC,293,48.9860725402832,225.91281127929688,92.77684020996094
6761,cut1,6761,POPC,294,15.953617095947266,235.086669921875,91.35386657714844
6761,cut1,6761,POPC,295,129.2671661376953,82.25914764404295,43.466312408447266
6761,cut1,6761,POPC,296,56.24665451049805,31.489030838012695,90.28433990478516
6761,cut1,6761,POPC,297,15.200634002685547,69.64602661132812,88.75935363769531
6761,cut1,6761,POPC,298,107.24567413330078,160.73062133789062,76.42391967773438
6761,cut1,6761,POPC,299,43.718143463134766,111.46206665039062,79.01237487792969
6761,cut1,6761,POPC,300,28.854938507080078,209.64796447753906,91.81352996826172
6761,cut1,6761,POPC,301,70.61244201660156,206.86825561523438,90.13436889648438
6761,cut1,6761,POPC,302,54.785152435302734,48.1812858581543,84.88603973388672
6761,cut1,6761,POPC,303,30.689189910888672,179.4004364013672,86.46804809570312
6761,cut1,6761,POPC,304,131.67510986328125,79.7027359008789,76.46018981933594
6761,cut1,6761,POPC,305,22.721534729003906,150.4101104736328,77.22095489501953
6761,cut1,6761,POPC,306,81.79312896728516,94.6673583984375,85.59793853759766
6761,cut1,6761,POPC,307,39.98066329956055,160.15740966796875,85.31726837158203
6761,cut1,6761,POPC,308,146.99395751953125,7.282236576080322,92.63340759277344
6761,cut1,6761,POPC,309,84.5758285522461,13.265246391296387,94.95599365234375
6761,cut1,6761,POPC,310,78.69608306884766,154.06138610839844,84.42437744140625
6761,cut1,6761,POPC,311,12.283760070800781,11.252989768981934,97.59175872802734
6761,cut1,6761,POPC,312,31.05239486694336,13.320246696472168,93.6090087890625
6761,cut1,6761,POPC,313,16.681198120117188,80.12954711914062,91.06198120117188
6761,cut1,6761,POPC,314,55.3368034362793,143.169677734375,73.15916442871094
6761,cut1,6761,POPC,315,7.350921630859375,214.88287353515625,90.7040786743164
6761,cut1,6761,POPC,316,142.55892944335938,13.822836875915527,90.60323333740234
6761,cut1,6761,POPC,317,84.36224365234375,23.632951736450195,91.10835266113281
6761,cut1,6761,POPC,318,187.51219177246094,27.351160049438477,89.53112030029297
6761,cut1,6761,POPC,319,34.282711029052734,144.83474731445312,71.5938720703125
6761,cut1,6761,POPC,320,61.65384292602539,204.29563903808594,92.14380645751953
6761,cut1,6761,POPC,321,179.04844665527344,208.64549255371094,89.41071319580078
6761,cut1,6761,POPC,322,125.84903717041014,94.0297622680664,70.23588562011719
6761,cut1,6761,POPC,323,173.36322021484375,118.62200927734375,89.71922302246094
6761,cut1,6761,POPC,324,184.72393798828125,85.01547241210938,85.98822784423828
6761,cut1,6761,POPC,325,170.59230041503906,-2.5177433490753174,97.61591339111328
6761,cut1,6761,POPC,326,108.30957794189453,46.6779899597168,83.86971282958984
6761,cut1,6761,POPC,327,71.97340393066406,12.304877281188965,91.23936462402344
6761,cut1,6761,POPC,328,8.025787353515625,72.90288543701172,89.18196868896483
6761,cut1,6761,POPC,329,50.89071273803711,53.44438552856445,84.71381378173828
6761,cut1,6761,POPC,330,69.66966247558594,253.16546630859375,93.60939025878906
6761,cut1,6761,POPC,331,155.7218475341797,164.19985961914062,83.43846893310547
6761,cut1,6761,POPC,332,109.46166229248047,247.77772521972656,104.71361541748047
6761,cut1,6761,POPC,333,15.970134735107422,106.75980377197266,86.96528625488281
6761,cut1,6761,POPC,334,190.49562072753906,90.03656005859374,86.93341064453125
6761,cut1,6761,POPC,335,20.03740692138672,251.0352783203125,91.84346008300781
6761,cut1,6761,POPC,336,34.03449630737305,186.45526123046875,88.79254150390625
6761,cut1,6761,POPC,337,126.39974212646484,172.38839721679688,75.01914978027344
6761,cut1,6761,POPC,338,39.68813705444336,101.35538482666016,80.42398071289062
6761,cut1,6761,POPC,339,94.83354187011717,65.8564453125,81.78983306884766
6761,cut1,6761,POPC,340,155.47369384765625,6.5251030921936035,89.97045898437501
6761,cut1,6761,POPC,341,147.2189483642578,202.50071716308594,77.96797180175781
6761,cut1,6761,POPC,342,169.3218536376953,36.04518508911133,88.77898406982422
6761,cut1,6761,POPC,343,32.93842697143555,224.4419708251953,93.04462432861328
6761,cut1,6761,POPC,344,54.87064743041992,83.71775817871094,84.8424301147461
6761,cut1,6761,POPC,345,136.45249938964844,115.98248291015625,82.19623565673828
6761,cut1,6761,POPC,346,16.122543334960938,92.05487060546875,89.29996490478516
6761,cut1,6761,POPC,347,170.89768981933594,196.91714477539062,49.72873306274414
6761,cut1,6761,POPC,348,128.4219207763672,67.63355255126953,77.7576675415039
6761,cut1,6761,POPC,349,179.7249755859375,55.738468170166016,89.45728302001953
6761,cut1,6761,POPC,350,141.1298370361328,111.12736511230469,80.25324249267578
6761,cut1,6761,POPC,351,67.10797119140625,177.65785217285156,86.89324188232422
6761,cut1,6761,POPC,352,171.32017517089844,17.833879470825195,91.78744506835938
6761,cut1,6761,POPC,353,181.17515563964844,241.1343994140625,97.75296783447266
6761,cut1,6761,POPC,354,35.69924545288086,93.22578430175781,86.41600799560547
6761,cut1,6761,POPC,355,64.68831634521484,140.2518768310547,72.76480102539062
6761,cut1,6761,POPC,356,128.14410400390625,228.76397705078125,102.79204559326172
6761,cut1,6761,POPC,357,159.82093811035156,115.39634704589844,85.2132339477539
6761,cut1,6761,POPC,358,86.24665069580078,206.3963165283203,90.12139129638672
6761,cut1,6761,POPC,359,148.81393432617188,215.6238250732422,84.1494369506836
6761,cut1,6761,POPC,360,40.381046295166016,250.44309997558594,91.39134216308594
6761,cut1,6761,POPC,361,46.36787033081055,166.31234741210938,84.4384994506836
6761,cut1,6761,POPC,362,71.20690155029297,32.72746658325195,91.55062866210938
6761,cut1,6761,POPC,363,170.08248901367188,137.59994506835938,94.6070327758789
6761,cut1,6761,POPC,364,70.8841323852539,136.43978881835938,70.78728485107422
6761,cut1,6761,POPC,365,90.4792709350586,58.89438247680664,84.80641174316408
6761,cut1,6761,POPC,366,99.04842376708984,89.791259765625,76.9482650756836
6761,cut1,6761,POPC,367,172.87115478515625,109.858154296875,85.34230041503906
6761,cut1,6761,POPC,368,10.818801879882812,35.9761848449707,89.49469757080078
6761,cut1,6761,POPC,369,160.52572631835938,9.051444053649902,93.55817413330078
6761,cut1,6761,POPC,370,154.24928283691406,181.5592803955078,84.80977630615234
6761,cut1,6761,POPC,371,72.84014129638672,155.9520721435547,81.12739562988281
6761,cut1,6761,POPC,372,194.09133911132812,205.9558868408203,92.80400848388672
6761,cut1,6761,POPC,373,75.0631332397461,221.4531707763672,90.88036346435548
6761,cut1,6761,POPC,374,135.85308837890625,17.10503578186035,89.82914733886719
6761,cut1,6761,POPC,375,96.74506378173828,252.64637756347656,91.96929931640625
6761,cut1,6761,POPC,376,72.80633544921875,66.98831939697266,85.22229766845703
6761,cut1,6761,POPC,377,88.28079223632812,38.80604934692383,88.67876434326172
6761,cut1,6761,POPC,378,96.85174560546875,112.5076675415039,81.7610855102539
6761,cut1,6761,POPC,379,23.871593475341797,58.66354751586914,86.18112182617188
6761,cut1,6761,POPC,380,47.45651626586914,61.815738677978516,85.51762390136719
6761,cut1,6761,POPC,381,77.38307189941406,1.6860796213150024,92.13040161132812
6761,cut1,6761,POPC,382,36.940059661865234,167.6260986328125,85.60505676269531
6761,cut1,6761,POPC,383,140.99981689453125,22.010156631469727,86.9843978881836
6761,cut1,6761,POPC,384,21.580116271972656,144.37342834472656,73.27452850341797
6761,cut1,6761,POPC,385,137.0580596923828,160.6276397705078,76.74596405029297
6761,cut1,6761,POPC,386,62.09780502319336,28.79705238342285,90.5618667602539
6761,cut1,6761,POPC,387,57.90028762817383,39.08928298950195,90.386474609375
6761,cut1,6761,POPC,388,72.78907012939453,141.6683349609375,78.65582275390625
6761,cut1,6761,POPC,389,175.39715576171875,12.52805233001709,94.01654052734375
6761,cut1,6761,POPC,390,3.672107458114624,116.72826385498047,90.80237579345703
6761,cut1,6761,POPC,391,186.35604858398438,34.04196548461914,87.24120330810547
6761,cut1,6761,POPC,392,79.14521789550781,139.408203125,78.25836181640625
6761,cut1,6761,POPC,393,194.76365661621094,224.21273803710938,93.06156158447266
6761,cut1,6761,POPC,394,9.410438537597656,235.50511169433594,92.25880432128906
6761,cut1,6761,POPC,395,3.4451825618743896,158.97340393066406,53.31873321533203
6761,cut1,6761,POPC,396,78.29808807373047,164.5968780517578,84.05731201171875
6761,cut1,6761,POPC,397,3.774726629257202,18.346738815307617,90.62703704833984
6761,cut1,6761,POPC,398,135.87464904785156,143.48512268066406,78.97860717773436
6761,cut1,6761,POPC,399,42.30521774291992,84.90930938720705,86.46610260009766
6761,cut1,6761,POPC,400,76.27787017822266,87.14323425292969,81.51104736328125
6761,cut1,6761,POPC,401,163.67991638183594,205.29579162597656,82.29241943359375
6761,cut1,6761,POPC,402,105.3773193359375,58.130802154541016,84.81717681884766
6761,cut1,6761,POPC,403,134.024658203125,130.19834899902344,79.04885864257812
6761,cut1,6761,POPC,404,151.13438415527344,133.14613342285156,87.80370330810547
6761,cut1,6761,POPC,405,76.58451080322266,15.982264518737793,93.27288055419922
6761,cut1,6761,POPC,406,33.5174446105957,202.44406127929688,91.9281005859375
6761,cut1,6761,POPC,407,136.5957794189453,152.6704559326172,79.35331726074219
6761,cut1,6761,POPC,408,130.86720275878906,21.88047218322754,87.26622772216797
6761,cut1,6761,POPC,409,16.862667083740234,202.76443481445312,97.52659606933594
6761,cut1,6761,POPC,410,84.65375518798828,170.0704345703125,79.94109344482422
6761,cut1,6761,POPC,411,97.19102478027342,41.15689468383789,87.27484130859375
6761,cut1,6761,POPC,412,46.38558578491211,34.04949569702148,91.22044372558594
6761,cut1,6761,POPC,413,162.5183563232422,104.59385681152344,86.50154113769531
6761,cut1,6761,POPC,414,187.85763549804688,71.00835418701172,87.61675262451172
6761,cut1,6761,POPC,415,179.27023315429688,19.278188705444336,93.0
6761,cut1,6761,POPC,416,129.2373046875,247.4577178955078,101.62357330322266
6761,cut1,6761,POPC,417,43.09267044067383,190.9799041748047,89.73246765136719
6761,cut1,6761,POPC,418,73.72846984863281,22.23824119567871,91.42117309570312
6761,cut1,6761,POPC,419,23.794845581054688,19.83527946472168,93.93694305419922
6761,cut1,6761,POPC,420,56.40989303588867,89.96086120605469,82.71969604492188
6761,cut1,6761,POPC,421,96.84550476074219,141.9910888671875,81.71121978759766
6761,cut1,6761,POPC,422,56.3560905456543,63.1345100402832,82.55809783935547
6761,cut1,6761,POPC,423,162.33050537109375,20.488950729370117,92.17655181884766
6761,cut1,6761,POPC,424,112.06957244873047,85.89848327636719,80.80358123779297
6761,cut1,6761,POPC,425,174.56980895996094,86.69140625,84.13531494140625
6761,cut1,6761,POPC,426,80.35334014892578,203.11892700195312,90.56231689453125
6761,cut1,6761,POPC,427,98.04789733886719,243.6510772705078,91.10848999023436
6761,cut1,6761,POPC,428,176.6724395751953,123.909423828125,95.36754608154297
6761,cut1,6761,POPC,429,140.82530212402344,126.380126953125,83.05501556396484
6761,cut1,6761,POPC,430,77.20457458496095,43.2966194152832,90.68106842041016
6761,cut1,6761,POPC,431,8.560810089111328,87.63140869140625,86.22270202636719
6761,cut1,6761,POPC,432,16.316150665283203,223.6781005859375,90.39472961425781
6761,cut1,6761,POPC,433,186.3690948486328,137.4674835205078,92.1038284301758
6761,cut1,6761,POPC,434,89.82028198242188,77.70545196533202,83.75942993164062
6761,cut1,6761,POPC,435,162.5631103515625,120.26838684082031,89.72254180908203
6761,cut1,6761,POPC,436,0.03698708117008209,104.1645736694336,87.57469177246094
6761,cut1,6761,POPC,437,116.33599853515625,64.8714599609375,82.33499145507812
6761,cut1,6761,POPC,438,15.254486083984375,63.20851516723633,90.6846694946289
6761,cut1,6761,POPC,439,39.500362396240234,6.454195499420166,96.04572296142578
6761,cut1,6761,POPC,440,10.874443054199219,196.61236572265625,93.69966125488281
6761,cut1,6761,POPC,441,1.4424588680267334,68.06739044189453,85.35855102539062
6761,cut1,6761,POPC,442,3.5831105709075928,208.9116668701172,89.88645935058594
6761,cut1,6761,POPC,443,115.59835815429688,152.47352600097656,77.7706298828125
6761,cut1,6761,POPC,444,31.370281219482422,234.98684692382812,92.7541275024414
6761,cut1,6761,POPC,445,2.657531499862671,236.7342529296875,97.57613372802734
6761,cut1,6761,POPC,446,129.55079650878906,119.0280532836914,78.96448516845703
6761,cut1,6761,POPC,447,114.1934585571289,188.8797149658203,75.64118194580078
6761,cut1,6761,POPC,448,144.3080596923828,34.74101638793945,89.76959228515625
6761,cut1,6761,POPC,449,18.966854095458984,96.54302215576172,88.25462341308594
6761,cut1,6761,POPC,450,44.5392951965332,106.07380676269531,79.7984390258789
6761,cut1,6761,POPC,451,142.68145751953125,117.8531494140625,82.32422637939453
6761,cut1,6761,POPC,452,180.69821166992188,135.28367614746094,96.2889404296875
6761,cut1,6761,POPC,453,174.20033264160156,190.20689392089844,86.79180145263672
6761,cut1,6761,POPC,454,87.86552429199219,153.1947479248047,84.6925277709961
6761,cut1,6761,POPC,455,62.0131721496582,83.28016662597656,83.90372467041016
6761,cut1,6761,POPC,456,75.5777359008789,246.15145874023438,88.48297119140625
6761,cut1,6761,POPC,457,97.06623840332031,202.95240783691406,83.9307632446289
6761,cut1,6761,POPC,458,85.91432189941406,101.35922241210938,87.38082122802734
6761,cut1,6761,POPC,459,167.65023803710938,154.11558532714844,90.17030334472656
6761,cut1,6761,POPC,460,116.18161010742188,90.9532699584961,77.2018051147461
6761,cut1,6761,POPC,461,48.09579086303711,24.196664810180664,94.21257019042969
6761,cut1,6761,POPC,462,29.254192352294922,169.614990234375,82.99356842041016
6761,cut1,6761,POPC,463,30.472454071044922,216.9243927001953,94.14974975585938
6761,cut1,6761,POPC,464,31.14683151245117,3.2104480266571045,91.47618865966797
6761,cut1,6761,POPC,465,33.12055587768555,247.53787231445312,92.00704956054688
6761,cut1,6761,POPC,466,20.680889129638672,33.941890716552734,90.74529266357422
6761,cut1,6761,POPC,467,112.73856353759766,212.04833984375,53.604881286621094
6761,cut1,6761,POPC,468,162.82301330566406,48.3704719543457,91.69876861572266
6761,cut1,6761,POPC,469,70.37519836425781,117.5613021850586,81.69832611083984
6761,cut1,6761,POPC,470,89.90267944335938,250.18960571289062,89.77694702148438
6761,cut1,6761,POPC,471,98.85921478271484,246.92723083496094,54.15380096435547
6761,cut1,6761,POPC,472,156.12693786621094,192.6804656982422,85.83313751220703
6761,cut1,6761,POPC,473,186.27586364746094,176.86691284179688,90.49298858642578
6761,cut1,6761,POPC,474,138.4697265625,193.37452697753906,79.2650375366211
6761,cut1,6761,POPC,475,141.9786376953125,156.2253875732422,78.82627868652344
6761,cut1,6761,POPC,476,177.82211303710938,24.583879470825195,91.97665405273438
6761,cut1,6761,POPC,477,71.66766357421875,188.11317443847656,87.38448333740234
6761,cut1,6761,POPC,478,176.730224609375,97.78200531005861,83.05101776123047
6761,cut1,6761,POPC,479,161.05690002441406,79.64486694335938,85.10064697265625
6761,cut1,6761,POPC,480,190.79698181152344,83.08305358886719,86.93851470947266
6761,cut1,6761,POPC,481,82.04710388183594,244.56341552734375,89.79319763183594
6761,cut1,6761,POPC,482,86.3803482055664,107.03523254394531,84.8741683959961
6761,cut1,6761,POPC,483,76.74629211425781,240.12631225585938,89.18515014648438
6761,cut1,6761,POPC,484,56.553043365478516,116.87960815429688,80.87879180908203
6761,cut1,6761,POPC,485,55.60739517211914,109.89075469970703,83.8672103881836
6761,cut1,6761,POPC,486,115.937255859375,225.15219116210938,103.26016235351562
6761,cut1,6761,POPC,487,191.5102081298828,61.12355422973632,85.93861389160156
6761,cut1,6761,POPC,488,173.47512817382812,202.04637145996094,85.67098999023438
6761,cut1,6761,POPC,489,158.85845947265625,200.4784393310547,83.89466094970703
6761,cut1,6761,POPC,490,81.48260498046875,235.5666046142578,90.03302764892578
6761,cut1,6761,POPC,491,21.969280242919922,69.34894561767578,90.73432159423828
6761,cut1,6761,POPC,492,156.0735626220703,114.85610961914062,81.24568939208984
6761,cut1,6761,POPC,493,51.69858169555664,243.55174255371094,92.16329193115234
6761,cut1,6761,POPC,494,26.4771728515625,52.20986557006836,85.5179672241211
6761,cut1,6761,POPC,495,65.02552795410156,244.96629333496094,90.91527557373047
6761,cut1,6761,POPC,496,103.73580169677734,38.02537155151367,86.31649017333984
6761,cut1,6761,POPC,497,48.53767013549805,155.03933715820312,74.06929779052734
6761,cut1,6761,POPC,498,129.33412170410156,159.7191162109375,78.6793212890625
6761,cut1,6761,POPC,499,127.89559936523438,165.22782897949222,76.16069793701172
6761,cut1,6761,POPC,500,102.044189453125,75.4111099243164,78.92970275878906
6761,cut1,6761,POPC,501,90.76213836669922,242.54345703125,88.5708999633789
6761,cut1,6761,POPC,502,42.123538970947266,143.78189086914062,74.44305419921875
6761,cut1,6761,POPC,503,192.56744384765625,41.00971603393555,85.5645751953125
6761,cut1,6761,POPC,504,45.48482131958008,157.65682983398438,78.01520538330078
6761,cut1,6761,POPC,505,115.75237274169922,246.2620849609375,100.0672836303711
6761,cut1,6761,POPC,506,29.502986907958984,75.30237579345703,86.94598388671875
6761,cut1,6761,POPC,507,46.09684371948242,41.76679611206055,87.59217071533203
6761,cut1,6761,POPC,508,71.87639617919923,182.6007080078125,86.66134643554688
6761,cut1,6761,POPC,509,122.05521392822266,191.8833770751953,77.96430969238281
6761,cut1,6761,POPC,510,163.99781799316406,187.975830078125,84.39420318603516
6761,cut1,6761,POPC,511,95.7005844116211,79.6408920288086,46.31636428833008
6761,cut1,6761,POPC,512,115.67435455322266,96.93543243408203,73.8680419921875
6761,cut1,6761,POPC,513,107.0106201171875,87.25469970703125,77.8647689819336
6761,cut1,6761,POPC,514,2.807708501815796,86.52400207519531,84.84153747558594
6761,cut1,6761,POPC,515,117.6102523803711,12.67652416229248,94.53649139404297
6761,cut1,6761,POPC,516,61.15635299682617,45.36063003540039,90.89807891845703
6761,cut1,6761,POPC,517,112.26654815673828,214.8201904296875,94.93121337890625
6761,cut1,6761,POPC,518,62.253475189208984,134.22872924804688,70.52842712402344
6761,cut1,6761,POPC,519,93.5083236694336,85.52903747558594,81.1353530883789
6761,cut1,6761,POPC,520,78.97288513183592,53.904850006103516,86.96229553222656
6761,cut1,6761,POPC,521,79.3585205078125,47.55979537963867,89.6588134765625
6761,cut1,6761,POPC,522,53.05202102661133,69.22220611572266,88.1698226928711
6761,cut1,6761,POPC,523,144.64190673828125,189.74765014648438,78.69860076904297
6761,cut1,6761,POPC,524,21.488506317138672,10.669146537780762,91.95143890380858
6761,cut1,6761,POPC,525,122.06513214111328,237.49514770507812,102.26688385009766
6761,cut1,6761,POPC,526,45.95991134643555,56.151912689208984,83.79386901855469
6761,cut1,6761,POPC,527,195.05191040039062,25.09553337097168,90.90478515625
6761,cut1,6761,POPC,528,99.11266326904297,51.22958755493164,84.5578842163086
6761,cut1,6761,POPC,529,161.97589111328125,28.426233291625977,92.01322174072266
6761,cut1,6761,POPC,530,47.42068099975586,212.0070037841797,89.81829833984375
6761,cut1,6761,POPC,531,35.322574615478516,176.96580505371094,86.27466583251953
6761,cut1,6761,POPC,532,11.12593078613281,98.46916961669922,85.20126342773438
6761,cut1,6761,POPC,533,160.8195037841797,85.99201202392578,85.34581756591797
6761,cut1,6761,POPC,534,149.07794189453125,183.7942352294922,80.52911376953125
6761,cut1,6761,POPC,535,16.17660140991211,208.5068817138672,91.82119750976562
6761,cut1,6761,POPC,536,63.43132400512695,96.3537826538086,86.56710052490234
6761,cut1,6761,POPC,537,119.47264099121094,176.01498413085938,75.65279388427734
6761,cut1,6761,POPC,538,193.46722412109375,75.61726379394531,89.00967407226562
6761,cut1,6761,POPC,539,158.41014099121094,215.40048217773438,81.94642639160156
6761,cut1,6761,POPC,540,95.5185775756836,233.431640625,90.61009216308594
6761,cut1,6761,POPC,541,156.42320251464844,253.11231994628906,92.11626434326172
6761,cut1,6761,POPC,542,184.9405975341797,12.059969902038574,96.31373596191406
6761,cut1,6761,POPC,543,44.60233688354492,178.34579467773438,85.5458755493164
6761,cut1,6761,POPC,544,60.29072189331055,56.5772590637207,86.57398986816406
6761,cut1,6761,POPC,545,168.70201110839844,81.70027160644531,85.34858703613281
6761,cut1,6761,POPC,546,152.4029541015625,196.94122314453125,79.9779586791992
6761,cut1,6761,POPC,547,82.7052993774414,35.7515983581543,88.66207885742188
6761,cut1,6761,POPC,548,170.55661010742188,49.51152420043945,88.2950668334961
6761,cut1,6761,POPC,549,31.033092498779297,150.4073486328125,75.04267120361328
6761,cut1,6761,POPC,550,91.11224365234375,114.44282531738281,86.14140319824219
6761,cut1,6761,POPC,551,68.94784545898438,103.46045684814453,85.38225555419922
6761,cut1,6761,POPC,552,191.47569274902344,197.18618774414062,93.1509780883789
6761,cut1,6761,POPC,553,31.525882720947266,158.8520965576172,80.39563751220703
6761,cut1,6761,POPC,554,23.963356018066406,169.252197265625,84.46681213378906
6761,cut1,6761,POPC,555,64.22362518310547,162.51953125,82.55123901367188
6761,cut1,6761,POPC,556,11.385276794433594,57.51259231567383,88.2928695678711
6761,cut1,6761,POPC,557,97.5899658203125,217.8382568359375,92.15726470947266
6761,cut1,6761,POPC,558,63.873600006103516,35.44173812866211,91.16731262207031
6761,cut1,6761,POPC,559,176.74154663085938,91.88493347167969,82.59186553955078
6761,cut1,6761,POPC,560,169.05299377441406,61.870548248291016,87.67892456054688
6761,cut1,6761,POPC,561,100.55247497558594,96.22148895263672,77.29515838623047
6761,cut1,6761,POPC,562,123.05037689208984,161.69619750976562,79.68212890625
6761,cut1,6761,POPC,563,65.80909729003906,238.0751190185547,89.97525024414062
6761,cut1,6761,POPC,564,21.183025360107422,40.7442512512207,90.62569427490234
6761,cut1,6761,POPC,565,53.892337799072266,220.18463134765625,91.42098999023438
6761,cut1,6761,POPC,566,180.2381591796875,185.6178436279297,87.8716812133789
6761,cut1,6761,POPC,567,90.67744445800781,172.02383422851562,81.40331268310547
6761,cut1,6761,POPC,568,78.13400268554688,133.6092071533203,70.20539855957031
6761,cut1,6761,POPC,569,163.16429138183594,97.2131118774414,85.28709411621094
6761,cut1,6761,POPC,570,154.9129180908203,51.1146125793457,90.07496643066406
6761,cut1,6761,POPC,571,54.66238021850586,11.335513114929197,89.43427276611328
6761,cut1,6761,POPC,572,162.1119384765625,144.78819274902344,87.20752716064453
6761,cut1,6761,POPC,573,46.98392868041992,122.11628723144531,39.35142135620117
6761,cut1,6761,POPC,574,98.31527709960938,24.96004295349121,96.17758178710938
6761,cut1,6761,POPC,575,5.001472473144531,95.53789520263672,86.40142059326172
6761,cut1,6761,POPC,576,140.4276123046875,182.33122253417966,79.08633422851562
6761,cut1,6761,POPC,577,165.3837432861328,55.50931930541992,87.41915893554688
6761,cut1,6761,POPC,578,146.26734924316406,177.49078369140625,81.98139953613281
6761,cut1,6761,POPC,579,176.34132385253906,150.25514221191403,88.10749816894531
6761,cut1,6761,POPC,580,132.95945739746094,232.9344940185547,101.5263671875
6761,cut1,6761,POPC,581,32.0167121887207,193.6062774658203,89.94390869140625
6761,cut1,6761,POPC,582,25.036426544189453,31.476625442504883,50.21025848388672
6761,cut1,6761,POPC,583,138.4091796875,6.610193729400635,93.91509246826172
6761,cut1,6761,POPC,584,185.26255798339844,203.0507354736328,90.91130065917969
6761,cut1,6761,POPC,585,3.113605260848999,199.82066345214844,93.1290054321289
6761,cut1,6761,POPC,586,125.84500122070312,19.5942440032959,89.18025207519531
6761,cut1,6761,POPC,587,25.131519317626953,200.9709014892578,93.21739959716797
6761,cut1,6761,POPC,588,70.01610565185547,162.3486328125,85.55939483642578
6761,cut1,6761,POPC,589,22.7451171875,75.85574340820312,47.23225784301758
6761,cut1,6761,POPC,590,102.29713439941406,206.26869201660156,82.21027374267578
6761,cut1,6761,POPC,591,72.80425262451172,215.00514221191406,91.86225891113281
6761,cut1,6761,POPC,592,19.130218505859375,214.53460693359375,91.42449188232422
6761,cut1,6761,POPC,593,131.44357299804688,191.36483764648438,78.61836242675781
6761,cut1,6761,POPC,594,127.34666442871094,153.7066650390625,78.21637725830078
6761,cut1,6761,POPC,595,168.15751647949222,26.9433536529541,90.1069107055664
6761,cut1,6761,POPC,596,102.01720428466797,1.127916932106018,92.60575866699217
6761,cut1,6761,POPC,597,50.40120315551758,203.4892578125,90.99498748779297
6761,cut1,6761,POPC,598,24.673721313476562,161.4183807373047,79.4844741821289
6761,cut1,6761,POPC,599,144.5064239501953,58.60354995727539,87.93134307861328
6761,cut1,6761,POPC,600,86.02578735351562,49.1322135925293,87.87333679199219
6761,cut1,6761,POPC,601,81.97151184082031,74.22147369384766,82.2407455444336
6761,cut1,6761,POPC,602,106.3065414428711,206.37762451171875,86.09153747558594
6761,cut1,6761,POPC,603,81.76567077636719,6.0684685707092285,93.24346923828126
6761,cut1,6761,POPC,604,71.23094177246094,196.07383728027344,86.71678924560547
6761,cut1,6761,POPC,605,5.2881011962890625,29.20780372619629,87.33309936523438
6761,cut1,6761,POPC,606,43.06844711303711,131.3199462890625,73.34883880615234
6761,cut1,6761,POPC,607,84.56085968017578,137.24850463867188,76.07169342041016
6761,cut1,6761,POPC,608,27.037723541259766,184.48687744140625,90.65321350097656
6761,cut1,6761,POPC,609,100.27243041992188,13.610075950622559,93.7477035522461
6761,cut1,6761,POPC,610,79.10750579833984,247.84548950195312,52.59906768798828
6761,cut1,6761,POPC,611,93.26194763183594,72.77527618408203,79.0722427368164
6761,cut1,6761,POPC,612,12.115314483642578,28.985925674438477,89.48483276367188
6761,cut1,6761,POPC,613,63.95481491088867,215.82388305664062,92.7738265991211
6761,cut1,6761,POPC,614,183.3818359375,228.5002899169922,92.97627258300781
6761,cut1,6761,POPC,615,155.86814880371094,168.10414123535156,87.4346389770508
6761,cut1,6761,POPC,616,53.85476303100586,130.40399169921875,71.47509765624999
6761,cut1,6761,POPC,617,34.858158111572266,84.58086395263672,87.9404525756836
6761,cut1,6761,POPC,618,106.21173858642578,227.83302307128906,100.61930084228516
6761,cut1,6761,POPC,619,12.460777282714844,50.9322395324707,88.35807037353516
6761,cut1,6761,POPC,620,47.22390365600586,187.8084259033203,85.72423553466797
6761,cut1,6761,POPC,621,101.33949279785156,63.16950607299805,82.37057495117188
6761,cut1,6761,POPC,622,121.67869567871094,126.56098937988281,82.97644805908203
6761,cut1,6761,POPC,623,112.19666290283203,142.3532257080078,82.61016845703125
6761,cut1,6761,POPC,624,123.95968627929688,109.29155731201172,37.41586685180665
6761,cut1,6761,POPC,625,91.9122543334961,32.4083137512207,52.704978942871094
6761,cut1,6761,POPC,626,84.75247955322266,184.46510314941406,46.01937484741211
6761,cut1,6761,POPC,627,163.7123260498047,145.064453125,53.55938720703124
6761,cut1,6761,POPC,628,21.286758422851562,35.913143157958984,47.918453216552734
6761,cut1,6761,POPC,629,163.24269104003906,74.91558074951172,43.944583892822266
6761,cut1,6761,POPC,630,121.2446517944336,25.110876083374023,54.02519226074219
6761,cut1,6761,POPC,631,154.9066925048828,195.2848358154297,43.79789352416992
6761,cut1,6761,POPC,632,116.55636596679688,181.68780517578125,38.333770751953125
6761,cut1,6761,POPC,633,136.84320068359375,5.782419681549072,56.313228607177734
6761,cut1,6761,POPC,634,148.31790161132812,34.7130012512207,49.041595458984375
6761,cut1,6761,POPC,635,185.02134704589844,17.589033126831055,54.3784065246582
6761,cut1,6761,POPC,636,184.85702514648438,36.811954498291016,47.484066009521484
6761,cut1,6761,POPC,637,36.998958587646484,213.10523986816406,52.846832275390625
6761,cut1,6761,POPC,638,127.57615661621094,9.506793022155763,52.5916633605957
6761,cut1,6761,POPC,639,30.09719467163086,246.64189147949216,54.592041015625
6761,cut1,6761,POPC,640,23.30120849609375,209.23733520507812,55.2723274230957
6761,cut1,6761,POPC,641,81.406494140625,11.042498588562012,53.216331481933594
6761,cut1,6761,POPC,642,49.00310897827149,247.9840850830078,49.7081413269043
6761,cut1,6761,POPC,643,76.3824234008789,69.7854995727539,41.55753707885742
6761,cut1,6761,POPC,644,37.91562271118164,99.8906021118164,48.1091194152832
6761,cut1,6761,POPC,645,113.3728713989258,234.5236358642578,60.78365707397461
6761,cut1,6761,POPC,646,181.66421508789062,193.90115356445312,53.57965850830078
6761,cut1,6761,POPC,647,170.07354736328125,77.74486541748047,48.43896102905274
6761,cut1,6761,POPC,648,168.15280151367188,162.9890899658203,49.304019927978516
6761,cut1,6761,POPC,649,55.65327072143555,236.38973999023438,50.96188735961914
6761,cut1,6761,POPC,650,192.3446807861328,191.4571075439453,55.22527313232422
6761,cut1,6761,POPC,651,160.78277587890625,199.05160522460938,43.77983856201172
6761,cut1,6761,POPC,652,181.83477783203125,220.16685485839844,46.69856643676758
6761,cut1,6761,POPC,653,59.64704513549805,223.9336700439453,51.93318176269531
6761,cut1,6761,POPC,654,45.2396125793457,252.07220458984375,50.52156448364258
6761,cut1,6761,POPC,655,43.15571212768555,17.3853702545166,52.80995178222656
6761,cut1,6761,POPC,656,47.293216705322266,170.3358154296875,43.6453971862793
6761,cut1,6761,POPC,657,93.09019470214844,133.87950134277344,49.142208099365234
6761,cut1,6761,POPC,658,25.797176361083984,115.81803894042969,48.99046325683594
6761,cut1,6761,POPC,659,33.464778900146484,66.95632934570312,49.983829498291016
6761,cut1,6761,POPC,660,116.56805419921875,3.023165464401245,59.626399993896484
6761,cut1,6761,POPC,661,184.85154724121094,154.7274627685547,53.13903045654297
6761,cut1,6761,POPC,662,189.05384826660156,166.1446075439453,53.85154342651367
6761,cut1,6761,POPC,663,29.07686996459961,199.6507110595703,56.47792434692383
6761,cut1,6761,POPC,664,3.939857244491577,27.64300727844238,54.03617477416993
6761,cut1,6761,POPC,665,170.11447143554688,171.20147705078125,49.55986785888672
6761,cut1,6761,POPC,666,27.460384368896484,249.39048767089844,59.54694747924805
6761,cut1,6761,POPC,667,97.2568588256836,1.3944765329360962,55.456233978271484
6761,cut1,6761,POPC,668,167.62356567382812,47.876834869384766,48.2367057800293
6761,cut1,6761,POPC,669,5.131095886230469,238.9282684326172,52.90436553955078
6761,cut1,6761,POPC,670,59.13131332397461,162.64422607421875,48.44575881958008
6761,cut1,6761,POPC,671,93.33200073242188,229.3477783203125,53.75578308105469
6761,cut1,6761,POPC,672,167.7888641357422,125.00881958007812,47.95677947998047
6761,cut1,6761,POPC,673,34.221744537353516,28.776681900024414,51.179893493652344
6761,cut1,6761,POPC,674,72.36700439453125,21.725732803344727,47.926910400390625
6761,cut1,6761,POPC,675,167.62411499023438,182.71975708007812,47.006675720214844
6761,cut1,6761,POPC,676,181.45608520507812,54.49056625366211,48.201412200927734
6761,cut1,6761,POPC,677,107.73757934570312,81.04800415039062,47.08501052856445
6761,cut1,6761,POPC,678,50.59812545776367,41.11063003540039,47.68885803222656
6761,cut1,6761,POPC,679,111.26270294189453,141.24850463867188,40.65926742553711
6761,cut1,6761,POPC,680,41.71967697143555,68.8193359375,48.69362258911133
6761,cut1,6761,POPC,681,96.30816650390625,208.8857421875,51.58289718627929
6761,cut1,6761,POPC,682,21.535930633544922,218.81405639648438,51.061920166015625
6761,cut1,6761,POPC,683,75.1273422241211,46.71113967895508,44.73369216918945
6761,cut1,6761,POPC,684,27.71017074584961,49.36491012573242,46.60337829589844
6761,cut1,6761,POPC,685,18.381263732910156,29.654367446899414,52.579044342041016
6761,cut1,6761,POPC,686,165.29788208007812,8.863001823425293,55.76039123535156
6761,cut1,6761,POPC,687,77.58574676513672,185.36199951171872,40.23297882080078
6761,cut1,6761,POPC,688,107.7676773071289,147.44342041015625,42.65935134887695
6761,cut1,6761,POPC,689,64.7669906616211,221.8815460205078,49.41691589355469
6761,cut1,6761,POPC,690,57.83310317993164,68.31302642822266,49.061336517333984
6761,cut1,6761,POPC,691,-0.09813331067562103,164.9953155517578,55.42906188964844
6761,cut1,6761,POPC,692,117.82453155517578,240.62704467773438,59.55971908569336
6761,cut1,6761,POPC,693,110.0748291015625,24.271760940551758,59.3207893371582
6761,cut1,6761,POPC,694,192.32803344726562,77.5617904663086,50.18925476074219
6761,cut1,6761,POPC,695,136.79507446289062,12.258566856384277,51.60102081298828
6761,cut1,6761,POPC,696,149.08795166015625,190.35610961914062,50.71429443359375
6761,cut1,6761,POPC,697,16.816387176513672,82.99178314208984,46.91517639160156
6761,cut1,6761,POPC,698,56.987895965576165,59.39409255981445,50.307254791259766
6761,cut1,6761,POPC,699,4.0588226318359375,53.274600982666016,44.55131149291992
6761,cut1,6761,POPC,700,46.6546516418457,237.44384765625,49.669586181640625
6761,cut1,6761,POPC,701,171.86257934570312,12.644896507263184,55.60596466064453
6761,cut1,6761,POPC,702,85.0660171508789,206.723388671875,46.10621643066406
6761,cut1,6761,POPC,703,66.36770629882812,22.026418685913086,49.87990951538086
6761,cut1,6761,POPC,704,14.042182922363281,189.64614868164062,95.44060516357422
6761,cut1,6761,POPC,705,56.919185638427734,74.99620056152344,48.48594665527344
6761,cut1,6761,POPC,706,152.2432403564453,24.467580795288086,54.76885986328125
6761,cut1,6761,POPC,707,33.564579010009766,59.19999313354492,50.11954116821289
6761,cut1,6761,POPC,708,77.4589614868164,82.31498718261719,49.097251892089844
6761,cut1,6761,POPC,709,170.58436584472656,39.1549186706543,47.311126708984375
6761,cut1,6761,POPC,710,177.2820739746094,58.09305953979492,51.29364776611328
6761,cut1,6761,POPC,711,38.13581466674805,55.1474494934082,49.63702392578125
6761,cut1,6761,POPC,712,42.99272537231445,60.38443374633789,51.07270050048828
6761,cut1,6761,POPC,713,0.30673956871032715,198.53895568847656,51.473819732666016
6761,cut1,6761,POPC,714,18.52588653564453,199.8832244873047,55.622291564941406
6761,cut1,6761,POPC,715,73.9402084350586,10.0791540145874,52.589332580566406
6761,cut1,6761,POPC,716,35.72128677368163,181.21945190429688,46.416385650634766
6761,cut1,6761,POPC,717,98.57196044921875,94.37384033203125,39.166656494140625
6761,cut1,6761,POPC,718,9.853004455566406,206.94873046875,52.458980560302734
6761,cut1,6761,POPC,719,116.39901733398438,170.58396911621094,35.80048751831055
6761,cut1,6761,POPC,720,56.989017486572266,78.95921325683594,43.869659423828125
6761,cut1,6761,POPC,721,183.1786651611328,132.74424743652344,54.10444259643555
6761,cut1,6761,POPC,722,49.12162399291992,74.35124969482422,45.339351654052734
6761,cut1,6761,POPC,723,24.090492248535156,238.25144958496094,52.140777587890625
6761,cut1,6761,POPC,724,21.354663848876953,60.89639663696289,49.601016998291016
6761,cut1,6761,POPC,725,91.55409240722656,14.426718711853027,55.0738639831543
6761,cut1,6761,POPC,726,8.39739990234375,246.21644592285156,53.31142807006836
6761,cut1,6761,POPC,727,190.3401336669922,221.99900817871094,48.20396423339844
6761,cut1,6761,POPC,728,73.91139221191406,209.54409790039062,50.08363723754883
6761,cut1,6761,POPC,729,64.49901580810547,215.18936157226562,50.61212158203125
6761,cut1,6761,POPC,730,43.994258880615234,211.13401794433594,50.92495346069336
6761,cut1,6761,POPC,731,190.72837829589844,31.929338455200195,47.64739227294922
6761,cut1,6761,POPC,732,155.58969116210938,171.20835876464844,50.004520416259766
6761,cut1,6761,POPC,733,153.32611083984375,109.57230377197266,45.382232666015625
6761,cut1,6761,POPC,734,4.316417694091797,40.29470443725586,49.131595611572266
6761,cut1,6761,POPC,735,142.32199096679688,142.8880615234375,45.98479461669922
6761,cut1,6761,POPC,736,130.69229125976562,239.7862548828125,61.3964958190918
6761,cut1,6761,POPC,737,107.72756958007812,239.4849090576172,58.8407096862793
6761,cut1,6761,POPC,738,178.51852416992188,76.9526596069336,49.333179473876946
6761,cut1,6761,POPC,739,67.43241119384766,191.64979553222656,46.88692092895508
6761,cut1,6761,POPC,740,29.479694366455078,213.95822143554688,53.599124908447266
6761,cut1,6761,POPC,741,104.83174896240234,72.69768524169922,44.790042877197266
6761,cut1,6761,POPC,742,191.8430938720703,238.9929656982422,55.013023376464844
6761,cut1,6761,POPC,743,73.0761947631836,88.81853485107422,48.90489959716797
6761,cut1,6761,POPC,744,71.42056274414062,239.40216064453125,52.77603530883789
6761,cut1,6761,POPC,745,159.9353790283203,39.748775482177734,49.08125686645508
6761,cut1,6761,POPC,746,20.123397827148438,96.12480163574219,47.159263610839844
6761,cut1,6761,POPC,747,58.62533187866211,230.31564331054688,51.06963348388672
6761,cut1,6761,POPC,748,155.88970947265625,180.1035614013672,47.56497573852539
6761,cut1,6761,POPC,749,100.64786529541016,224.0442352294922,54.90765380859375
6761,cut1,6761,POPC,750,63.05376052856445,146.69221496582028,38.720787048339844
6761,cut1,6761,POPC,751,9.591941833496094,101.4439697265625,46.80378341674805
6761,cut1,6761,POPC,752,174.4269256591797,119.91582489013672,47.00804901123047
6761,cut1,6761,POPC,753,2.164100408554077,103.04984283447266,46.53691101074219
6761,cut1,6761,POPC,754,188.36676025390625,152.06056213378906,58.678218841552734
6761,cut1,6761,POPC,755,63.22707748413086,250.56231689453125,51.50437545776367
6761,cut1,6761,POPC,756,79.82874298095703,180.17431640625,42.82529830932617
6761,cut1,6761,POPC,757,64.88127899169922,201.3626251220703,48.76919174194336
6761,cut1,6761,POPC,758,20.258525848388672,243.22987365722656,54.88985061645508
6761,cut1,6761,POPC,759,189.99148559570312,21.09556007385254,54.42478942871094
6761,cut1,6761,POPC,760,172.7257080078125,93.52468872070312,48.702335357666016
6761,cut1,6761,POPC,761,137.478759765625,178.7318115234375,40.88234329223633
6761,cut1,6761,POPC,762,45.06795120239258,40.97755813598633,50.41609191894531
6761,cut1,6761,POPC,763,49.422122955322266,57.12763595581055,49.24559020996094
6761,cut1,6761,POPC,764,135.52223205566406,240.13507080078125,58.46927261352539
6761,cut1,6761,POPC,765,12.086368560791016,201.70864868164062,55.60859298706055
6761,cut1,6761,POPC,766,141.75990295410156,27.47551155090332,50.442020416259766
6761,cut1,6761,POPC,767,-0.18685172498226166,82.62879180908203,50.41791915893555
6761,cut1,6761,POPC,768,100.11433410644531,34.44394302368164,53.51470184326172
6761,cut1,6761,POPC,769,164.29115295410156,169.43380737304688,48.85120391845703
6761,cut1,6761,POPC,770,36.35757064819336,199.88702392578125,54.64934158325195
6761,cut1,6761,POPC,771,115.19701385498047,23.709672927856445,53.6346778869629
6761,cut1,6761,POPC,772,161.02516174316406,241.6230621337891,54.961673736572266
6761,cut1,6761,POPC,773,154.50042724609375,135.57351684570312,49.19944381713867
6761,cut1,6761,POPC,774,33.70705795288086,174.57801818847656,46.31017303466797
6761,cut1,6761,POPC,775,81.98455047607422,35.65542984008789,46.37211227416992
6761,cut1,6761,POPC,776,7.080528259277344,117.46261596679688,45.94728088378906
6761,cut1,6761,POPC,777,56.454044342041016,216.6457977294922,53.697452545166016
6761,cut1,6761,POPC,778,106.3088150024414,253.53028869628906,53.66281509399414
6761,cut1,6761,POPC,779,182.1735382080078,71.1762924194336,51.498695373535156
6761,cut1,6761,POPC,780,14.631271362304688,239.46978759765625,55.54173278808594
6761,cut1,6761,POPC,781,57.87033462524414,31.888307571411133,48.892086029052734
6761,cut1,6761,POPC,782,85.76946258544922,68.01705932617188,45.945274353027344
6761,cut1,6761,POPC,783,62.20661544799805,63.01765060424805,48.69577407836914
6761,cut1,6761,POPC,784,66.14468383789062,70.34458923339844,45.06421661376953
6761,cut1,6761,POPC,785,65.98435974121094,83.23463439941406,41.348442077636726
6761,cut1,6761,POPC,786,76.73857879638672,33.55220413208007,48.26814270019531
6761,cut1,6761,POPC,787,28.33645248413086,61.7149772644043,47.795860290527344
6761,cut1,6761,POPC,788,104.49615478515625,23.55708122253418,54.991844177246094
6761,cut1,6761,POPC,789,2.5808980464935303,15.862227439880371,57.8654899597168
6761,cut1,6761,POPC,790,161.66012573242188,91.478271484375,44.21701431274414
6761,cut1,6761,POPC,791,27.655475616455078,86.97227478027344,48.110416412353516
6761,cut1,6761,POPC,792,171.78585815429688,178.53550720214844,48.31349182128906
6761,cut1,6761,POPC,793,152.44229125976562,11.501601219177246,56.33890151977539
6761,cut1,6761,POPC,794,36.020626068115234,38.31917190551758,53.537445068359375
6761,cut1,6761,POPC,795,128.55392456054688,161.73297119140625,40.406429290771484
6761,cut1,6761,POPC,796,171.5187225341797,85.92855072021484,50.99152755737305
6761,cut1,6761,POPC,797,31.57314682006836,15.656340599060059,53.459503173828125
6761,cut1,6761,POPC,798,161.54978942871094,15.499743461608887,56.29729080200195
6761,cut1,6761,POPC,799,105.40447235107422,31.1158390045166,57.521976470947266
6761,cut1,6761,POPC,800,37.3446159362793,48.64607620239258,48.71171951293945
6761,cut1,6761,POPC,801,35.69491958618164,224.98597717285156,52.42567443847656
6761,cut1,6761,POPC,802,149.59320068359375,95.2574462890625,45.256229400634766
6761,cut1,6761,POPC,803,116.41913604736328,228.55703735351562,54.82563018798828
6761,cut1,6761,POPC,804,111.32658386230469,228.45176696777344,60.020687103271484
6761,cut1,6761,POPC,805,165.3665771484375,109.86018371582031,48.548301696777344
6761,cut1,6761,POPC,806,31.65250015258789,160.16891479492188,42.10647964477539
6761,cut1,6761,POPC,807,189.7635955810547,252.28204345703125,55.388858795166016
6761,cut1,6761,POPC,808,59.17550277709961,44.13106918334961,48.266849517822266
6761,cut1,6761,POPC,809,84.85173797607422,111.95954132080078,42.57366180419922
6761,cut1,6761,POPC,810,27.61581039428711,136.205322265625,41.888187408447266
6761,cut1,6761,POPC,811,159.9237823486328,174.3592529296875,46.34724426269531
6761,cut1,6761,POPC,812,27.775638580322266,171.64010620117188,49.36654281616211
6761,cut1,6761,POPC,813,64.21263885498047,243.8312225341797,53.089447021484375
6761,cut1,6761,POPC,814,93.63213348388672,137.34066772460938,79.51448822021484
6761,cut1,6761,POPC,815,37.965518951416016,4.4815239906311035,55.74593734741211
6761,cut1,6761,POPC,816,192.11351013183594,45.88558578491211,45.80596542358398
6761,cut1,6761,POPC,817,192.12181091308594,7.653791904449463,54.3407096862793
6761,cut1,6761,POPC,818,177.37538146972656,90.99312591552734,50.80614471435547
6761,cut1,6761,POPC,819,151.44351196289062,163.1493682861328,48.130828857421875
6761,cut1,6761,POPC,820,164.1360626220703,118.70184326171875,46.29353713989258
6761,cut1,6761,POPC,821,2.4174764156341553,133.34913635253906,55.973140716552734
6761,cut1,6761,POPC,822,65.3165512084961,163.0920867919922,45.78466796875
6761,cut1,6761,POPC,823,130.8430938720703,246.26019287109375,59.66987228393555
6761,cut1,6761,POPC,824,152.9926300048828,129.8087921142578,44.49903106689453
6761,cut1,6761,POPC,825,63.9814567565918,235.5811004638672,52.40962219238281
6761,cut1,6761,POPC,826,194.23312377929688,95.4037857055664,48.440643310546875
6761,cut1,6761,POPC,827,13.798324584960938,115.49771881103516,47.83445358276367
6761,cut1,6761,POPC,828,51.38032913208008,47.57540512084961,48.457698822021484
6761,cut1,6761,POPC,829,102.14408111572266,40.483821868896484,51.768348693847656
6761,cut1,6761,POPC,830,140.1761016845703,125.39019012451172,44.83952331542969
6761,cut1,6761,POPC,831,3.2413747310638428,229.52267456054688,52.16289520263672
6761,cut1,6761,POPC,832,8.120616912841797,218.83103942871094,53.26856231689453
6761,cut1,6761,POPC,833,140.6039276123047,19.07484245300293,52.95844650268555
6761,cut1,6761,POPC,834,49.98543930053711,212.16429138183594,53.70185852050781
6761,cut1,6761,POPC,835,152.99188232421875,241.1893768310547,56.734127044677734
6761,cut1,6761,POPC,836,75.9505386352539,228.66603088378906,53.1239356994629
6761,cut1,6761,POPC,837,7.55078125,69.87958526611328,44.98543930053711
6761,cut1,6761,POPC,838,95.64190673828125,19.656503677368164,52.67620849609375
6761,cut1,6761,POPC,839,143.28526306152344,42.98696517944336,50.318790435791016
6761,cut1,6761,POPC,840,152.99252319335938,28.78477668762207,48.94490432739258
6761,cut1,6761,POPC,841,182.92735290527344,76.90562438964844,53.8548469543457
6761,cut1,6761,POPC,842,70.39115142822266,214.2890625,47.9690055847168
6761,cut1,6761,POPC,843,50.48019790649414,21.738245010375977,49.20345687866211
6761,cut1,6761,POPC,844,41.791873931884766,221.8511505126953,52.374244689941406
6761,cut1,6761,POPC,845,180.18992614746094,189.00137329101562,52.19501876831055
6761,cut1,6761,POPC,846,30.101757049560547,22.75710105895996,52.298954010009766
6761,cut1,6761,POPC,847,106.86548614501953,107.4802017211914,35.14710235595703
6761,cut1,6761,POPC,848,177.3698272705078,34.14175796508789,48.99607849121094
6761,cut1,6761,POPC,849,19.337844848632812,46.456546783447266,46.56610870361328
6761,cut1,6761,POPC,850,92.1696548461914,214.83334350585938,53.39306640625
6761,cut1,6761,POPC,851,59.43647384643555,194.60252380371094,47.879032135009766
6761,cut1,6761,POPC,852,123.70027923583984,16.222848892211914,53.512489318847656
6761,cut1,6761,POPC,853,31.386096954345703,1.08181631565094,56.03955078125
6761,cut1,6761,POPC,854,146.94815063476562,1.8924280405044556,55.03822326660156
6761,cut1,6761,POPC,855,181.04946899414062,248.35546875,55.38943099975586
6761,cut1,6761,POPC,856,45.94431686401367,88.5359115600586,83.40404510498047
6761,cut1,6761,POPC,857,44.01028060913086,155.95223999023438,41.981868743896484
6761,cut1,6761,POPC,858,11.47623062133789,28.597742080688477,53.83500671386719
6761,cut1,6761,POPC,859,91.09487915039062,182.9090576171875,43.681785583496094
6761,cut1,6761,POPC,860,100.1108627319336,24.591772079467773,50.89939498901367
6761,cut1,6761,POPC,861,43.796321868896484,183.2484893798828,47.67563247680664
6761,cut1,6761,POPC,862,76.56987762451172,194.11996459960938,43.056045532226555
6761,cut1,6761,POPC,863,23.33017349243164,1.237303376197815,57.817378997802734
6761,cut1,6761,POPC,864,58.2862434387207,1.554258942604065,52.06023406982422
6761,cut1,6761,POPC,865,65.18756103515625,41.44816207885742,45.71553039550781
6761,cut1,6761,POPC,866,123.82093811035156,165.08543395996094,38.2588005065918
6761,cut1,6761,POPC,867,74.55369567871094,145.73068237304688,39.56991958618164
6761,cut1,6761,POPC,868,169.03271484375,58.54609298706055,47.52562713623047
6761,cut1,6761,POPC,869,94.4053726196289,100.6563720703125,39.661407470703125
6761,cut1,6761,POPC,870,80.28843688964844,224.34683227539062,53.819461822509766
6761,cut1,6761,POPC,871,118.15633392333984,246.7556610107422,62.06594467163086
6761,cut1,6761,POPC,872,95.53548431396484,205.71759033203125,45.801029205322266
6761,cut1,6761,POPC,873,45.138912200927734,23.690683364868164,49.84209442138672
6761,cut1,6761,POPC,874,157.51869201660156,50.676517486572266,51.414180755615234
6761,cut1,6761,POPC,875,0.2845418453216553,59.29313278198242,47.90187072753906
6761,cut1,6761,POPC,876,123.86409759521484,244.03623962402344,59.61104965209961
6761,cut1,6761,POPC,877,95.81641387939453,61.66585922241211,47.041866302490234
6761,cut1,6761,POPC,878,191.829345703125,186.906982421875,49.91741180419922
6761,cut1,6761,POPC,879,176.02818298339844,171.3309783935547,49.0899772644043
6761,cut1,6761,POPC,880,18.18796157836914,89.57572174072266,47.03028869628906
6761,cut1,6761,POPC,881,160.38140869140625,249.4390106201172,53.13103103637695
6761,cut1,6761,POPC,882,51.96841812133789,84.44337463378906,47.72628402709961
6761,cut1,6761,POPC,883,118.45539855957031,30.5163516998291,57.189048767089844
6761,cut1,6761,POPC,884,166.79452514648438,150.73629760742188,52.31847381591797
6761,cut1,6761,POPC,885,185.75025939941406,141.80792236328125,58.78752517700195
6761,cut1,6761,POPC,886,75.00513458251953,55.19034194946289,47.54511642456055
6761,cut1,6761,POPC,887,100.76200103759766,121.20950317382812,41.00128173828125
6761,cut1,6761,POPC,888,14.820751190185547,61.7345085144043,47.62569046020508
6761,cut1,6761,POPC,889,164.57447814941406,134.2843780517578,48.4836540222168
6761,cut1,6761,POPC,890,89.22138977050781,209.69207763671875,48.984413146972656
6761,cut1,6761,POPC,891,178.1851806640625,16.312253952026367,55.20174026489258
6761,cut1,6761,POPC,892,123.4554443359375,250.87860107421875,63.05508804321289
6761,cut1,6761,POPC,893,97.89692687988281,13.915701866149902,57.51346206665039
6761,cut1,6761,POPC,894,138.968505859375,248.3141632080078,57.650630950927734
6761,cut1,6761,POPC,895,172.9863739013672,52.53452682495117,51.23038864135742
6761,cut1,6761,POPC,896,167.55816650390625,187.74249267578125,49.86937713623047
6761,cut1,6761,POPC,897,71.17715454101562,28.02066993713379,49.11854553222656
6761,cut1,6761,POPC,898,26.03291702270508,9.885127067565918,57.0140495300293
6761,cut1,6761,POPC,899,110.02826690673828,5.252050876617432,59.010616302490234
6761,cut1,6761,POPC,900,180.0447998046875,112.5680923461914,49.58084487915039
6761,cut1,6761,POPC,901,88.80921936035156,24.497346878051758,49.011810302734375
6761,cut1,6761,POPC,902,106.23017883300781,101.271240234375,36.46820831298828
6761,cut1,6761,POPC,903,71.2823486328125,15.387362480163574,52.3189582824707
6761,cut1,6761,POPC,904,28.156147003173828,204.7557373046875,55.46142578125
6761,cut1,6761,POPC,905,14.368778228759766,22.611101150512695,52.426334381103516
6761,cut1,6761,POPC,906,168.08432006835938,32.37370681762695,51.74320602416992
6761,cut1,6761,POPC,907,16.45623779296875,193.044677734375,55.36408996582031
6761,cut1,6761,POPC,908,84.03607177734375,82.20336151123047,47.431514739990234
6761,cut1,6761,POPC,909,1.7015111446380615,125.93955993652344,49.51866912841796
6761,cut1,6761,POPC,910,77.36660766601562,202.22134399414062,49.83939743041992
6761,cut1,6761,POPC,911,97.1310043334961,147.75914001464844,46.51924133300781
6761,cut1,6761,POPC,912,55.878170013427734,175.36886596679688,48.74483108520508
6761,cut1,6761,POPC,913,151.63636779785156,54.243831634521484,52.44600296020508
6761,cut1,6761,POPC,914,129.6019287109375,2.637240171432495,57.6799201965332
6761,cut1,6761,POPC,915,175.34434509277344,107.78958892822266,48.71786117553711
6761,cut1,6761,POPC,916,165.39688110351562,193.57061767578125,53.381309509277344
6761,cut1,6761,POPC,917,188.50564575195312,196.8397216796875,52.74128341674805
6761,cut1,6761,POPC,918,159.731689453125,33.979251861572266,48.06171417236328
6761,cut1,6761,POPC,919,102.23307800292969,239.39694213867188,60.6534309387207
6761,cut1,6761,POPC,920,30.930461883544922,73.6751937866211,50.3788833618164
6761,cut1,6761,POPC,921,57.29863357543945,151.538818359375,38.742679595947266
6761,cut1,6761,POPC,922,0.7277028560638428,35.04629135131836,50.592124938964844
6761,cut1,6761,POPC,923,149.09225463867188,173.330322265625,46.50307083129883
6761,cut1,6761,POPC,924,78.33837127685547,40.997928619384766,47.85219955444336
6761,cut1,6761,POPC,925,15.253211975097656,37.97948837280274,45.87508010864258
6761,cut1,6761,POPC,926,85.12287902832031,240.11192321777344,56.07344436645508
6761,cut1,6761,POPC,927,44.1109504699707,50.6501350402832,49.212928771972656
6761,cut1,6761,POPC,928,147.25003051757812,17.5152530670166,53.23408889770508
6761,cut1,6761,POPC,929,54.927959442138665,17.034070968627926,49.76311492919922
6761,cut1,6761,POPC,930,94.45015716552734,26.29295539855957,51.36958312988281
6761,cut1,6761,POPC,931,147.07774353027344,245.1263427734375,56.81022262573242
6761,cut1,6761,POPC,932,62.53691482543945,169.33435058593753,49.443912506103516
6761,cut1,6761,POPC,933,96.84048461914062,73.1318130493164,45.225830078125
6761,cut1,6761,POPC,934,24.418521881103516,21.06266212463379,53.097225189208984
6761,cut1,6761,POPC,935,159.69187927246094,139.54600524902344,54.09595489501953
6761,cut1,6761,POPC,936,178.34703063964844,100.40692901611328,46.37971496582031
6761,cut1,6761,POPC,937,89.29462432861328,79.23402404785156,47.11890411376953
6761,cut1,6761,POPC,938,50.85062789916992,194.96109008789062,50.921085357666016
6761,cut1,6761,POPC,939,49.94755935668945,205.28167724609375,52.9278564453125
6761,cut1,6761,POPC,940,180.02064514160156,152.9772186279297,54.65675354003906
6761,cut1,6761,POPC,941,185.84165954589844,66.22502899169922,49.53654098510742
6761,cut1,6761,POPC,942,49.384700775146484,12.263354301452637,57.337947845458984
6761,cut1,6761,POPC,943,52.23069381713867,155.935302734375,42.790447235107415
6761,cut1,6761,POPC,944,36.90312576293945,250.7085723876953,51.119285583496094
6761,cut1,6761,POPC,945,177.6082000732422,25.620492935180664,49.99904251098633
6761,cut1,6761,POPC,946,158.5413055419922,104.2431640625,43.031272888183594
6761,cut1,6761,POPC,947,75.50977325439453,2.3424899578094482,52.13407135009766
6761,cut1,6761,POPC,948,10.538368225097656,233.34710693359375,53.28739547729492
6761,cut1,6761,POPC,949,73.96794891357422,95.7854995727539,44.77814483642578
6761,cut1,6761,POPC,950,189.23934936523438,181.188232421875,46.522159576416016
6761,cut1,6761,POPC,951,69.79544067382812,225.89329528808594,51.318214416503906
6761,cut1,6761,POPC,952,63.6306037902832,15.686274528503418,49.78196716308594
6761,cut1,6761,POPC,953,120.55292510986328,9.353899955749512,54.89777374267578
6761,cut1,6761,POPC,954,179.04806518554688,84.34249114990234,53.80781555175781
6761,cut1,6761,POPC,955,155.93954467773438,6.646002292633057,52.95941162109375
6761,cut1,6761,POPC,956,81.1948013305664,16.653768539428707,46.84619903564453
6761,cut1,6761,POPC,957,92.30542755126953,69.11395263671875,46.79436111450195
6761,cut1,6761,POPC,958,192.0283203125,206.4341278076172,45.61659240722656
6761,cut1,6761,POPC,959,87.97793579101562,137.18338012695312,44.748348236083984
6761,cut1,6761,POPC,960,30.356754302978516,5.668043613433838,60.20573806762695
6761,cut1,6761,POPC,961,192.2618408203125,39.14706802368164,46.88726043701172
6761,cut1,6761,POPC,962,138.8354034423828,35.9041862487793,50.95844650268555
6761,cut1,6761,POPC,963,18.06851577758789,231.40145874023438,52.49526596069336
6761,cut1,6761,POPC,964,189.195556640625,136.04672241210938,52.7258415222168
6761,cut1,6761,POPC,965,179.3148193359375,142.36944580078125,55.748226165771484
6761,cut1,6761,POPC,966,91.38204956054688,8.857893943786621,53.38642501831055
6761,cut1,6761,POPC,967,10.584156036376953,227.07203674316406,51.75421142578125
6761,cut1,6761,POPC,968,28.223628997802734,219.9346923828125,53.42500686645508
6761,cut1,6761,POPC,969,92.3173828125,91.86436462402344,40.18521499633789
6761,cut1,6761,POPC,970,55.51376724243164,133.23873901367188,36.990360260009766
6761,cut1,6761,POPC,971,38.54890060424805,85.13644409179688,46.26396179199219
6761,cut1,6761,POPC,972,44.64968490600585,8.136237144470215,53.048763275146484
6761,cut1,6761,POPC,973,10.236637115478516,63.26810073852539,44.07449722290039
6761,cut1,6761,POPC,974,129.1888885498047,18.845659255981445,51.10088348388672
6761,cut1,6761,POPC,975,91.84092712402344,220.8181610107422,55.24437713623047
6761,cut1,6761,POPC,976,79.62350463867188,142.94337463378906,44.14326095581055
6761,cut1,6761,POPC,977,173.93057250976562,133.92335510253906,57.130374908447266
6761,cut1,6761,POPC,978,97.64342498779297,234.77784729003906,58.48647689819336
6761,cut1,6761,POPC,979,9.5966796875,89.30288696289064,46.90388870239258
6761,cut1,6761,POPC,980,76.8289794921875,78.21878051757812,42.93598175048828
6761,cut1,6761,POPC,981,107.9393310546875,211.17933654785156,56.578285217285156
6761,cut1,6761,POPC,982,50.116519927978516,189.27102661132812,47.48229217529297
6761,cut1,6761,POPC,983,2.5076634883880615,-0.6366017460823059,56.24592208862305
6761,cut1,6761,POPC,984,3.948547124862671,111.68134307861328,49.09584426879883
6761,cut1,6761,POPC,985,32.840633392333984,230.14483642578122,51.44203567504883
6761,cut1,6761,POPC,986,183.2093505859375,227.31646728515625,52.551918029785156
6761,cut1,6761,POPC,987,172.46260070800778,68.46893310546875,48.60208511352539
6761,cut1,6761,POPC,988,99.7137451171875,56.15781784057617,46.430294036865234
6761,cut1,6761,POPC,989,30.869251251220703,184.32586669921875,52.451778411865234
6761,cut1,6761,POPC,990,93.58709716796875,111.75962829589844,39.623260498046875
6761,cut1,6761,POPC,991,187.25270080566406,52.01970291137695,45.854331970214844
6761,cut1,6761,POPC,992,66.63545227050781,59.36760330200195,49.39100646972656
6761,cut1,6761,POPC,993,146.6863250732422,147.48643493652344,49.38307189941406
6761,cut1,6761,POPC,994,31.130992889404297,235.72756958007812,50.84294509887695
6761,cut1,6761,POPC,995,98.31707000732422,124.64649963378906,47.736576080322266
6761,cut1,6761,POPC,996,155.56398010253906,71.58531188964844,44.19127655029297
6761,cut1,6761,POPC,997,175.20799255371094,186.28536987304688,51.59071350097656
6761,cut1,6761,POPC,998,61.19423294067383,54.09769821166992,49.74065017700195
6761,cut1,6761,POPC,999,44.438846588134766,80.3284912109375,45.45909881591797
6761,cut1,6761,POPC,1000,38.700862884521484,231.91790771484375,50.509761810302734
6761,cut1,6761,POPC,1001,5.931697845458984,191.3419647216797,52.492794036865234
6761,cut1,6761,POPC,1002,64.11043548583984,28.749147415161133,49.32140350341797
6761,cut1,6761,POPC,1003,40.022891998291016,175.62884521484375,46.7398567199707
6761,cut1,6761,POPC,1004,157.89173889160156,186.26524353027344,50.37515640258789
6761,cut1,6761,POPC,1005,79.04637908935547,6.9836907386779785,57.38712692260742
6761,cut1,6761,POPC,1006,37.97935104370117,151.59490966796875,42.890281677246094
6761,cut1,6761,POPC,1007,54.49753952026367,128.06423950195312,41.90015411376953
6761,cut1,6761,POPC,1008,156.46238708496094,96.81248474121094,43.89881896972656
6761,cut1,6761,POPC,1009,39.61130142211914,21.738210678100586,53.59834671020508
6761,cut1,6761,POPC,1010,124.09307861328125,103.23876953125,40.004878997802734
6761,cut1,6761,POPC,1011,152.08096313476562,144.47213745117188,53.377620697021484
6761,cut1,6761,POPC,1012,189.94406127929688,106.46969604492188,50.33877182006836
6761,cut1,6761,POPC,1013,143.6815185546875,11.508524894714355,54.97850799560547
6761,cut1,6761,POPC,1014,160.00433349609375,191.8648681640625,49.79508972167969
6761,cut1,6761,POPC,1015,167.44775390625,71.49980926513672,47.314945220947266
6761,cut1,6761,POPC,1016,156.7487335205078,17.550790786743164,54.11870574951172
6761,cut1,6761,POPC,1017,149.9974517822266,46.3737907409668,49.90538787841797
6761,cut1,6761,POPC,1018,10.540348052978516,110.03685760498047,49.4376106262207
6761,cut1,6761,POPC,1019,11.994110107421875,7.468077182769775,57.59525680541992
6761,cut1,6761,POPC,1020,165.46156311035156,42.570491790771484,50.158203125
6761,cut1,6761,POPC,1021,18.658794403076172,17.3437442779541,53.318241119384766
6761,cut1,6761,POPC,1022,1.1900784969329834,71.48783111572266,50.090675354003906
6761,cut1,6761,POPC,1023,166.21499633789062,24.625165939331055,50.073486328125
6761,cut1,6761,POPC,1024,84.49292755126953,92.25924682617188,50.969810485839844
6761,cut1,6761,POPC,1025,45.5810661315918,228.7322998046875,51.28947448730469
6761,cut1,6761,POPC,1026,59.20315933227539,10.938605308532715,52.586753845214844
6761,cut1,6761,POPC,1027,24.495315551757812,188.7484588623047,58.651676177978516
6761,cut1,6761,POPC,1028,85.20230102539062,4.884787082672119,54.971954345703125
6761,cut1,6761,POPC,1029,157.79405212402344,57.84854507446289,49.443084716796875
6761,cut1,6761,POPC,1030,179.40074157714844,2.865938901901245,53.704803466796875
6761,cut1,6761,POPC,1031,17.91063690185547,1.7041422128677368,56.19321823120117
6761,cut1,6761,POPC,1032,180.8488006591797,48.17585372924805,49.219791412353516
6761,cut1,6761,POPC,1033,195.89544677734375,245.23895263671875,56.375919342041016
6761,cut1,6761,POPC,1034,4.687198638916016,21.613100051879883,54.62026596069336
6761,cut1,6761,POPC,1035,162.9790802001953,157.94874572753906,50.83002471923828
6761,cut1,6761,POPC,1036,86.0777359008789,230.7669677734375,54.10029602050781
6761,cut1,6761,POPC,1037,19.098834991455078,103.46015167236328,46.19593048095703
6761,cut1,6761,POPC,1038,50.98005294799805,6.627501010894775,54.35908126831055
6761,cut1,6761,POPC,1039,161.3849334716797,113.60833740234375,46.36902618408203
6761,cut1,6761,POPC,1040,69.3824234008789,93.28190612792969,43.756099700927734
6761,cut1,6761,POPC,1041,76.25618743896484,166.01980590820312,44.73447036743164
6761,cut1,6761,POPC,1042,114.29784393310547,9.298480033874512,54.77519226074219
6761,cut1,6761,POPC,1043,171.3404541015625,192.32351684570312,54.144622802734375
6761,cut1,6761,POPC,1044,157.5856170654297,161.81196594238278,51.092262268066406
6761,cut1,6761,POPC,1045,188.93772888183594,117.16016387939453,50.10870361328125
6761,cut1,6761,POPC,1046,184.74534606933594,42.61796951293945,46.98421859741211
6761,cut1,6761,POPC,1047,162.36866760253906,125.2666015625,44.852142333984375
6761,cut1,6761,POPC,1048,158.1737823486328,86.80192565917969,45.87187957763672
6761,cut1,6761,POPC,1049,148.99732971191406,142.81666564941406,47.55799865722656
6761,cut1,6761,POPC,1050,44.058307647705085,190.9224395751953,51.711307525634766
6761,cut1,6761,POPC,1051,166.9113006591797,102.05216979980469,46.07577896118164
6761,cut1,6761,POPC,1052,196.22837829589844,209.27481079101562,50.229496002197266
6761,cut1,6761,POPC,1053,155.27867126464844,81.10970306396484,45.360687255859375
6761,cut1,6761,POPC,1054,30.327259063720703,81.6080093383789,50.95135498046875
6761,cut1,6761,POPC,1055,142.0438995361328,243.88816833496094,60.90368270874023
6761,cut1,6761,POPC,1056,19.786418914794922,70.48087310791016,44.88791275024414
6761,cut1,6761,POPC,1057,85.81555938720703,45.72561264038086,43.89265441894531
6761,cut1,6761,POPC,1058,186.65652465820312,246.2302703857422,55.67939376831055
6761,cut1,6761,POPC,1059,26.947879791259766,93.17431640625,46.10165786743164
6761,cut1,6761,POPC,1060,106.7041244506836,54.21226119995117,47.743194580078125
6761,cut1,6761,POPC,1061,101.59126281738281,104.67108154296875,36.40434265136719
6761,cut1,6761,POPC,1062,58.77298355102539,245.75083923339844,49.57453155517578
6761,cut1,6761,POPC,1063,120.58002471923828,152.47921752929688,44.86763000488281
6761,cut1,6761,POPC,1064,44.450557708740234,86.61029052734375,46.68193054199219
6761,cut1,6761,POPC,1065,15.356109619140623,219.91481018066406,51.688289642333984
6761,cut1,6761,POPC,1066,190.3358154296875,230.92276000976562,52.13267135620117
6761,cut1,6761,POPC,1067,195.3647918701172,218.4801483154297,52.03830337524414
6761,cut1,6761,POPC,1068,97.29966735839844,7.499674320220947,57.12449645996094
6761,cut1,6761,POPC,1069,148.77340698242188,183.6538848876953,49.617828369140625
6761,cut1,6761,POPC,1070,27.51510238647461,40.36392593383789,49.51677703857422
6761,cut1,6761,POPC,1071,56.34397506713867,201.11148071289062,53.664974212646484
6761,cut1,6761,POPC,1072,171.91256713867188,144.53948974609375,55.05801010131836
6761,cut1,6761,POPC,1073,88.92491149902344,39.9785041809082,47.93914031982422
6761,cut1,6761,POPC,1074,69.1427993774414,197.05699157714844,49.68241500854492
6761,cut1,6761,POPC,1075,92.3216323852539,246.17361450195312,54.37370300292969
6761,cut1,6761,POPC,1076,153.9066162109375,40.55160903930664,49.297767639160156
6761,cut1,6761,POPC,1077,126.79376220703125,236.46438598632812,57.50211715698242
6761,cut1,6761,POPC,1078,187.37405395507815,94.92132568359375,47.99834060668945
6761,cut1,6761,POPC,1079,183.99313354492188,161.03787231445312,49.933738708496094
6761,cut1,6761,POPC,1080,184.80831909179688,241.11422729492188,53.68766403198242
6761,cut1,6761,POPC,1081,12.93545913696289,77.39817047119142,47.409019470214844
6761,cut1,6761,POPC,1082,20.053604125976562,204.65753173828125,52.62614822387695
6761,cut1,6761,POPC,1083,177.4070281982422,43.74003219604492,45.57857131958008
6761,cut1,6761,POPC,1084,169.3102569580078,19.595552444458008,54.082786560058594
6761,cut1,6761,POPC,1085,111.24261474609375,183.99398803710938,42.171627044677734
6761,cut1,6761,POPC,1086,189.54212951660156,90.89324951171875,53.18482208251953
6761,cut1,6761,POPC,1087,39.87594223022461,93.7288589477539,46.48859786987305
6761,cut1,6761,POPC,1088,39.68532943725586,10.223170280456543,57.7850227355957
6761,cut1,6761,POPC,1089,139.02737426757812,160.45159912109375,43.57229232788086
6761,cut1,6761,POPC,1090,185.13894653320312,60.49332046508789,47.25445556640625
6761,cut1,6761,POPC,1091,98.7384033203125,217.4366455078125,53.40033721923828
6761,cut1,6761,POPC,1092,166.81517028808594,200.08444213867188,41.01059341430664
6761,cut1,6761,POPC,1093,25.477970123291016,194.41348266601562,56.059326171875
6761,cut1,6761,POPC,1094,23.67654800415039,68.20082092285156,49.369140625
6761,cut1,6761,POPC,1095,71.68317413330078,62.644168853759766,45.23176193237305
6761,cut1,6761,POPC,1096,69.24620819091797,2.212580442428589,50.890804290771484
6761,cut1,6761,POPC,1097,172.91416931152344,5.455507755279541,53.99419021606445
6761,cut1,6761,POPC,1098,68.14793395996094,74.58059692382812,42.62608337402344
6761,cut1,6761,POPC,1099,133.91348266601562,26.32979393005371,48.128570556640625
6761,cut1,6761,POPC,1100,177.71688842773438,243.25621032714844,52.50752639770508
6761,cut1,6761,POPC,1101,186.46864318847656,84.78712463378906,51.4360237121582
6761,cut1,6761,POPC,1102,119.65095520019531,174.72718811035156,39.290008544921875
6761,cut1,6761,POPC,1103,7.587516784667969,80.14830780029297,47.93052291870117
6761,cut1,6761,POPC,1104,145.73521423339844,136.7707061767578,46.14591598510742
6761,cut1,6761,POPC,1105,105.60807037353516,231.75074768066406,58.65690994262695
6761,cut1,6761,POPC,1106,55.87419509887695,183.19175720214844,46.107933044433594
6761,cut1,6761,POPC,1107,34.190914154052734,95.19981384277344,51.18809127807617
6761,cut1,6761,POPC,1108,108.78317260742188,219.34524536132812,55.36375045776367
6761,cut1,6761,POPC,1109,78.03927612304688,26.529321670532227,44.16150665283203
6761,cut1,6761,POPC,1110,185.5675811767578,202.4680938720703,48.43035125732422
6761,cut1,6761,POPC,1111,70.74410247802734,204.11532592773438,51.94352340698242
6761,cut1,6761,POPC,1112,172.04762268066406,127.91284942626953,52.003883361816406
6761,cut1,6761,POPC,1113,26.74111557006836,226.06857299804688,52.47405242919922
6761,cut1,6761,POPC,1114,33.33577346801758,11.210177421569824,56.5250358581543
6761,cut1,6761,POPC,1115,175.90914916992188,122.25289154052734,52.78441619873047
6761,cut1,6761,POPC,1116,177.43162536621094,155.1423797607422,48.27627182006836
6761,cut1,6761,POPC,1117,58.49769973754883,100.76953887939453,45.111854553222656
6761,cut1,6761,POPC,1118,59.375789642333984,95.13196563720703,40.163578033447266
6761,cut1,6761,POPC,1119,191.33668518066406,169.988037109375,50.99514389038086
6761,cut1,6761,POPC,1120,92.9098129272461,240.19471740722656,55.41252899169922
6761,cut1,6761,POPC,1121,53.317264556884766,146.3846435546875,36.88385009765625
6761,cut1,6761,POPC,1122,122.54903411865234,157.01583862304688,41.5692253112793
6761,cut1,6761,POPC,1123,56.15359878540039,50.22233963012695,50.202640533447266
6761,cut1,6761,POPC,1124,66.69020080566406,34.7147102355957,45.6074104309082
6761,cut1,6761,POPC,1125,111.54315948486328,177.2845764160156,36.39525604248047
6761,cut1,6761,POPC,1126,104.01554107666016,3.4647891521453857,59.77816390991211
6761,cut1,6761,POPC,1127,69.04830932617188,48.59263229370117,46.796257019042976
6761,cut1,6761,POPC,1128,172.7248077392578,251.52015686035156,52.360965728759766
6761,cut1,6761,POPC,1129,6.1145782470703125,5.33535623550415,58.18319320678711
6761,cut1,6761,POPC,1130,60.79543685913086,206.3855438232422,50.00315856933594
6761,cut1,6761,POPC,1131,35.304256439208984,88.69258117675781,49.7132682800293
6761,cut1,6761,POPC,1132,133.2485809326172,147.68014526367188,47.26463317871094
6761,cut1,6761,POPC,1133,13.87506103515625,69.08963012695312,45.52503204345703
6761,cut1,6761,POPC,1134,182.15951538085938,118.94580078125,52.45787048339844
6761,cut1,6761,POPC,1135,78.35491943359375,233.2564239501953,54.03215789794922
6761,cut1,6761,POPC,1136,83.04785919189453,214.65411376953125,50.523311614990234
6761,cut1,6761,POPC,1137,32.30149459838867,102.39726257324219,52.035789489746094
6761,cut1,6761,POPC,1138,67.67355346679689,184.78126525878906,45.301570892333984
6761,cut1,6761,POPC,1139,95.42073822021484,139.73059082031247,49.067832946777344
6761,cut1,6761,POPC,1140,6.341381072998047,95.84862518310547,45.63748550415039
6761,cut1,6761,POPC,1141,86.75567626953125,60.9730339050293,46.795440673828125
6761,cut1,6761,POPC,1142,186.39503479003906,124.48991394042969,53.77881622314453
6761,cut1,6761,POPC,1143,128.13284301757812,30.674989700317383,52.39409637451172
6761,cut1,6761,SAPI,1144,97.47967529296875,45.189815521240234,49.24993133544922
6761,cut1,6761,SAPI,1145,69.36927795410156,154.66775512695312,40.433815002441406
6761,cut1,6761,SAPI,1146,107.31130981445312,15.367411613464355,56.31707000732422
6761,cut1,6761,SAPI,1147,50.185787200927734,28.389429092407227,49.65534591674805
6761,cut1,6761,SAPI,1148,40.438655853271484,166.48304748535156,44.418338775634766
6761,cut1,6761,SAPI,1149,61.111141204833984,188.4865264892578,44.72298812866211
6761,cut1,6761,SAPI,1150,114.42315673828125,162.19650268554688,34.091800689697266
6761,cut1,6761,SAPI,1151,28.639667510986328,178.59939575195312,51.644893646240234
6761,cut1,6761,SAPI,1152,106.55880737304688,205.5450439453125,52.51169967651367
6761,cut1,6761,SAPI,1153,101.91777038574219,80.91136169433594,43.80592346191406
6761,cut1,6761,SAPI,1154,129.9151153564453,37.35177993774414,51.794124603271484
6761,cut1,6761,SAPI,1155,130.08883666992188,151.5694580078125,45.649845123291016
6761,cut1,6761,SAPI,1156,112.26458740234375,248.81163024902344,59.81953811645508
6761,cut1,6761,SAPI,1157,151.45346069335938,62.644954681396484,45.25708770751953
6761,cut1,6761,SAPI,1158,27.994503021240234,98.5538558959961,47.803123474121094
6761,cut1,6761,SAPI,1159,161.06532287597656,211.5430145263672,38.55598831176758
6761,cut1,6761,SAPI,1160,65.98896789550781,102.31039428710938,34.4008903503418
6761,cut1,6761,SAPI,1161,2.647033452987671,148.57504272460938,58.66476058959961
6761,cut1,6761,SAPI,1162,133.41561889648438,136.50784301757812,44.626609802246094
6761,cut1,6761,SAPI,1163,151.0420684814453,87.4097671508789,51.49498748779297
6761,cut1,6761,SAPI,1164,135.8570098876953,130.19505310058594,41.255741119384766
6761,cut1,6761,SAPI,1165,147.7698974609375,104.4645767211914,43.911617279052734
6761,cut1,6761,SAPI,1166,195.3376007080078,178.00198364257812,51.01517868041992
6761,cut1,6761,SAPI,1167,185.82945251464844,177.21029663085938,49.76996231079101
6761,cut1,6761,SAPI,1168,175.3106689453125,234.4502716064453,56.77223205566406
6761,cut1,6761,SAPI,1169,145.7532196044922,58.394351959228516,49.09079742431641
6761,cut1,6761,SAPI,1170,99.77046966552734,200.61993408203125,46.74092483520508
6761,cut1,6761,SAPI,1171,128.26365661621094,225.101318359375,55.310787200927734
6761,cut1,6761,SAPI,1172,109.13627624511719,170.43545532226562,33.762386322021484
6761,cut1,6761,SAPI,1173,40.02042770385742,244.1094970703125,52.070350646972656
6761,cut1,6761,SAPI,1174,80.55736541748047,94.1346435546875,46.215576171875
6761,cut1,6761,SAPI,1175,118.3802490234375,217.173095703125,53.28886413574219
6761,cut1,6761,SAPI,1176,169.66543579101562,239.5762939453125,53.84795379638672
6761,cut1,6761,SAPI,1177,180.5779266357422,213.82374572753906,45.255615234375
6761,cut1,6761,SAPI,1178,71.80976867675781,169.45706176757812,41.18647003173828
6761,cut1,6761,SAPI,1179,145.01077270507812,234.33187866210938,53.2287483215332
6761,cut1,6761,SAPI,1180,143.79806518554688,153.26861572265625,45.229854583740234
6761,cut1,6761,SAPI,1181,60.06972122192383,138.69134521484375,36.88738250732422
