,System,Frame,Resname,Resnum,X,Y,Z
1175,cut1,1175,POPC,0,130.02061462402344,210.59912109375,85.84794616699219
1175,cut1,1175,POPC,1,22.089540481567383,159.85986328125,80.86042022705078
1175,cut1,1175,POPC,2,151.65963745117188,12.800885200500488,103.903564453125
1175,cut1,1175,POPC,3,107.6095199584961,163.58811950683594,81.24516296386719
1175,cut1,1175,POPC,4,149.87991333007812,193.07595825195312,92.56184387207031
1175,cut1,1175,POPC,5,114.7618637084961,178.10060119628906,77.57980346679688
1175,cut1,1175,POPC,6,147.4361572265625,153.42416381835938,86.10736846923828
1175,cut1,1175,POPC,7,32.31096649169922,230.87484741210938,96.56934356689453
1175,cut1,1175,POPC,8,10.563928604125977,38.724273681640625,98.07384490966797
1175,cut1,1175,POPC,9,161.33033752441406,161.35719299316406,90.890380859375
1175,cut1,1175,POPC,10,179.2939453125,196.52093505859375,91.7625732421875
1175,cut1,1175,POPC,11,78.73383331298828,213.2955322265625,97.93885040283203
1175,cut1,1175,POPC,12,49.38909912109375,59.560707092285156,100.23954010009766
1175,cut1,1175,POPC,13,104.4014892578125,150.4307861328125,76.98765563964844
1175,cut1,1175,POPC,14,102.79750061035156,177.4270782470703,75.92635345458984
1175,cut1,1175,POPC,15,39.03044891357422,133.8131866455078,76.06693267822266
1175,cut1,1175,POPC,16,86.74333953857422,124.75910186767578,80.63655853271484
1175,cut1,1175,POPC,17,89.0583724975586,19.45296287536621,100.02667999267578
1175,cut1,1175,POPC,18,112.03573608398438,252.64573669433594,106.13134765625
1175,cut1,1175,POPC,19,99.003173828125,230.31556701660156,103.57048797607422
1175,cut1,1175,POPC,20,135.34271240234375,9.662972450256348,99.65979766845703
1175,cut1,1175,POPC,21,116.92079162597656,106.99090576171875,81.3915023803711
1175,cut1,1175,POPC,22,32.584007263183594,16.68865394592285,102.09246063232422
1175,cut1,1175,POPC,23,97.84294128417969,241.6448211669922,102.12176513671875
1175,cut1,1175,POPC,24,42.249839782714844,11.693791389465332,102.20146179199219
1175,cut1,1175,POPC,25,74.8382797241211,199.8262176513672,90.55498504638672
1175,cut1,1175,POPC,26,179.66113281249997,220.68699645996094,100.25345611572266
1175,cut1,1175,POPC,27,34.19618225097656,170.6415252685547,84.98678588867188
1175,cut1,1175,POPC,28,27.453638076782227,218.0122833251953,96.24993133544922
1175,cut1,1175,POPC,29,62.35678482055664,21.2097225189209,97.81201171875
1175,cut1,1175,POPC,30,156.60780334472656,216.9580078125,89.61015319824219
1175,cut1,1175,POPC,31,149.3563995361328,222.08213806152344,84.65876007080078
1175,cut1,1175,POPC,32,43.805397033691406,200.81068420410156,86.87344360351562
1175,cut1,1175,POPC,33,76.0889892578125,78.54133605957031,87.9527359008789
1175,cut1,1175,POPC,34,173.4224090576172,95.0684814453125,96.01888275146484
1175,cut1,1175,POPC,35,109.5797119140625,10.94680118560791,103.72913360595703
1175,cut1,1175,POPC,36,151.06256103515625,-1.4650028944015503,104.19384002685547
1175,cut1,1175,POPC,37,124.24970245361328,182.08168029785156,83.26280975341797
1175,cut1,1175,POPC,38,76.75868225097656,90.34391784667969,84.74240112304688
1175,cut1,1175,POPC,39,53.59623336791992,-0.22515378892421722,96.03225708007812
1175,cut1,1175,POPC,40,88.26029205322266,110.60812377929688,87.50457763671875
1175,cut1,1175,POPC,41,118.32696533203125,53.92695617675781,90.78865051269531
1175,cut1,1175,POPC,42,4.715890407562256,94.98906707763672,94.47570037841797
1175,cut1,1175,POPC,43,115.66388702392578,69.46823120117188,87.0266647338867
1175,cut1,1175,POPC,44,38.789947509765625,45.87382507324219,104.6277084350586
1175,cut1,1175,POPC,45,33.94415283203125,102.45197296142578,91.11746215820312
1175,cut1,1175,POPC,46,57.34783172607422,25.196264266967773,98.01176452636719
1175,cut1,1175,POPC,47,47.46941375732422,64.98831176757812,92.27808380126953
1175,cut1,1175,POPC,48,88.26441192626953,72.99768829345703,87.49891662597656
1175,cut1,1175,POPC,49,117.2364044189453,73.54547882080078,80.78226470947266
1175,cut1,1175,POPC,50,1.2344375848770142,74.02520751953125,96.7412338256836
1175,cut1,1175,POPC,51,44.37664794921875,163.79129028320312,83.69320678710938
1175,cut1,1175,POPC,52,65.2537612915039,210.99058532714844,92.13789367675781
1175,cut1,1175,POPC,53,156.1466827392578,145.47921752929688,90.96537017822266
1175,cut1,1175,POPC,54,91.01996612548828,78.27881622314453,83.65666961669922
1175,cut1,1175,POPC,55,164.05047607421875,38.419864654541016,104.7264633178711
1175,cut1,1175,POPC,56,102.26870727539062,2.132556200027466,104.365234375
1175,cut1,1175,POPC,57,126.45140075683594,198.854248046875,84.06375122070312
1175,cut1,1175,POPC,58,183.2049865722656,78.99853515624999,92.80522918701172
1175,cut1,1175,POPC,59,82.0914306640625,64.32207489013672,91.37189483642578
1175,cut1,1175,POPC,60,27.14145851135254,207.63018798828125,96.16942596435547
1175,cut1,1175,POPC,61,83.71855926513672,181.0242462158203,86.14008331298828
1175,cut1,1175,POPC,62,112.5384521484375,172.65621948242188,80.75010681152344
1175,cut1,1175,POPC,63,26.54911994934082,1.708954930305481,98.47013854980469
1175,cut1,1175,POPC,64,182.59759521484375,55.96208953857422,91.86628723144531
1175,cut1,1175,POPC,65,153.1070556640625,6.393736839294434,103.8206787109375
1175,cut1,1175,POPC,66,92.720947265625,138.5913543701172,82.25337982177734
1175,cut1,1175,POPC,67,190.4600830078125,234.87393188476562,104.34698486328125
1175,cut1,1175,POPC,68,52.81682205200195,180.88958740234375,83.64154052734375
1175,cut1,1175,POPC,69,157.44090270996094,21.49904441833496,106.23680877685547
1175,cut1,1175,POPC,70,106.9620361328125,32.1072883605957,102.84631347656249
1175,cut1,1175,POPC,71,170.1175079345703,4.926169395446777,103.4807357788086
1175,cut1,1175,POPC,72,123.00186157226562,203.0227508544922,52.29009628295898
1175,cut1,1175,POPC,73,28.857484817504883,84.1010971069336,92.041259765625
1175,cut1,1175,POPC,74,185.69070434570312,160.7093048095703,94.37847900390625
1175,cut1,1175,POPC,75,50.54947280883789,146.96315002441406,75.48837280273438
1175,cut1,1175,POPC,76,118.80429077148438,157.31581115722656,79.4477767944336
1175,cut1,1175,POPC,77,15.197336196899414,192.04705810546878,93.7935791015625
1175,cut1,1175,POPC,78,162.76504516601565,123.07907104492188,93.842041015625
1175,cut1,1175,POPC,79,21.72654151916504,76.49331665039062,54.32529830932617
1175,cut1,1175,POPC,80,51.493614196777344,228.78543090820312,95.05774688720703
1175,cut1,1175,POPC,81,103.9269027709961,239.12353515625,97.00727081298828
1175,cut1,1175,POPC,82,57.5762825012207,92.16993713378906,86.0595932006836
1175,cut1,1175,POPC,83,32.54545593261719,43.35007858276367,104.6248779296875
1175,cut1,1175,POPC,84,59.19976043701172,16.565076828002926,100.30269622802734
1175,cut1,1175,POPC,85,77.14017486572266,178.56982421875,86.14884185791016
1175,cut1,1175,POPC,86,107.89920043945312,82.99410247802734,84.44281768798828
1175,cut1,1175,POPC,87,144.64794921875,28.455705642700195,100.9427490234375
1175,cut1,1175,POPC,88,97.50469970703125,54.97486877441406,96.26566314697267
1175,cut1,1175,POPC,89,29.98941993713379,94.46766662597656,90.12865447998047
1175,cut1,1175,POPC,90,153.0150909423828,119.21841430664062,91.8364486694336
1175,cut1,1175,POPC,91,129.8521270751953,31.80822944641113,100.48046875
1175,cut1,1175,POPC,92,35.34991455078125,74.96592712402344,94.46532440185545
1175,cut1,1175,POPC,93,117.79669952392578,200.98513793945312,82.33927917480469
1175,cut1,1175,POPC,94,189.00018310546875,44.233497619628906,94.14491271972656
1175,cut1,1175,POPC,95,123.24886322021484,175.7327880859375,82.7934341430664
1175,cut1,1175,POPC,96,179.755615234375,154.959716796875,98.12791442871094
1175,cut1,1175,POPC,97,95.48750305175781,120.7030258178711,43.09523391723633
1175,cut1,1175,POPC,98,106.59362030029297,62.17436218261719,89.36441040039062
1175,cut1,1175,POPC,99,179.93617248535156,47.5560073852539,95.51835632324219
1175,cut1,1175,POPC,100,43.562644958496094,131.04681396484375,73.88552856445312
1175,cut1,1175,POPC,101,46.40423583984375,73.20254516601562,93.81230926513672
1175,cut1,1175,POPC,102,53.15301513671875,187.4109344482422,83.32476043701172
1175,cut1,1175,POPC,103,173.03367614746094,200.70660400390625,97.31369018554688
1175,cut1,1175,POPC,104,5.150720119476318,222.11587524414062,98.65054321289062
1175,cut1,1175,POPC,105,20.58445930480957,246.51129150390625,100.48014068603516
1175,cut1,1175,POPC,106,38.87519073486328,70.08880615234375,94.52841186523438
1175,cut1,1175,POPC,107,22.22068977355957,116.12889862060547,90.4302749633789
1175,cut1,1175,POPC,108,178.593994140625,211.41903686523438,96.69780731201172
1175,cut1,1175,POPC,109,59.2859992980957,247.70565795898438,95.89859771728517
1175,cut1,1175,POPC,110,59.79890060424804,67.00382995605469,93.2706298828125
1175,cut1,1175,POPC,111,146.80894470214844,23.857717514038086,105.300048828125
1175,cut1,1175,POPC,112,159.83834838867188,43.48042297363281,100.4150390625
1175,cut1,1175,POPC,113,40.128509521484375,24.27484321594238,104.44487762451172
1175,cut1,1175,POPC,114,107.09616088867188,101.09569549560547,78.62418365478516
1175,cut1,1175,POPC,115,97.3684310913086,10.011357307434082,105.40684509277344
1175,cut1,1175,POPC,116,67.43380737304688,240.01254272460938,94.37017059326172
1175,cut1,1175,POPC,117,50.95697784423828,70.28551483154297,91.93043518066406
1175,cut1,1175,POPC,118,75.1986083984375,6.447272300720214,97.43707275390624
1175,cut1,1175,POPC,119,100.7857666015625,91.17850494384766,80.91477966308594
1175,cut1,1175,POPC,120,137.50115966796875,205.54165649414062,87.46695709228516
1175,cut1,1175,POPC,121,69.66598510742188,9.154629707336426,96.54558563232422
1175,cut1,1175,POPC,122,175.18666076660156,246.46322631835938,101.53721618652344
1175,cut1,1175,POPC,123,61.0546875,182.3856658935547,86.18206787109375
1175,cut1,1175,POPC,124,7.743569850921631,202.37110900878906,96.74891662597656
1175,cut1,1175,POPC,125,5.277673244476318,23.91900062561035,99.85498809814453
1175,cut1,1175,POPC,126,32.21910858154297,202.75437927246094,94.39855194091797
1175,cut1,1175,POPC,127,167.35231018066406,116.05298614501953,94.53045654296875
1175,cut1,1175,POPC,128,34.726905822753906,218.26206970214844,97.11610412597656
1175,cut1,1175,POPC,129,153.3265838623047,27.68136787414551,102.8495864868164
1175,cut1,1175,POPC,130,173.09445190429688,163.73977661132812,95.32441711425781
1175,cut1,1175,POPC,131,32.36805725097656,196.6505889892578,90.9079360961914
1175,cut1,1175,POPC,132,74.99945068359375,206.2051239013672,46.44027328491211
1175,cut1,1175,POPC,133,96.18881225585938,144.7009735107422,49.31881332397461
1175,cut1,1175,POPC,134,106.2275390625,38.07291030883789,100.94181823730469
1175,cut1,1175,POPC,135,180.52061462402344,140.11334228515625,93.36394500732422
1175,cut1,1175,POPC,136,171.68902587890625,86.86865234375,97.7496566772461
1175,cut1,1175,POPC,137,29.472192764282227,153.0312957763672,80.41905212402344
1175,cut1,1175,POPC,138,87.60015106201172,84.11215209960938,85.95319366455078
1175,cut1,1175,POPC,139,170.28414916992188,122.09546661376953,94.21102905273438
1175,cut1,1175,POPC,140,104.30046081542969,156.7534637451172,76.08638000488281
1175,cut1,1175,POPC,141,189.1937713623047,121.9592056274414,91.26578521728516
1175,cut1,1175,POPC,142,188.1876983642578,173.57022094726562,88.31122589111328
1175,cut1,1175,POPC,143,40.05931854248047,107.61288452148438,90.25503540039062
1175,cut1,1175,POPC,144,93.7606201171875,214.16453552246094,93.63270568847656
1175,cut1,1175,POPC,145,142.6246337890625,146.26776123046875,83.09642028808594
1175,cut1,1175,POPC,146,117.9956283569336,189.75680541992188,81.92666625976562
1175,cut1,1175,POPC,147,40.313568115234375,221.87469482421875,95.20105743408203
1175,cut1,1175,POPC,148,151.76901245117188,112.51283264160156,92.44244384765625
1175,cut1,1175,POPC,149,2.2258546352386475,28.39905738830566,101.7510986328125
1175,cut1,1175,POPC,150,44.08367919921874,183.4682159423828,84.3286361694336
1175,cut1,1175,POPC,151,119.19605255126953,97.96514892578125,79.60646057128906
1175,cut1,1175,POPC,152,185.37884521484375,115.87512969970703,93.8915786743164
1175,cut1,1175,POPC,153,148.1491241455078,139.71351623535156,87.89373016357422
1175,cut1,1175,POPC,154,125.13983154296875,207.16104125976562,82.52571868896484
1175,cut1,1175,POPC,155,15.854097366333008,71.39922332763672,91.03738403320312
1175,cut1,1175,POPC,156,62.744415283203125,35.53288650512696,96.28533172607422
1175,cut1,1175,POPC,157,54.949676513671875,86.19209289550781,89.64250946044922
1175,cut1,1175,POPC,158,50.8263053894043,173.29783630371094,82.3612289428711
1175,cut1,1175,POPC,159,107.52412414550781,92.7726058959961,80.93953704833984
1175,cut1,1175,POPC,160,99.0993881225586,37.33113098144531,100.42178344726562
1175,cut1,1175,POPC,161,68.94738006591797,146.0955810546875,76.14056396484375
1175,cut1,1175,POPC,162,175.97325134277344,194.6311492919922,95.796875
1175,cut1,1175,POPC,163,43.614280700683594,209.7196044921875,88.06702423095705
1175,cut1,1175,POPC,164,94.34451293945312,21.60150718688965,103.22520446777344
1175,cut1,1175,POPC,165,188.77407836914062,28.776872634887695,102.42962646484375
1175,cut1,1175,POPC,166,63.05646514892578,187.7435302734375,89.64519500732422
1175,cut1,1175,POPC,167,69.24195861816406,198.63626098632812,90.20294952392578
1175,cut1,1175,POPC,168,40.453765869140625,83.92366790771484,88.75272369384766
1175,cut1,1175,POPC,169,154.53036499023438,183.79425048828125,93.06059265136719
1175,cut1,1175,POPC,170,176.0094451904297,11.556784629821777,103.86241912841797
1175,cut1,1175,POPC,171,88.32550811767578,28.790708541870117,97.27609252929688
1175,cut1,1175,POPC,172,141.4887237548828,153.16920471191406,85.47900390625
1175,cut1,1175,POPC,173,16.9838809967041,92.89456939697266,92.60620880126953
1175,cut1,1175,POPC,174,167.96231079101562,205.93409729003906,96.68419647216797
1175,cut1,1175,POPC,175,75.13411712646484,102.74984741210938,86.46263885498047
1175,cut1,1175,POPC,176,188.80593872070312,60.08097839355469,96.15512084960938
1175,cut1,1175,POPC,177,140.98509216308594,6.396756172180176,102.63612365722656
1175,cut1,1175,POPC,178,188.05667114257812,222.96966552734375,102.30121612548828
1175,cut1,1175,POPC,179,42.875343322753906,248.50457763671875,99.73169708251953
1175,cut1,1175,POPC,180,23.342905044555664,70.50249481201172,92.81192016601562
1175,cut1,1175,POPC,181,31.165376663208008,27.72040367126465,104.94987487792969
1175,cut1,1175,POPC,182,122.73908233642578,168.61585998535156,82.80809783935547
1175,cut1,1175,POPC,183,110.53440856933594,109.93697357177734,79.007568359375
1175,cut1,1175,POPC,184,130.2482147216797,203.221923828125,87.16756439208984
1175,cut1,1175,POPC,185,98.57942962646484,132.2384490966797,81.61256408691406
1175,cut1,1175,POPC,186,190.5731658935547,9.827261924743652,100.36527252197266
1175,cut1,1175,POPC,187,144.23143005371094,13.941758155822754,104.19757080078126
1175,cut1,1175,POPC,188,27.588953018188477,32.42394256591797,103.01200103759766
1175,cut1,1175,POPC,189,51.076480865478516,10.884554862976074,99.44810485839844
1175,cut1,1175,POPC,190,130.9060516357422,91.25885009765625,76.4992446899414
1175,cut1,1175,POPC,191,31.58086585998535,2.5649845600128174,63.012752532958984
1175,cut1,1175,POPC,192,72.70012664794922,56.182777404785156,97.9016342163086
1175,cut1,1175,POPC,193,146.24012756347656,243.62867736816406,99.56420135498047
1175,cut1,1175,POPC,194,13.198678970336914,68.10736846923828,94.13629150390625
1175,cut1,1175,POPC,195,154.86572265625,98.12726593017578,90.88471984863281
1175,cut1,1175,POPC,196,51.883201599121094,236.7606201171875,96.63186645507812
1175,cut1,1175,POPC,197,48.109535217285156,26.844980239868164,98.69374084472656
1175,cut1,1175,POPC,198,44.958709716796875,233.08877563476562,93.3304672241211
1175,cut1,1175,POPC,199,33.91893005371094,1.7713767290115356,101.24613189697266
1175,cut1,1175,POPC,200,19.742685317993164,87.87594604492188,50.74795532226562
1175,cut1,1175,POPC,201,174.87738037109375,225.81094360351565,102.36590576171875
1175,cut1,1175,POPC,202,40.33495330810547,37.194854736328125,106.10414123535156
1175,cut1,1175,POPC,203,177.0970001220703,107.99082946777344,90.39714813232422
1175,cut1,1175,POPC,204,149.16644287109375,186.8401336669922,93.0698013305664
1175,cut1,1175,POPC,205,150.08580017089844,126.40161895751953,91.10216522216797
1175,cut1,1175,POPC,206,10.551477432250977,46.825889587402344,93.5159683227539
1175,cut1,1175,POPC,207,49.47150421142578,166.9031524658203,82.84339141845703
1175,cut1,1175,POPC,208,65.79534912109375,234.0183563232422,94.7403793334961
1175,cut1,1175,POPC,209,22.65862464904785,231.3989715576172,100.97816467285155
1175,cut1,1175,POPC,210,34.194610595703125,188.41012573242188,84.64112091064453
1175,cut1,1175,POPC,211,160.5824432373047,115.49311828613281,94.12743377685547
1175,cut1,1175,POPC,212,19.34135627746582,2.5387909412384033,98.3223648071289
1175,cut1,1175,POPC,213,158.85433959960938,73.60694122314453,92.95677947998047
1175,cut1,1175,POPC,214,175.2004852294922,169.13385009765625,95.54798126220703
1175,cut1,1175,POPC,215,169.3175048828125,13.15529727935791,103.56746673583984
1175,cut1,1175,POPC,216,77.85575103759766,23.935911178588867,94.80667877197266
1175,cut1,1175,POPC,217,145.713623046875,146.1339111328125,88.77738189697266
1175,cut1,1175,POPC,218,153.77560424804688,216.3524932861328,84.24527740478516
1175,cut1,1175,POPC,219,122.3425064086914,4.398316383361816,99.77555084228516
1175,cut1,1175,POPC,220,37.70453643798828,242.59713745117188,99.45573425292969
1175,cut1,1175,POPC,221,165.60626220703125,157.252685546875,92.28252410888672
1175,cut1,1175,POPC,222,54.54964828491211,64.88468170166016,93.02458953857422
1175,cut1,1175,POPC,223,82.85254669189453,135.7458953857422,80.76942443847656
1175,cut1,1175,POPC,224,93.69940185546875,85.72041320800781,82.24817657470703
1175,cut1,1175,POPC,225,178.7440185546875,230.1986541748047,105.55300903320312
1175,cut1,1175,POPC,226,26.08921241760254,134.7288818359375,74.97624206542969
1175,cut1,1175,POPC,227,68.1094741821289,180.91734313964844,83.09687805175781
1175,cut1,1175,POPC,228,4.511903285980225,54.81782531738281,92.649658203125
1175,cut1,1175,POPC,229,93.34183502197266,92.98255920410156,82.16020965576172
1175,cut1,1175,POPC,230,144.22032165527344,181.91531372070312,89.32440185546875
1175,cut1,1175,POPC,231,160.57081604003906,60.373252868652344,97.64183807373047
1175,cut1,1175,POPC,232,132.57281494140625,186.0773162841797,47.893470764160156
1175,cut1,1175,POPC,233,133.7936248779297,180.82080078124997,83.28887176513672
1175,cut1,1175,POPC,234,37.18370056152344,206.80494689941406,88.73390197753906
1175,cut1,1175,POPC,235,188.16636657714844,3.6821281909942627,102.20061492919922
1175,cut1,1175,POPC,236,187.18756103515625,53.01466369628906,93.44151306152344
1175,cut1,1175,POPC,237,113.86672973632812,165.32923889160156,83.68685150146484
1175,cut1,1175,POPC,238,85.16332244873047,45.877906799316406,98.62541961669922
1175,cut1,1175,POPC,239,88.26111602783203,52.142173767089844,96.90502166748047
1175,cut1,1175,POPC,240,41.97735595703125,64.1956558227539,95.81170654296875
1175,cut1,1175,POPC,241,26.859575271606445,235.35626220703125,97.70816040039062
1175,cut1,1175,POPC,242,139.0728759765625,122.84326171875,90.63444519042969
1175,cut1,1175,POPC,243,124.48973846435547,56.111351013183594,90.36966705322266
1175,cut1,1175,POPC,244,58.404624938964844,35.74322128295898,98.78013610839844
1175,cut1,1175,POPC,245,176.09683227539062,60.639137268066406,94.21525573730469
1175,cut1,1175,POPC,246,113.21912384033203,96.19447326660156,78.8423080444336
1175,cut1,1175,POPC,247,18.81522560119629,21.9307918548584,60.82706069946289
1175,cut1,1175,POPC,248,55.40108108520508,78.16102600097656,92.1747817993164
1175,cut1,1175,POPC,249,82.84056091308594,86.76104736328125,85.73487854003906
1175,cut1,1175,POPC,250,176.88722229003906,79.4740982055664,94.71257019042969
1175,cut1,1175,POPC,251,114.18347930908203,58.36155700683594,86.92192077636719
1175,cut1,1175,POPC,252,137.75669860839844,105.92560577392578,76.43053436279297
1175,cut1,1175,POPC,253,77.42369079589844,250.42236328125,96.85096740722656
1175,cut1,1175,POPC,254,78.88439178466797,230.638427734375,97.30348205566406
1175,cut1,1175,POPC,255,125.42491149902344,191.02740478515625,82.66287231445312
1175,cut1,1175,POPC,256,18.149988174438477,54.55540466308594,95.8971176147461
1175,cut1,1175,POPC,257,133.1415252685547,248.9619140625,97.2003631591797
1175,cut1,1175,POPC,258,35.77925109863281,82.62564849853516,89.68611907958984
1175,cut1,1175,POPC,259,46.401268005371094,147.8875274658203,78.08213806152344
1175,cut1,1175,POPC,260,129.4950408935547,86.34803009033203,80.98575592041016
1175,cut1,1175,POPC,261,183.6332550048828,24.17632484436035,99.80868530273438
1175,cut1,1175,POPC,262,73.69241333007812,31.855649948120114,95.04737854003906
1175,cut1,1175,POPC,263,64.1589584350586,99.51150512695312,85.13233184814453
1175,cut1,1175,POPC,264,29.78208351135254,78.71796417236328,93.93508911132812
1175,cut1,1175,POPC,265,169.61106872558594,171.17213439941406,94.74999237060547
1175,cut1,1175,POPC,266,119.19327545166016,251.8370819091797,103.90860748291017
1175,cut1,1175,POPC,267,136.25125122070312,156.5497283935547,84.89291381835938
1175,cut1,1175,POPC,268,109.45333099365234,196.58860778808594,78.52293395996094
1175,cut1,1175,POPC,269,170.62046813964844,29.645414352416992,102.67179870605469
1175,cut1,1175,POPC,270,62.28462219238281,243.71804809570312,91.13209533691406
1175,cut1,1175,POPC,271,9.24302864074707,197.28843688964844,96.35881805419922
1175,cut1,1175,POPC,272,105.60877990722656,14.125630378723145,107.1634292602539
1175,cut1,1175,POPC,273,66.99346160888672,43.8757209777832,97.50736999511719
1175,cut1,1175,POPC,274,152.6490936279297,91.84882354736328,91.18644714355469
1175,cut1,1175,POPC,275,13.643228530883789,116.98008728027344,92.80900573730469
1175,cut1,1175,POPC,276,15.412988662719727,247.29685974121094,60.3357048034668
1175,cut1,1175,POPC,277,100.69889831542969,78.00027465820312,83.7564697265625
1175,cut1,1175,POPC,278,7.195184230804443,68.51770782470703,95.7936782836914
1175,cut1,1175,POPC,279,165.09217834472656,249.98538208007812,102.43220520019531
1175,cut1,1175,POPC,280,55.27663803100586,100.07131958007812,85.0959701538086
1175,cut1,1175,POPC,281,162.68435668945312,145.1858367919922,94.49531555175781
1175,cut1,1175,POPC,282,91.28398895263672,102.79967498779297,83.8021240234375
1175,cut1,1175,POPC,283,88.60234069824219,198.7388153076172,85.427001953125
1175,cut1,1175,POPC,284,117.09610748291016,140.044189453125,79.66531372070312
1175,cut1,1175,POPC,285,167.80516052246094,69.85322570800781,94.27422332763672
1175,cut1,1175,POPC,286,171.23829650878906,188.8714141845703,94.71433258056639
1175,cut1,1175,POPC,287,68.80677032470703,135.0891876220703,71.45032501220703
1175,cut1,1175,POPC,288,74.7172622680664,16.216733932495117,95.22813415527344
1175,cut1,1175,POPC,289,31.64201545715332,52.423004150390625,101.11844635009766
1175,cut1,1175,POPC,290,90.94849395751953,242.99359130859375,98.83330535888672
1175,cut1,1175,POPC,291,166.92259216308594,227.7225799560547,99.66169738769533
1175,cut1,1175,POPC,292,40.49244689941406,191.9801788330078,84.10120391845703
1175,cut1,1175,POPC,293,38.11700439453125,235.4464569091797,95.60907745361328
1175,cut1,1175,POPC,294,189.8509979248047,242.99363708496094,104.21846771240234
1175,cut1,1175,POPC,295,126.16329956054688,84.85559844970703,42.63270568847656
1175,cut1,1175,POPC,296,93.02755737304688,2.035456895828247,103.66724395751953
1175,cut1,1175,POPC,297,182.4965057373047,100.4521255493164,93.12323760986328
1175,cut1,1175,POPC,298,112.24130249023438,188.94203186035156,75.78209686279297
1175,cut1,1175,POPC,299,46.80084991455078,108.18412017822266,88.75115966796875
1175,cut1,1175,POPC,300,182.1646728515625,9.943364143371582,103.44348907470703
1175,cut1,1175,POPC,301,18.86277961730957,198.7213592529297,97.14321899414062
1175,cut1,1175,POPC,302,62.17815017700195,87.361572265625,86.76020050048828
1175,cut1,1175,POPC,303,51.14244079589844,202.9149627685547,87.03486633300781
1175,cut1,1175,POPC,304,134.26483154296875,77.40981292724608,80.00410461425781
1175,cut1,1175,POPC,305,25.005922317504883,151.33888244628906,77.22216796875
1175,cut1,1175,POPC,306,15.061288833618164,84.88584899902344,92.87735748291017
1175,cut1,1175,POPC,307,41.24835205078125,173.84317016601562,84.5737533569336
1175,cut1,1175,POPC,308,139.36679077148438,29.844106674194336,98.59182739257812
1175,cut1,1175,POPC,309,74.42129516601562,39.55727767944336,96.19977569580078
1175,cut1,1175,POPC,310,55.85770034790039,158.80992126464844,82.26824188232422
1175,cut1,1175,POPC,311,186.4514923095703,42.39411544799805,99.01531219482422
1175,cut1,1175,POPC,312,46.964447021484375,16.537633895874027,100.72203063964844
1175,cut1,1175,POPC,313,166.7606658935547,106.92068481445312,93.58697509765625
1175,cut1,1175,POPC,314,46.87488555908203,155.10069274902344,78.50153350830078
1175,cut1,1175,POPC,315,171.3203125,211.69482421875,95.87362670898438
1175,cut1,1175,POPC,316,171.53590393066406,39.56209182739258,100.44940185546875
1175,cut1,1175,POPC,317,73.06748962402344,225.42153930664062,96.84093475341797
1175,cut1,1175,POPC,318,13.185564041137695,8.338814735412598,100.62223815917969
1175,cut1,1175,POPC,319,22.98051643371582,144.63699340820312,73.97466278076172
1175,cut1,1175,POPC,320,57.580135345458984,218.38092041015625,94.35643005371094
1175,cut1,1175,POPC,321,5.70272970199585,237.73350524902344,99.30475616455078
1175,cut1,1175,POPC,322,124.98945617675781,92.40995025634766,76.22351837158203
1175,cut1,1175,POPC,323,179.6487274169922,128.73570251464844,94.64031219482422
1175,cut1,1175,POPC,324,186.46286010742188,67.01799011230469,95.10699462890625
1175,cut1,1175,POPC,325,133.1417236328125,18.149423599243164,101.6280517578125
1175,cut1,1175,POPC,326,110.08264923095703,51.788482666015625,92.3412094116211
1175,cut1,1175,POPC,327,129.69232177734375,23.696470260620117,102.84454345703125
1175,cut1,1175,POPC,328,13.660379409790039,29.55024528503418,101.09080505371094
1175,cut1,1175,POPC,329,49.6790657043457,97.44658660888672,86.2992935180664
1175,cut1,1175,POPC,330,25.644838333129883,243.5297088623047,97.3135757446289
1175,cut1,1175,POPC,331,141.19578552246094,190.38587951660156,88.7275390625
1175,cut1,1175,POPC,332,99.57756805419922,26.34044075012207,101.31204986572266
1175,cut1,1175,POPC,333,185.97198486328125,106.02410125732422,90.63894653320312
1175,cut1,1175,POPC,334,179.12921142578125,90.42851257324219,94.6285400390625
1175,cut1,1175,POPC,335,2.098031759262085,8.39200496673584,96.86431121826172
1175,cut1,1175,POPC,336,40.988525390625,156.89901733398438,80.85798645019531
1175,cut1,1175,POPC,337,148.02708435058594,167.9871826171875,89.83104705810547
1175,cut1,1175,POPC,338,8.060388565063477,106.4626693725586,95.64511871337889
1175,cut1,1175,POPC,339,107.23892974853516,70.3111572265625,83.18316650390625
1175,cut1,1175,POPC,340,156.85916137695312,13.903168678283691,107.34757995605469
1175,cut1,1175,POPC,341,138.97296142578125,196.1864776611328,85.83787536621094
1175,cut1,1175,POPC,342,20.54399299621582,14.124016761779785,99.25330352783203
1175,cut1,1175,POPC,343,12.667238235473633,213.35691833496094,98.57804870605469
1175,cut1,1175,POPC,344,102.98919677734375,47.659881591796875,94.69247436523438
1175,cut1,1175,POPC,345,139.7821502685547,140.0125274658203,81.74996948242188
1175,cut1,1175,POPC,346,162.07940673828125,94.15892791748047,95.2550048828125
1175,cut1,1175,POPC,347,182.23904418945312,195.1631622314453,55.560585021972656
1175,cut1,1175,POPC,348,129.07420349121094,65.95806121826172,85.5514907836914
1175,cut1,1175,POPC,349,177.14791870117188,42.3673095703125,95.5782470703125
1175,cut1,1175,POPC,350,136.15782165527344,113.81741333007812,81.26309967041016
1175,cut1,1175,POPC,351,26.45658302307129,183.39930725097656,83.55609893798828
1175,cut1,1175,POPC,352,191.6794891357422,20.219331741333008,100.28705596923828
1175,cut1,1175,POPC,353,172.01211547851562,242.4405975341797,99.18650817871094
1175,cut1,1175,POPC,354,41.21477508544922,101.71121978759766,90.00450134277344
1175,cut1,1175,POPC,355,74.60591888427734,139.8610076904297,77.48875427246094
1175,cut1,1175,POPC,356,86.96100616455078,225.3538055419922,99.11418151855469
1175,cut1,1175,POPC,357,5.430001735687256,77.42330932617188,95.16838836669922
1175,cut1,1175,POPC,358,63.23907470703125,204.4357147216797,92.00013732910156
1175,cut1,1175,POPC,359,132.86058044433594,216.58877563476562,86.65225982666016
1175,cut1,1175,POPC,360,2.33719801902771,213.76119995117188,97.9994888305664
1175,cut1,1175,POPC,361,27.670351028442383,191.73953247070312,85.5063247680664
1175,cut1,1175,POPC,362,85.75189971923828,2.572343111038208,102.31403350830078
1175,cut1,1175,POPC,363,138.0503387451172,133.14370727539062,82.41950225830078
1175,cut1,1175,POPC,364,36.156837463378906,148.5197296142578,75.00000762939453
1175,cut1,1175,POPC,365,90.11770629882812,66.75694274902344,94.6278076171875
1175,cut1,1175,POPC,366,86.50788116455078,95.50643157958984,83.54608154296875
1175,cut1,1175,POPC,367,134.79244995117188,175.20008850097656,86.62217712402344
1175,cut1,1175,POPC,368,178.03207397460938,72.01253509521484,93.38037872314453
1175,cut1,1175,POPC,369,128.0799560546875,11.40648365020752,99.79817962646484
1175,cut1,1175,POPC,370,153.2020263671875,161.88519287109375,87.95697784423828
1175,cut1,1175,POPC,371,63.38031768798828,146.56959533691406,80.18781280517578
1175,cut1,1175,POPC,372,7.794129848480225,209.20346069335938,96.29141998291016
1175,cut1,1175,POPC,373,40.954734802246094,212.93414306640625,92.822509765625
1175,cut1,1175,POPC,374,6.726876735687256,16.273130416870117,101.38983154296875
1175,cut1,1175,POPC,375,59.982749938964844,225.22877502441406,94.21566009521484
1175,cut1,1175,POPC,376,39.19715118408203,95.49787139892578,89.87541961669922
1175,cut1,1175,POPC,377,116.08222198486328,20.034955978393555,103.5006103515625
1175,cut1,1175,POPC,378,102.5829849243164,114.12116241455078,77.31063842773438
1175,cut1,1175,POPC,379,5.176255702972412,37.74220657348633,97.98677825927734
1175,cut1,1175,POPC,380,59.37301254272461,110.15527343749999,80.62879943847656
1175,cut1,1175,POPC,381,31.526750564575195,247.31813049316406,99.62639617919922
1175,cut1,1175,POPC,382,27.68625831604004,167.08505249023438,85.17010498046875
1175,cut1,1175,POPC,383,152.34510803222656,41.57216262817383,98.80996704101562
1175,cut1,1175,POPC,384,18.966501235961914,149.3465118408203,77.19241333007812
1175,cut1,1175,POPC,385,159.13412475585938,198.2872772216797,91.55668640136719
1175,cut1,1175,POPC,386,99.0903091430664,247.4519805908203,101.01078796386719
1175,cut1,1175,POPC,387,65.35438537597656,27.59940147399902,97.42344665527344
1175,cut1,1175,POPC,388,79.88274383544922,146.03970336914065,85.64695739746094
1175,cut1,1175,POPC,389,166.56057739257812,56.229820251464844,96.34770202636719
1175,cut1,1175,POPC,390,179.958251953125,116.3075180053711,93.3102035522461
1175,cut1,1175,POPC,391,157.89234924316406,36.751956939697266,102.28800201416016
1175,cut1,1175,POPC,392,89.06514739990234,141.98123168945312,84.92719268798828
1175,cut1,1175,POPC,393,192.7100372314453,207.85360717773438,95.45430755615234
1175,cut1,1175,POPC,394,35.39671325683594,8.690451622009277,101.9604721069336
1175,cut1,1175,POPC,395,188.30873107910156,154.72470092773438,56.138816833496094
1175,cut1,1175,POPC,396,66.07917022705078,161.65264892578125,82.39102172851562
1175,cut1,1175,POPC,397,191.83970642089844,50.302101135253906,95.29660034179688
1175,cut1,1175,POPC,398,126.56786346435547,134.00918579101562,79.4233627319336
1175,cut1,1175,POPC,399,7.856126308441162,112.74046325683594,93.89585876464844
1175,cut1,1175,POPC,400,98.23097229003906,85.57595825195312,79.18590545654297
1175,cut1,1175,POPC,401,163.65240478515625,174.03045654296875,94.49880218505858
1175,cut1,1175,POPC,402,104.6614990234375,57.47119903564453,93.6658935546875
1175,cut1,1175,POPC,403,138.56407165527344,106.42646789550781,85.05396270751953
1175,cut1,1175,POPC,404,130.91729736328125,169.91253662109375,82.74044036865234
1175,cut1,1175,POPC,405,66.31395721435547,248.67051696777344,93.40930938720703
1175,cut1,1175,POPC,406,14.189149856567383,186.4948272705078,92.32154846191406
1175,cut1,1175,POPC,407,160.49330139160156,192.0838165283203,94.44161987304688
1175,cut1,1175,POPC,408,139.66741943359375,21.372072219848636,103.85768127441406
1175,cut1,1175,POPC,409,54.225006103515625,241.19448852539062,95.49919891357422
1175,cut1,1175,POPC,410,75.24654388427734,165.6743927001953,82.5382308959961
1175,cut1,1175,POPC,411,82.19293975830078,20.314821243286133,99.800048828125
1175,cut1,1175,POPC,412,62.35013961791992,74.81150817871094,90.99972534179688
1175,cut1,1175,POPC,413,167.00999450683594,98.12535858154297,94.28640747070312
1175,cut1,1175,POPC,414,192.24436950683594,90.7317123413086,95.30970001220703
1175,cut1,1175,POPC,415,164.26699829101562,16.198301315307617,105.20266723632812
1175,cut1,1175,POPC,416,107.37651062011719,244.89768981933594,103.30108642578125
1175,cut1,1175,POPC,417,20.891695022583008,185.4817352294922,87.29118347167969
1175,cut1,1175,POPC,418,122.5440902709961,13.943982124328613,103.18983459472656
1175,cut1,1175,POPC,419,80.1886978149414,47.55039978027344,97.56316375732422
1175,cut1,1175,POPC,420,13.621416091918945,53.51427459716797,91.5135498046875
1175,cut1,1175,POPC,421,90.22029876708984,129.7523956298828,82.793212890625
1175,cut1,1175,POPC,422,67.74650573730469,18.292272567749023,97.20280456542969
1175,cut1,1175,POPC,423,161.21620178222656,239.1681671142578,101.43560028076172
1175,cut1,1175,POPC,424,97.95369720458984,102.73169708251953,79.87545013427734
1175,cut1,1175,POPC,425,192.5756072998047,76.45955657958984,91.3093490600586
1175,cut1,1175,POPC,426,14.332803726196289,174.41786193847656,86.69767761230469
1175,cut1,1175,POPC,427,71.95347595214844,244.41819763183594,95.77405548095703
1175,cut1,1175,POPC,428,167.22610473632812,130.93597412109375,95.73789978027344
1175,cut1,1175,POPC,429,132.65142822265625,151.28399658203125,82.93649291992188
1175,cut1,1175,POPC,430,65.54438781738281,68.45668029785156,91.85163116455078
1175,cut1,1175,POPC,431,30.30198860168457,62.95555114746094,95.31318664550781
1175,cut1,1175,POPC,432,181.08058166503906,202.10400390625,95.91596221923827
1175,cut1,1175,POPC,433,186.3279571533203,132.4110107421875,93.8426284790039
1175,cut1,1175,POPC,434,20.684907913208008,99.48233795166016,94.08372497558594
1175,cut1,1175,POPC,435,141.84255981445312,128.46961975097656,87.12879180908203
1175,cut1,1175,POPC,436,183.88479614257812,92.80517578125,97.33039093017578
1175,cut1,1175,POPC,437,72.74459075927734,67.76570129394531,91.41464233398438
1175,cut1,1175,POPC,438,42.54900360107422,52.423614501953125,103.19963836669922
1175,cut1,1175,POPC,439,60.14711380004883,47.62737274169922,98.96076965332031
1175,cut1,1175,POPC,440,19.26268196105957,226.40774536132812,97.77236938476562
1175,cut1,1175,POPC,441,25.236413955688477,16.373952865600586,101.97957611083984
1175,cut1,1175,POPC,442,159.69285583496094,206.1240234375,91.86968994140625
1175,cut1,1175,POPC,443,134.5718231201172,145.55856323242188,81.54180908203125
1175,cut1,1175,POPC,444,191.98416137695312,247.2163848876953,101.16767120361328
1175,cut1,1175,POPC,445,167.27015686035156,24.5435733795166,105.2752685546875
1175,cut1,1175,POPC,446,134.38255310058594,120.9043960571289,82.41886901855469
1175,cut1,1175,POPC,447,102.1025390625,193.0745391845703,77.54711151123047
1175,cut1,1175,POPC,448,145.9373779296875,41.30895233154297,99.56842803955078
1175,cut1,1175,POPC,449,173.3365020751953,112.23664093017578,92.29924011230469
1175,cut1,1175,POPC,450,66.74258422851562,108.03430175781249,84.0969772338867
1175,cut1,1175,POPC,451,124.44271087646484,150.58543395996094,79.99913787841797
1175,cut1,1175,POPC,452,163.009033203125,149.9568328857422,91.77935028076172
1175,cut1,1175,POPC,453,156.1673583984375,166.6833343505859,91.42790222167969
1175,cut1,1175,POPC,454,73.92573547363281,149.95957946777344,83.62309265136719
1175,cut1,1175,POPC,455,10.946237564086914,82.32039642333984,90.62954711914064
1175,cut1,1175,POPC,456,57.83753204345703,9.811556816101074,98.20902252197266
1175,cut1,1175,POPC,457,60.81208419799805,167.96371459960938,84.25559997558594
1175,cut1,1175,POPC,458,97.76318359375,117.73063659667969,86.0857925415039
1175,cut1,1175,POPC,459,166.4015350341797,140.0059051513672,93.62670135498047
1175,cut1,1175,POPC,460,97.951171875,65.81254577636719,89.33133697509766
1175,cut1,1175,POPC,461,65.66837310791016,50.90235137939454,97.82830047607422
1175,cut1,1175,POPC,462,8.699411392211914,181.0523681640625,87.1438980102539
1175,cut1,1175,POPC,463,12.562677383422852,242.49302673339844,102.34527587890625
1175,cut1,1175,POPC,464,85.86778259277344,8.748517036437988,101.48489379882812
1175,cut1,1175,POPC,465,160.69296264648438,8.75389575958252,103.55663299560547
1175,cut1,1175,POPC,466,51.89921188354492,32.50499725341797,98.98588562011719
1175,cut1,1175,POPC,467,94.74468994140625,218.01324462890625,58.81299591064453
1175,cut1,1175,POPC,468,27.482126235961914,56.477027893066406,98.76134490966797
1175,cut1,1175,POPC,469,58.30008316040039,104.80936431884766,81.2132568359375
1175,cut1,1175,POPC,470,29.713228225708008,9.150494575500488,99.27294921875
1175,cut1,1175,POPC,471,72.66675567626953,244.5177459716797,62.20949935913086
1175,cut1,1175,POPC,472,137.0586395263672,185.6505889892578,87.48194122314453
1175,cut1,1175,POPC,473,178.51260375976562,179.83355712890625,98.71402740478516
1175,cut1,1175,POPC,474,160.57196044921875,183.70046997070312,96.02272033691406
1175,cut1,1175,POPC,475,140.32890319824222,179.00192260742188,85.74835968017578
1175,cut1,1175,POPC,476,168.47694396972656,45.36430358886719,99.34874725341797
1175,cut1,1175,POPC,477,68.29273223876953,191.1626434326172,88.77049255371094
1175,cut1,1175,POPC,478,174.82937622070312,100.93617248535156,93.6663589477539
1175,cut1,1175,POPC,479,5.72726583480835,86.23650360107422,94.3685302734375
1175,cut1,1175,POPC,480,179.6683349609375,67.29314422607422,94.88719177246094
1175,cut1,1175,POPC,481,109.69847869873047,22.516809463500977,100.57086944580078
1175,cut1,1175,POPC,482,91.7690887451172,109.36663055419922,83.16085052490234
1175,cut1,1175,POPC,483,45.25868225097656,225.80523681640625,95.4030532836914
1175,cut1,1175,POPC,484,79.60343933105469,95.42158508300781,85.84644317626953
1175,cut1,1175,POPC,485,69.95909118652344,79.90864562988281,85.60388183593749
1175,cut1,1175,POPC,486,81.9277572631836,202.64340209960938,90.22732543945312
1175,cut1,1175,POPC,487,149.2786102294922,31.550920486450195,104.1149673461914
1175,cut1,1175,POPC,488,155.53482055664062,209.97120666503906,89.9368896484375
1175,cut1,1175,POPC,489,142.6613006591797,171.82827758789062,86.43251037597656
1175,cut1,1175,POPC,490,69.20333862304688,169.4818878173828,81.37592315673828
1175,cut1,1175,POPC,491,25.497774124145508,107.06012725830078,92.81292724609375
1175,cut1,1175,POPC,492,174.01988220214844,130.89462280273438,96.6131362915039
1175,cut1,1175,POPC,493,71.72856140136719,27.35316276550293,92.49652862548828
1175,cut1,1175,POPC,494,21.2880802154541,38.48789978027344,99.71797943115234
1175,cut1,1175,POPC,495,72.62889862060547,212.94857788085938,93.53577423095703
1175,cut1,1175,POPC,496,92.85928344726562,35.18317413330078,101.65921020507812
1175,cut1,1175,POPC,497,30.64335823059082,146.38832092285156,74.65916442871094
1175,cut1,1175,POPC,498,118.1834487915039,148.6480255126953,77.86077880859375
1175,cut1,1175,POPC,499,109.97084045410156,143.65122985839844,78.76834869384766
1175,cut1,1175,POPC,500,96.27132415771484,42.72265625,98.01569366455078
1175,cut1,1175,POPC,501,64.29290008544922,154.6549530029297,80.37442016601562
1175,cut1,1175,POPC,502,38.598594665527344,143.66746520996094,71.49588775634766
1175,cut1,1175,POPC,503,26.226228713989258,45.02154541015625,99.34822082519531
1175,cut1,1175,POPC,504,48.98162841796875,140.58529663085938,75.22492218017578
1175,cut1,1175,POPC,505,90.83921813964844,230.6071014404297,100.5455093383789
1175,cut1,1175,POPC,506,15.028779983520508,22.66817283630371,102.5387954711914
1175,cut1,1175,POPC,507,87.25141143798828,40.86695861816406,98.87044525146483
1175,cut1,1175,POPC,508,82.09598541259766,197.7052459716797,85.61322021484376
1175,cut1,1175,POPC,509,116.0439682006836,184.14161682128906,79.91256713867188
1175,cut1,1175,POPC,510,178.1963348388672,187.30934143066406,97.4780044555664
1175,cut1,1175,POPC,511,99.47095489501953,60.58954620361328,53.8115234375
1175,cut1,1175,POPC,512,116.81539154052734,87.148681640625,79.48657989501953
1175,cut1,1175,POPC,513,111.4280776977539,87.35324096679688,80.57114410400389
1175,cut1,1175,POPC,514,189.87107849121094,38.132080078125,101.77496337890625
1175,cut1,1175,POPC,515,125.77850341796875,27.552404403686523,106.001708984375
1175,cut1,1175,POPC,516,88.17589569091797,59.32293701171875,94.60466766357422
1175,cut1,1175,POPC,517,47.99473571777344,213.5961456298828,91.24453735351562
1175,cut1,1175,POPC,518,60.8305549621582,135.4216766357422,68.23031616210938
1175,cut1,1175,POPC,519,115.73345184326172,79.62509155273438,79.54934692382812
1175,cut1,1175,POPC,520,83.51509094238281,55.49143218994141,95.73299407958984
1175,cut1,1175,POPC,521,51.30757141113281,44.86241149902344,101.2634048461914
1175,cut1,1175,POPC,522,16.91234016418457,112.14422607421875,92.31795501708984
1175,cut1,1175,POPC,523,152.279541015625,172.0718994140625,89.5987548828125
1175,cut1,1175,POPC,524,21.242517471313477,211.96047973632812,96.85196685791016
1175,cut1,1175,POPC,525,92.5690689086914,219.2708740234375,97.68548583984375
1175,cut1,1175,POPC,526,44.893310546875,90.31331634521484,92.37760162353516
1175,cut1,1175,POPC,527,175.60728454589844,27.4097957611084,104.11854553222656
1175,cut1,1175,POPC,528,47.27515411376953,38.64097213745117,100.44464111328125
1175,cut1,1175,POPC,529,3.521775960922241,2.811192750930786,99.18990325927734
1175,cut1,1175,POPC,530,187.38357543945312,216.73158264160156,100.9403305053711
1175,cut1,1175,POPC,531,55.14885711669922,191.9281005859375,87.94998168945312
1175,cut1,1175,POPC,532,0.7515961527824402,116.0912857055664,90.3218765258789
1175,cut1,1175,POPC,533,21.433359146118164,59.211448669433594,93.11605834960938
1175,cut1,1175,POPC,534,142.41055297851562,208.78013610839844,91.2103042602539
1175,cut1,1175,POPC,535,177.18113708496094,235.74037170410156,102.63223266601562
1175,cut1,1175,POPC,536,66.8326644897461,114.11697387695312,80.88312530517578
1175,cut1,1175,POPC,537,150.22508239746094,133.76075744628906,88.39028930664062
1175,cut1,1175,POPC,538,24.11589241027832,92.80551147460938,91.28030395507812
1175,cut1,1175,POPC,539,145.546875,217.99392700195312,88.60678100585938
1175,cut1,1175,POPC,540,60.1424674987793,232.24879455566406,93.6673583984375
1175,cut1,1175,POPC,541,178.84413146972656,33.80139923095703,102.66529083251953
1175,cut1,1175,POPC,542,157.45628356933594,245.51266479492188,102.3362808227539
1175,cut1,1175,POPC,543,23.67815589904785,191.4580535888672,91.56707000732422
1175,cut1,1175,POPC,544,60.32834243774414,55.570838928222656,99.48958587646484
1175,cut1,1175,POPC,545,13.04832649230957,60.894073486328125,94.37619018554688
1175,cut1,1175,POPC,546,166.48948669433594,165.4116668701172,93.91914367675781
1175,cut1,1175,POPC,547,18.881410598754883,27.871137619018555,104.42804718017578
1175,cut1,1175,POPC,548,21.592470169067383,21.690595626831055,102.84081268310547
1175,cut1,1175,POPC,549,56.63627624511719,150.00218200683594,79.2150650024414
1175,cut1,1175,POPC,550,92.37512969970703,121.84131622314453,85.4930191040039
1175,cut1,1175,POPC,551,69.08756256103516,89.26370239257812,84.7199935913086
1175,cut1,1175,POPC,552,167.7532958984375,197.98770141601562,93.63494110107422
1175,cut1,1175,POPC,553,54.22665786743164,137.0084228515625,72.53614044189453
1175,cut1,1175,POPC,554,32.10515594482422,176.52621459960938,82.4554443359375
1175,cut1,1175,POPC,555,64.49870300292969,173.39205932617188,84.2156753540039
1175,cut1,1175,POPC,556,63.68690872192383,80.49310302734375,90.9229736328125
1175,cut1,1175,POPC,557,63.698631286621094,217.23703002929688,92.38937377929688
1175,cut1,1175,POPC,558,93.34618377685547,14.50093936920166,102.0147476196289
1175,cut1,1175,POPC,559,160.19253540039062,83.42573547363281,92.18440246582031
1175,cut1,1175,POPC,560,170.55075073242188,74.77957916259764,95.31674194335938
1175,cut1,1175,POPC,561,99.16120147705078,112.52277374267578,80.95140075683594
1175,cut1,1175,POPC,562,158.6024932861328,138.0572052001953,94.78752899169922
1175,cut1,1175,POPC,563,34.524658203125,211.35986328125,92.17312622070312
1175,cut1,1175,POPC,564,72.8016357421875,62.367637634277344,92.8124771118164
1175,cut1,1175,POPC,565,26.810686111450195,224.6492919921875,96.46355438232422
1175,cut1,1175,POPC,566,169.81605529785156,150.27612304687497,96.13431549072266
1175,cut1,1175,POPC,567,82.82083892822266,166.8973388671875,81.51194763183594
1175,cut1,1175,POPC,568,76.94892883300781,132.25912475585938,71.12158966064453
1175,cut1,1175,POPC,569,172.3013458251953,54.438087463378906,97.4382095336914
1175,cut1,1175,POPC,570,162.3988494873047,69.42082977294922,93.67189025878906
1175,cut1,1175,POPC,571,9.38182258605957,246.95436096191406,100.1434326171875
1175,cut1,1175,POPC,572,127.96045684814453,156.5390625,81.24125671386719
1175,cut1,1175,POPC,573,42.5399169921875,116.40137481689453,44.84016036987305
1175,cut1,1175,POPC,574,79.60221099853514,30.2669734954834,96.8449935913086
1175,cut1,1175,POPC,575,0.11125341057777405,105.06476593017578,95.30323028564453
1175,cut1,1175,POPC,576,143.21351623535156,161.6269073486328,86.4164810180664
1175,cut1,1175,POPC,577,38.4535140991211,57.878753662109375,101.80970764160156
1175,cut1,1175,POPC,578,173.46621704101562,179.7080078125,94.77774810791016
1175,cut1,1175,POPC,579,136.5960235595703,164.9502410888672,83.15238952636719
1175,cut1,1175,POPC,580,111.68305206298828,235.33303833007812,102.05929565429688
1175,cut1,1175,POPC,581,160.94956970214844,220.25440979003906,96.86363983154297
1175,cut1,1175,POPC,582,181.9207763671875,74.21067810058594,54.81336975097657
1175,cut1,1175,POPC,583,142.37319946289062,36.0213508605957,97.97915649414062
1175,cut1,1175,POPC,584,157.491455078125,128.90150451660156,90.7083740234375
1175,cut1,1175,POPC,585,172.77626037597656,17.55885124206543,106.03826904296875
1175,cut1,1175,POPC,586,84.19721221923827,240.69459533691406,98.90364074707031
1175,cut1,1175,POPC,587,21.44157600402832,177.23312377929688,84.447265625
1175,cut1,1175,POPC,588,62.34505081176758,139.31826782226562,76.95915985107422
1175,cut1,1175,POPC,589,55.908748626708984,85.77195739746094,46.41181182861328
1175,cut1,1175,POPC,590,73.45416259765625,207.4999542236328,89.0896224975586
1175,cut1,1175,POPC,591,185.4108123779297,247.64178466796875,103.43236541748047
1175,cut1,1175,POPC,592,56.478851318359375,203.22434997558594,92.4708480834961
1175,cut1,1175,POPC,593,148.18922424316406,200.01258850097656,91.58800506591797
1175,cut1,1175,POPC,594,111.14413452148439,157.78153991699216,79.77495574951172
1175,cut1,1175,POPC,595,177.35968017578125,52.87535095214844,93.19416046142578
1175,cut1,1175,POPC,596,71.76160430908203,237.07383728027347,97.997802734375
1175,cut1,1175,POPC,597,74.30887603759766,184.67599487304688,84.59445190429688
1175,cut1,1175,POPC,598,21.482553482055664,165.8174285888672,86.75946807861328
1175,cut1,1175,POPC,599,155.64633178710938,64.0211410522461,95.21951293945312
1175,cut1,1175,POPC,600,63.155792236328125,254.91696166992188,95.85959625244139
1175,cut1,1175,POPC,601,94.38167572021484,72.00933837890625,84.18275451660156
1175,cut1,1175,POPC,602,87.30567932128906,210.11837768554688,92.84712982177734
1175,cut1,1175,POPC,603,115.35033416748047,9.395737648010254,102.11315155029297
1175,cut1,1175,POPC,604,53.203033447265625,222.59991455078125,92.33965301513672
1175,cut1,1175,POPC,605,65.65914916992188,61.16770935058594,96.0470962524414
1175,cut1,1175,POPC,606,39.73956298828125,151.10047912597656,79.24227905273438
1175,cut1,1175,POPC,607,69.55780029296875,151.57383728027344,80.01234436035156
1175,cut1,1175,POPC,608,193.44993591308594,200.5381317138672,93.49768829345703
1175,cut1,1175,POPC,609,44.782264709472656,6.498867988586426,100.1311264038086
1175,cut1,1175,POPC,610,93.66168212890625,230.76356506347656,64.14607238769531
1175,cut1,1175,POPC,611,64.7749252319336,93.7394027709961,86.275146484375
1175,cut1,1175,POPC,612,39.78466033935547,32.298526763916016,102.31645202636719
1175,cut1,1175,POPC,613,46.52857971191406,176.22030639648438,84.61400604248047
1175,cut1,1175,POPC,614,188.15667724609375,15.071572303771973,102.73469543457031
1175,cut1,1175,POPC,615,13.295717239379883,220.69862365722656,98.2131118774414
1175,cut1,1175,POPC,616,55.76787567138672,130.23423767089844,71.00822448730469
1175,cut1,1175,POPC,617,69.94898986816406,2.221898317337036,94.73558044433594
1175,cut1,1175,POPC,618,82.31609344482422,221.41505432128906,96.08779907226562
1175,cut1,1175,POPC,619,16.994935989379883,42.29618453979492,99.12008666992188
1175,cut1,1175,POPC,620,184.27626037597656,207.44784545898438,96.88278198242188
1175,cut1,1175,POPC,621,103.9625244140625,107.6259765625,76.97709655761719
1175,cut1,1175,POPC,622,119.03475952148438,129.81593322753906,78.800048828125
1175,cut1,1175,POPC,623,99.77567291259766,143.25933837890625,83.28459930419922
1175,cut1,1175,POPC,624,121.76593017578125,103.53276824951172,39.635459899902344
1175,cut1,1175,POPC,625,50.06427001953125,70.11412811279297,51.20586395263672
1175,cut1,1175,POPC,626,75.63648986816406,189.4736328125,42.03264617919922
1175,cut1,1175,POPC,627,159.06509399414062,175.323486328125,50.419864654541016
1175,cut1,1175,POPC,628,49.72736740112305,81.70068359375,48.255245208740234
1175,cut1,1175,POPC,629,176.79148864746094,79.25060272216797,54.06336212158203
1175,cut1,1175,POPC,630,147.97897338867188,25.812997817993164,62.144344329833984
1175,cut1,1175,POPC,631,144.74021911621094,206.45477294921875,47.004913330078125
1175,cut1,1175,POPC,632,113.46306610107422,179.85243225097656,41.97088623046875
1175,cut1,1175,POPC,633,153.22157287597656,33.081058502197266,58.42753219604492
1175,cut1,1175,POPC,634,151.6621856689453,39.572696685791016,58.49159240722656
1175,cut1,1175,POPC,635,48.86046600341797,238.00439453125,59.23110580444336
1175,cut1,1175,POPC,636,21.966806411743164,245.2209930419922,59.648643493652344
1175,cut1,1175,POPC,637,59.16886901855469,236.62161254882812,59.66093444824219
1175,cut1,1175,POPC,638,100.77652740478516,249.5108184814453,63.78596115112305
1175,cut1,1175,POPC,639,55.78363037109375,10.053326606750488,58.89423751831055
1175,cut1,1175,POPC,640,17.410280227661133,207.81759643554688,53.680625915527344
1175,cut1,1175,POPC,641,96.26412963867188,245.49147033691406,64.07738494873047
1175,cut1,1175,POPC,642,90.26664733886719,225.6416778564453,58.955692291259766
1175,cut1,1175,POPC,643,36.65953063964844,83.5445785522461,57.006004333496094
1175,cut1,1175,POPC,644,36.53794860839844,96.70510864257812,53.6827392578125
1175,cut1,1175,POPC,645,116.53665161132812,251.78323364257812,65.54985809326172
1175,cut1,1175,POPC,646,173.94146728515625,195.2274169921875,57.9676399230957
1175,cut1,1175,POPC,647,169.1409912109375,108.25082397460938,54.833351135253906
1175,cut1,1175,POPC,648,148.2273712158203,177.64407348632812,50.55278396606445
1175,cut1,1175,POPC,649,80.78591918945312,4.558030128479004,61.0562629699707
1175,cut1,1175,POPC,650,192.00914001464844,181.18138122558594,57.4426155090332
1175,cut1,1175,POPC,651,145.93402099609375,193.9861297607422,56.65549087524413
1175,cut1,1175,POPC,652,164.35154724121094,228.87681579589844,54.13313674926758
1175,cut1,1175,POPC,653,44.842994689941406,206.41543579101562,51.411643981933594
1175,cut1,1175,POPC,654,12.694208145141602,14.209794044494629,64.35677337646484
1175,cut1,1175,POPC,655,10.868616104125977,21.53718376159668,64.50486755371094
1175,cut1,1175,POPC,656,33.92772674560547,170.3932647705078,40.726566314697266
1175,cut1,1175,POPC,657,90.84175872802734,130.05372619628906,47.585227966308594
1175,cut1,1175,POPC,658,14.652444839477539,88.99111938476562,56.04046630859375
1175,cut1,1175,POPC,659,1.3624283075332642,43.923011779785156,56.580047607421875
1175,cut1,1175,POPC,660,128.27752685546875,21.755678176879883,63.3834342956543
1175,cut1,1175,POPC,661,167.89151000976562,204.1024169921875,61.03336715698242
1175,cut1,1175,POPC,662,158.30538940429688,167.2063446044922,45.53691101074219
1175,cut1,1175,POPC,663,188.15335083007812,218.93569946289062,55.463680267333984
1175,cut1,1175,POPC,664,92.0135726928711,2.8984882831573486,61.41047286987305
1175,cut1,1175,POPC,665,175.37539672851562,180.62896728515625,55.05371856689453
1175,cut1,1175,POPC,666,44.81462860107422,25.646940231323242,66.83464050292969
1175,cut1,1175,POPC,667,30.385316848754883,8.549675941467285,60.045955657958984
1175,cut1,1175,POPC,668,174.59323120117188,34.65651321411133,59.989959716796875
1175,cut1,1175,POPC,669,168.1461181640625,238.0313262939453,65.3664779663086
1175,cut1,1175,POPC,670,53.29010772705078,178.3953094482422,51.7011604309082
1175,cut1,1175,POPC,671,74.44415283203125,24.584875106811523,58.79570007324219
1175,cut1,1175,POPC,672,172.9766082763672,153.4296112060547,56.252613067626946
1175,cut1,1175,POPC,673,63.403594970703125,224.80564880371094,54.9489860534668
1175,cut1,1175,POPC,674,83.36873626708984,42.88880157470703,55.66603469848633
1175,cut1,1175,POPC,675,183.7179412841797,183.0303497314453,58.738651275634766
1175,cut1,1175,POPC,676,43.256690979003906,19.747377395629883,63.0918083190918
1175,cut1,1175,POPC,677,110.77610778808594,78.49344635009766,50.092063903808594
1175,cut1,1175,POPC,678,29.15150642395019,73.81395721435547,54.48720169067383
1175,cut1,1175,POPC,679,111.68917846679688,141.5211639404297,40.963905334472656
1175,cut1,1175,POPC,680,25.641878128051758,43.828975677490234,58.9838981628418
1175,cut1,1175,POPC,681,63.30471420288086,183.8406219482422,47.986480712890625
1175,cut1,1175,POPC,682,36.468467712402344,242.66004943847656,60.953495025634766
1175,cut1,1175,POPC,683,89.6233139038086,37.49811553955078,55.90584945678711
1175,cut1,1175,POPC,684,42.904052734375,68.59754180908203,52.340736389160156
1175,cut1,1175,POPC,685,31.959787368774414,66.65311431884766,54.59622573852539
1175,cut1,1175,POPC,686,158.45236206054688,28.95804786682129,60.21713638305664
1175,cut1,1175,POPC,687,52.23017120361328,191.64646911621094,49.476356506347656
1175,cut1,1175,POPC,688,106.62598419189453,146.71890258789062,43.535709381103516
1175,cut1,1175,POPC,689,66.05027770996094,208.3113555908203,48.062583923339844
1175,cut1,1175,POPC,690,56.41727066040039,69.21864318847656,54.29100036621094
1175,cut1,1175,POPC,691,-5.832273960113525,160.3813018798828,58.88882064819336
1175,cut1,1175,POPC,692,84.4975357055664,17.692853927612305,60.44709014892578
1175,cut1,1175,POPC,693,133.0975799560547,27.313478469848633,66.98367309570312
1175,cut1,1175,POPC,694,185.20970153808594,55.27307891845703,52.38543701171875
1175,cut1,1175,POPC,695,129.84629821777344,13.856492042541504,63.76018142700195
1175,cut1,1175,POPC,696,140.1516876220703,198.04249572753906,56.77219772338867
1175,cut1,1175,POPC,697,6.901063442230225,63.12183380126953,54.41843032836914
1175,cut1,1175,POPC,698,72.53656768798828,71.93891143798828,55.37652587890625
1175,cut1,1175,POPC,699,12.913187026977539,68.28678894042969,56.25245666503906
1175,cut1,1175,POPC,700,83.09720611572266,247.29258728027344,60.13931655883789
1175,cut1,1175,POPC,701,22.2055835723877,232.7696533203125,55.19330596923828
1175,cut1,1175,POPC,702,86.71675109863281,201.0873260498047,46.76924133300781
1175,cut1,1175,POPC,703,42.5843505859375,39.00659561157227,60.16592025756836
1175,cut1,1175,POPC,704,3.2832963466644287,188.85035705566406,94.5723648071289
1175,cut1,1175,POPC,705,39.45030212402344,82.85653686523438,53.02737045288086
1175,cut1,1175,POPC,706,193.28874206542972,33.15673065185547,61.89481735229492
1175,cut1,1175,POPC,707,31.601625442504883,81.39753723144531,57.854713439941406
1175,cut1,1175,POPC,708,81.77869415283203,78.94458770751953,57.60837936401367
1175,cut1,1175,POPC,709,184.7860870361328,250.100341796875,61.78761672973633
1175,cut1,1175,POPC,710,3.006417989730835,38.38763427734375,59.73155212402344
1175,cut1,1175,POPC,711,24.100854873657227,8.63835620880127,61.3374137878418
1175,cut1,1175,POPC,712,19.7236270904541,48.018096923828125,55.1308708190918
1175,cut1,1175,POPC,713,179.5290069580078,202.83799743652344,56.55448913574219
1175,cut1,1175,POPC,714,24.990999221801758,216.14776611328125,53.214813232421875
1175,cut1,1175,POPC,715,79.54148864746094,239.28659057617188,59.75770568847656
1175,cut1,1175,POPC,716,76.01150512695312,196.01683044433594,43.60536575317383
1175,cut1,1175,POPC,717,103.4432373046875,99.30806732177734,35.97561264038086
1175,cut1,1175,POPC,718,2.319963216781616,241.28500366210938,61.20937728881836
1175,cut1,1175,POPC,719,119.2961196899414,179.6237030029297,44.65180969238281
1175,cut1,1175,POPC,720,55.475154876708984,77.91129302978516,49.041873931884766
1175,cut1,1175,POPC,721,184.23939514160156,125.77051544189453,55.194435119628906
1175,cut1,1175,POPC,722,51.389610290527344,56.86338806152344,56.47491455078125
1175,cut1,1175,POPC,723,76.39505767822266,230.64366149902344,58.120872497558594
1175,cut1,1175,POPC,724,0.42228093743324274,51.37217712402344,51.53056716918945
1175,cut1,1175,POPC,725,109.21202087402344,45.593894958496094,61.42038345336914
1175,cut1,1175,POPC,726,40.27873992919922,4.214831352233887,57.452091217041016
1175,cut1,1175,POPC,727,178.4510498046875,217.03648376464844,55.306068420410156
1175,cut1,1175,POPC,728,31.95695686340332,218.611083984375,53.231163024902344
1175,cut1,1175,POPC,729,58.76118087768555,4.129025459289551,61.9467658996582
1175,cut1,1175,POPC,730,189.0218505859375,186.5332489013672,55.84703063964844
1175,cut1,1175,POPC,731,36.435394287109375,232.17369079589844,54.15825653076172
1175,cut1,1175,POPC,732,144.48944091796875,188.24525451660156,49.2597541809082
1175,cut1,1175,POPC,733,151.5821990966797,109.50393676757812,45.70100784301758
1175,cut1,1175,POPC,734,171.56764221191406,248.84164428710938,63.74406814575195
1175,cut1,1175,POPC,735,143.23207092285156,138.416748046875,48.32633590698242
1175,cut1,1175,POPC,736,116.05330657958984,245.20619201660156,65.55313110351562
1175,cut1,1175,POPC,737,113.12065887451172,12.796189308166504,63.11228561401367
1175,cut1,1175,POPC,738,181.94114685058594,81.40611267089844,58.19071578979492
1175,cut1,1175,POPC,739,57.52082443237305,201.08094787597656,45.58195877075195
1175,cut1,1175,POPC,740,38.28040313720703,189.31565856933594,51.811256408691406
1175,cut1,1175,POPC,741,108.67098999023438,72.3225326538086,51.713348388671875
1175,cut1,1175,POPC,742,168.6977996826172,232.66372680664062,61.17221450805664
1175,cut1,1175,POPC,743,69.32704162597656,94.07583618164062,48.15788269042969
1175,cut1,1175,POPC,744,107.73627471923828,20.015745162963867,57.20428466796875
1175,cut1,1175,POPC,745,173.51702880859375,28.062318801879883,62.07889175415039
1175,cut1,1175,POPC,746,184.17466735839844,29.63675880432129,59.012611389160156
1175,cut1,1175,POPC,747,23.644464492797848,210.7433319091797,51.325130462646484
1175,cut1,1175,POPC,748,141.83880615234375,191.9557342529297,54.46966934204101
1175,cut1,1175,POPC,749,99.84169006347656,233.216064453125,59.7292366027832
1175,cut1,1175,POPC,750,52.48162078857422,147.39633178710938,34.94729232788086
1175,cut1,1175,POPC,751,22.75640296936035,108.59405517578125,51.68009567260742
1175,cut1,1175,POPC,752,157.21755981445312,136.94937133789062,53.696372985839844
1175,cut1,1175,POPC,753,166.9134063720703,81.67317962646484,52.22489929199219
1175,cut1,1175,POPC,754,183.64297485351562,145.1501922607422,60.853397369384766
1175,cut1,1175,POPC,755,54.67756271362305,226.763916015625,54.54465866088867
1175,cut1,1175,POPC,756,69.2340087890625,197.8770751953125,45.7707633972168
1175,cut1,1175,POPC,757,56.71583557128906,184.67825317382812,51.75193405151367
1175,cut1,1175,POPC,758,59.97414779663086,245.53579711914062,60.82838821411133
1175,cut1,1175,POPC,759,10.632761001586914,222.07823181152344,55.154239654541016
1175,cut1,1175,POPC,760,165.7157745361328,113.38224029541016,50.44987106323242
1175,cut1,1175,POPC,761,139.5618133544922,176.29974365234375,46.23123550415039
1175,cut1,1175,POPC,762,37.015045166015625,35.349037170410156,64.44001007080078
1175,cut1,1175,POPC,763,5.234307765960693,69.60647583007812,55.57246398925781
1175,cut1,1175,POPC,764,86.26680755615234,27.14597511291504,60.301025390625
1175,cut1,1175,POPC,765,42.0921630859375,234.40707397460938,61.32086563110352
1175,cut1,1175,POPC,766,1.1437469720840454,5.412369728088379,62.95917892456055
1175,cut1,1175,POPC,767,156.8804931640625,123.35719299316406,54.847076416015625
1175,cut1,1175,POPC,768,98.49968719482422,36.73196029663086,58.73867416381836
1175,cut1,1175,POPC,769,149.140869140625,162.27687072753906,45.47291946411133
1175,cut1,1175,POPC,770,42.80583190917969,227.00453186035156,57.09940719604492
1175,cut1,1175,POPC,771,102.04856872558594,43.43122482299805,60.03737258911133
1175,cut1,1175,POPC,772,118.74568176269531,9.376317024230957,64.67071533203125
1175,cut1,1175,POPC,773,175.86720275878906,159.8103790283203,55.87620162963867
1175,cut1,1175,POPC,774,24.21422004699707,182.58714294433594,50.10478973388672
1175,cut1,1175,POPC,775,68.08904266357422,57.365379333496094,58.080955505371094
1175,cut1,1175,POPC,776,1.2689605951309204,98.21736907958984,55.19158172607422
1175,cut1,1175,POPC,777,88.660400390625,231.53883361816406,60.36494827270508
1175,cut1,1175,POPC,778,68.83139038085938,29.15032386779785,57.47408676147461
1175,cut1,1175,POPC,779,192.7008819580078,68.22582244873047,51.72199630737305
1175,cut1,1175,POPC,780,40.390357971191406,211.56916809082028,53.58232116699219
1175,cut1,1175,POPC,781,51.33344268798828,14.705166816711426,58.40986633300781
1175,cut1,1175,POPC,782,88.03905487060547,64.28170013427734,53.527591705322266
1175,cut1,1175,POPC,783,61.26233673095703,83.50153350830078,48.53886795043945
1175,cut1,1175,POPC,784,60.217681884765625,59.52214813232422,56.451507568359375
1175,cut1,1175,POPC,785,74.79265594482422,62.55518341064453,55.68083190917969
1175,cut1,1175,POPC,786,20.104112625122074,41.733489990234375,57.581111907958984
1175,cut1,1175,POPC,787,10.775774002075195,97.02175903320312,52.78757858276367
1175,cut1,1175,POPC,788,108.6154556274414,31.806100845336914,62.7746467590332
1175,cut1,1175,POPC,789,24.448007583618164,15.99099063873291,58.970855712890625
1175,cut1,1175,POPC,790,171.34193420410156,90.81645965576172,57.341575622558594
1175,cut1,1175,POPC,791,56.69333267211914,93.78289031982422,43.599098205566406
1175,cut1,1175,POPC,792,168.9266357421875,190.8190460205078,58.381919860839844
1175,cut1,1175,POPC,793,167.20175170898438,23.269372940063477,58.353538513183594
1175,cut1,1175,POPC,794,16.02372169494629,35.03996276855469,64.4583740234375
1175,cut1,1175,POPC,795,122.12254333496094,167.4859161376953,39.129703521728516
1175,cut1,1175,POPC,796,157.76220703125,57.307640075683594,56.18456268310547
1175,cut1,1175,POPC,797,52.99137878417969,249.3244171142578,58.21999740600586
1175,cut1,1175,POPC,798,144.07904052734375,246.33067321777344,63.57603073120117
1175,cut1,1175,POPC,799,66.57697296142578,37.503902435302734,58.577430725097656
1175,cut1,1175,POPC,800,50.01410293579101,49.05250549316406,58.47738265991211
1175,cut1,1175,POPC,801,91.08951568603516,16.261011123657227,60.18571853637695
1175,cut1,1175,POPC,802,153.3524627685547,99.02757263183594,56.5651969909668
1175,cut1,1175,POPC,803,105.40799713134766,250.7703094482422,61.28664779663086
1175,cut1,1175,POPC,804,113.44061279296875,230.3113555908203,60.42282485961914
1175,cut1,1175,POPC,805,170.02047729492188,97.57380676269531,54.31165313720703
1175,cut1,1175,POPC,806,25.898042678833008,153.15911865234375,43.664859771728516
1175,cut1,1175,POPC,807,148.3323211669922,12.643383979797363,59.38310241699219
1175,cut1,1175,POPC,808,32.18401336669922,25.84175682067871,65.8652114868164
1175,cut1,1175,POPC,809,84.29846954345703,111.39869689941406,42.050395965576165
1175,cut1,1175,POPC,810,24.262636184692383,137.3603973388672,42.24667739868164
1175,cut1,1175,POPC,811,168.76971435546875,181.89862060546875,53.77112579345703
1175,cut1,1175,POPC,812,18.496728897094727,165.8224334716797,48.67704391479492
1175,cut1,1175,POPC,813,46.39934539794922,6.504086494445801,57.72986602783203
1175,cut1,1175,POPC,814,77.88355255126953,141.21340942382812,83.11970520019531
1175,cut1,1175,POPC,815,25.226655960083008,241.51856994628906,55.36042785644531
1175,cut1,1175,POPC,816,171.51780700683594,54.57661437988281,55.15580749511719
1175,cut1,1175,POPC,817,154.09381103515625,21.18804359436035,58.381038665771484
1175,cut1,1175,POPC,818,181.06834411621094,101.46146392822266,55.223182678222656
1175,cut1,1175,POPC,819,154.0303955078125,181.81097412109375,52.26654815673828
1175,cut1,1175,POPC,820,165.71730041503906,149.88099670410156,51.50395584106445
1175,cut1,1175,POPC,821,2.2312562465667725,127.17613220214844,60.08372116088867
1175,cut1,1175,POPC,822,51.8115119934082,169.28562927246094,48.85860061645508
1175,cut1,1175,POPC,823,104.73884582519531,14.839482307434082,58.98917770385742
1175,cut1,1175,POPC,824,172.5514373779297,135.45263671875,58.907222747802734
1175,cut1,1175,POPC,825,81.83432006835938,224.9810791015625,59.049072265625
1175,cut1,1175,POPC,826,6.560868740081787,92.4683609008789,53.51849365234375
1175,cut1,1175,POPC,827,5.067582607269287,121.06047821044922,58.19325256347656
1175,cut1,1175,POPC,828,43.855796813964844,45.569847106933594,58.27263259887695
1175,cut1,1175,POPC,829,71.7994155883789,33.6821403503418,60.43791961669922
1175,cut1,1175,POPC,830,145.14793395996094,132.42576599121094,48.05107116699219
1175,cut1,1175,POPC,831,86.97114562988281,238.4921417236328,59.97964096069336
1175,cut1,1175,POPC,832,32.953147888183594,233.74378967285156,58.49967956542969
1175,cut1,1175,POPC,833,158.39273071289062,34.92892837524414,60.56801223754883
1175,cut1,1175,POPC,834,27.39329719543457,230.2290496826172,54.56509017944336
1175,cut1,1175,POPC,835,149.40420532226562,4.994379997253418,60.56291580200195
1175,cut1,1175,POPC,836,64.36622619628906,193.86444091796875,47.28435134887695
1175,cut1,1175,POPC,837,17.74919319152832,59.439727783203125,56.38131332397461
1175,cut1,1175,POPC,838,96.62235260009766,30.072107315063477,57.06230926513672
1175,cut1,1175,POPC,839,164.49774169921875,54.93638610839844,54.456722259521484
1175,cut1,1175,POPC,840,13.37962532043457,47.69036865234375,55.781673431396484
1175,cut1,1175,POPC,841,176.54684448242188,52.55043029785156,54.112247467041016
1175,cut1,1175,POPC,842,45.73121643066406,180.0272216796875,53.4423942565918
1175,cut1,1175,POPC,843,62.60354232788086,74.54838562011719,53.37483215332031
1175,cut1,1175,POPC,844,24.633256912231445,202.01539611816406,47.97832489013672
1175,cut1,1175,POPC,845,148.43832397460938,199.07298278808594,52.031761169433594
1175,cut1,1175,POPC,846,173.03396606445312,241.65292358398438,63.89553451538086
1175,cut1,1175,POPC,847,105.38223266601561,106.81859588623047,37.34194564819336
1175,cut1,1175,POPC,848,188.25181579589844,229.2259063720703,60.67790603637695
1175,cut1,1175,POPC,849,181.4148712158203,62.00658416748047,51.557308197021484
1175,cut1,1175,POPC,850,85.4690933227539,217.96194458007812,55.68843078613281
1175,cut1,1175,POPC,851,50.97083282470703,185.66615295410156,52.776817321777344
1175,cut1,1175,POPC,852,142.96470642089844,29.4050350189209,63.973697662353516
1175,cut1,1175,POPC,853,183.81613159179688,19.98341178894043,62.03108596801758
1175,cut1,1175,POPC,854,175.0319366455078,12.617327690124512,62.04892349243164
1175,cut1,1175,POPC,855,5.602471828460693,249.47238159179688,60.609127044677734
1175,cut1,1175,POPC,856,10.723855972290039,98.78178405761719,93.60916900634766
1175,cut1,1175,POPC,857,34.76776885986328,156.27024841308594,41.92152404785156
1175,cut1,1175,POPC,858,47.12879180908203,248.79542541503906,56.99981689453124
1175,cut1,1175,POPC,859,81.54986572265625,177.09584045410156,43.9384880065918
1175,cut1,1175,POPC,860,67.86661529541016,18.491689682006836,61.35483169555664
1175,cut1,1175,POPC,861,56.224365234375,173.72048950195312,48.7296142578125
1175,cut1,1175,POPC,862,45.338600158691406,188.12501525878906,50.868499755859375
1175,cut1,1175,POPC,863,35.59544372558594,224.6146697998047,54.00800704956055
1175,cut1,1175,POPC,864,62.263057708740234,51.58697509765625,59.48731231689453
1175,cut1,1175,POPC,865,80.2727279663086,56.454063415527344,59.6917839050293
1175,cut1,1175,POPC,866,119.69642639160156,158.94673156738284,38.96907043457031
1175,cut1,1175,POPC,867,66.43107604980469,152.08038330078125,40.56800079345703
1175,cut1,1175,POPC,868,162.49749755859375,63.849830627441406,50.9781379699707
1175,cut1,1175,POPC,869,90.79010009765625,103.34822082519531,40.80581283569336
1175,cut1,1175,POPC,870,75.47361755371094,218.76368713378903,54.43058395385742
1175,cut1,1175,POPC,871,137.0517578125,8.125576972961426,64.6446533203125
1175,cut1,1175,POPC,872,47.89385223388672,214.496826171875,54.086544036865234
1175,cut1,1175,POPC,873,36.53236389160156,20.979524612426758,62.41660690307617
1175,cut1,1175,POPC,874,0.6403290629386902,14.321743965148926,60.6443977355957
1175,cut1,1175,POPC,875,29.331201553344727,92.15510559082031,53.45352935791015
1175,cut1,1175,POPC,876,116.30143737792969,17.469282150268555,61.594173431396484
1175,cut1,1175,POPC,877,91.5335693359375,76.36788940429688,50.69538497924805
1175,cut1,1175,POPC,878,178.13334655761716,188.7920684814453,55.57500457763672
1175,cut1,1175,POPC,879,185.72361755371094,166.58331298828125,56.506404876708984
1175,cut1,1175,POPC,880,188.27964782714844,75.62450408935547,57.235660552978516
1175,cut1,1175,POPC,881,28.2355899810791,22.24769401550293,61.91875076293945
1175,cut1,1175,POPC,882,-1.3979705572128296,59.70347595214844,51.0996208190918
1175,cut1,1175,POPC,883,124.95166015625,30.58638572692871,68.69091033935547
1175,cut1,1175,POPC,884,158.29176330566406,192.82952880859375,58.45793151855469
1175,cut1,1175,POPC,885,180.0318145751953,133.26039123535156,62.78653335571289
1175,cut1,1175,POPC,886,74.43363952636719,42.10415267944336,56.754886627197266
1175,cut1,1175,POPC,887,96.1436538696289,114.04765319824219,42.44873809814453
1175,cut1,1175,POPC,888,7.985696315765381,27.216337203979492,65.1613540649414
1175,cut1,1175,POPC,889,155.16404724121094,156.16891479492188,49.036861419677734
1175,cut1,1175,POPC,890,82.26062774658203,208.65370178222656,50.351924896240234
1175,cut1,1175,POPC,891,18.560701370239258,218.84005737304688,53.03242492675781
1175,cut1,1175,POPC,892,124.18092346191406,248.34071350097656,63.16618728637695
1175,cut1,1175,POPC,893,113.07392120361328,35.95498275756836,59.787757873535156
1175,cut1,1175,POPC,894,130.8328857421875,252.2389373779297,61.750919342041016
1175,cut1,1175,POPC,895,166.30447387695312,38.65462112426758,56.586795806884766
1175,cut1,1175,POPC,896,162.6601104736328,183.80429077148438,54.0562629699707
1175,cut1,1175,POPC,897,35.041099548339844,46.94817352294922,61.50314712524414
1175,cut1,1175,POPC,898,183.6540985107422,235.2665557861328,64.09122467041016
1175,cut1,1175,POPC,899,121.57653045654297,20.13910484313965,62.421405792236335
1175,cut1,1175,POPC,900,164.7078399658203,164.26058959960938,48.355682373046875
1175,cut1,1175,POPC,901,51.402442932128906,25.550371170043945,64.31517791748047
1175,cut1,1175,POPC,902,110.04180145263672,95.33377075195312,38.961219787597656
1175,cut1,1175,POPC,903,50.550575256347656,62.77130126953125,51.6955680847168
1175,cut1,1175,POPC,904,0.1534058153629303,214.30050659179688,55.689109802246094
1175,cut1,1175,POPC,905,13.346780776977539,242.07293701171875,61.36861038208008
1175,cut1,1175,POPC,906,12.468637466430664,235.49871826171875,61.99514389038086
1175,cut1,1175,POPC,907,7.377511501312256,214.65701293945312,54.00144577026367
1175,cut1,1175,POPC,908,90.88130187988281,70.37133026123047,49.38455581665039
1175,cut1,1175,POPC,909,187.10223388671875,116.59095764160156,55.9356689453125
1175,cut1,1175,POPC,910,82.68706512451172,231.30783081054688,57.47418212890625
1175,cut1,1175,POPC,911,103.30256652832031,142.49476623535156,44.42176055908203
1175,cut1,1175,POPC,912,29.646608352661133,181.2304229736328,45.456607818603516
1175,cut1,1175,POPC,913,164.87142944335938,47.166969299316406,55.607723236083984
1175,cut1,1175,POPC,914,145.42626953125,19.320585250854492,60.95295333862305
1175,cut1,1175,POPC,915,157.3753662109375,111.20208740234375,48.99484634399414
1175,cut1,1175,POPC,916,154.9100799560547,201.86358642578125,50.548248291015625
1175,cut1,1175,POPC,917,1.377679467201233,203.49844360351562,52.72124099731445
1175,cut1,1175,POPC,918,155.4830780029297,11.52988338470459,61.95410537719727
1175,cut1,1175,POPC,919,70.85709381103516,236.8826141357422,58.05305480957031
1175,cut1,1175,POPC,920,181.27749633789062,67.7348861694336,53.73837661743164
1175,cut1,1175,POPC,921,49.79059982299805,156.7403106689453,41.008270263671875
1175,cut1,1175,POPC,922,180.75979614257812,36.98807144165039,55.832672119140625
1175,cut1,1175,POPC,923,152.4695281982422,187.77456665039062,55.43998336791993
1175,cut1,1175,POPC,924,70.55681610107422,51.80445861816406,57.26408004760742
1175,cut1,1175,POPC,925,17.890710830688477,236.66268920898438,56.54842758178711
1175,cut1,1175,POPC,926,70.89859008789062,215.89869689941406,50.69376754760742
1175,cut1,1175,POPC,927,25.718286514282227,54.08477020263672,56.83313751220703
1175,cut1,1175,POPC,928,161.24563598632812,17.058408737182617,57.135807037353516
1175,cut1,1175,POPC,929,19.697023391723633,65.94515228271484,56.60529327392578
1175,cut1,1175,POPC,930,56.99528503417969,52.72026062011719,57.351783752441406
1175,cut1,1175,POPC,931,108.9665298461914,247.4427947998047,66.921630859375
1175,cut1,1175,POPC,932,53.1025390625,161.75929260253906,42.28121566772461
1175,cut1,1175,POPC,933,112.35450744628906,70.87252044677734,49.61419677734375
1175,cut1,1175,POPC,934,30.217432022094727,34.19422912597656,63.57480239868164
1175,cut1,1175,POPC,935,164.81658935546875,174.4485321044922,47.90909194946289
1175,cut1,1175,POPC,936,171.0357666015625,76.34113311767578,51.01493453979493
1175,cut1,1175,POPC,937,102.42826080322266,66.18021392822266,50.47279739379883
1175,cut1,1175,POPC,938,37.516014099121094,183.79905700683594,50.01428985595703
1175,cut1,1175,POPC,939,36.08643341064453,207.8636932373047,52.988285064697266
1175,cut1,1175,POPC,940,157.69271850585938,150.25881958007812,52.312129974365234
1175,cut1,1175,POPC,941,173.544189453125,84.59162139892578,59.53594207763672
1175,cut1,1175,POPC,942,33.66790008544922,51.62576293945313,58.2147216796875
1175,cut1,1175,POPC,943,66.9981918334961,176.1353759765625,46.82656478881836
1175,cut1,1175,POPC,944,61.8324089050293,16.37550163269043,57.65483474731445
1175,cut1,1175,POPC,945,164.76547241210938,31.84250831604004,58.54469680786133
1175,cut1,1175,POPC,946,181.5670928955078,119.24176788330078,57.2099494934082
1175,cut1,1175,POPC,947,85.5294189453125,10.412579536437988,60.52931213378906
1175,cut1,1175,POPC,948,181.67413330078125,229.39898681640625,61.90989303588867
1175,cut1,1175,POPC,949,78.59668731689453,92.90294647216797,49.02376937866211
1175,cut1,1175,POPC,950,4.289102077484131,225.03640747070312,56.82814407348633
1175,cut1,1175,POPC,951,64.93734741210938,215.62994384765625,52.18108367919922
1175,cut1,1175,POPC,952,32.987457275390625,40.863563537597656,60.25783157348633
1175,cut1,1175,POPC,953,142.80029296875,11.57912540435791,62.44742202758789
1175,cut1,1175,POPC,954,2.7758424282073975,105.86529541015625,56.23051071166992
1175,cut1,1175,POPC,955,162.02146911621094,0.08903993666172028,65.156494140625
1175,cut1,1175,POPC,956,57.15357971191406,44.02769470214844,60.51484680175781
1175,cut1,1175,POPC,957,75.25371551513672,79.41318511962892,55.096336364746094
1175,cut1,1175,POPC,958,188.30311584472656,200.5677032470703,54.585723876953125
1175,cut1,1175,POPC,959,85.28946685791016,137.34715270996094,45.71427536010742
1175,cut1,1175,POPC,960,49.86219024658203,221.17047119140625,52.845245361328125
1175,cut1,1175,POPC,961,188.12387084960938,9.926180839538574,62.13033676147461
1175,cut1,1175,POPC,962,153.3406982421875,47.37975311279297,58.75380325317383
1175,cut1,1175,POPC,963,34.61955261230469,13.320588111877441,60.866214752197266
1175,cut1,1175,POPC,964,174.3004150390625,119.41017150878906,56.84878921508789
1175,cut1,1175,POPC,965,182.0074462890625,156.7841033935547,61.18375015258789
1175,cut1,1175,POPC,966,64.99874114990234,-0.77550208568573,60.377655029296875
1175,cut1,1175,POPC,967,13.247583389282227,211.2978515625,51.966773986816406
1175,cut1,1175,POPC,968,56.89204406738281,218.71897888183594,49.874542236328125
1175,cut1,1175,POPC,969,93.1792221069336,86.502685546875,49.15729522705078
1175,cut1,1175,POPC,970,55.63214874267579,125.36002349853516,40.66813278198242
1175,cut1,1175,POPC,971,185.60226440429688,90.18206024169922,55.587223052978516
1175,cut1,1175,POPC,972,22.068384170532227,225.114013671875,54.70351791381836
1175,cut1,1175,POPC,973,11.371522903442383,58.581138610839844,54.724586486816406
1175,cut1,1175,POPC,974,127.72901916503906,7.66207218170166,62.015865325927734
1175,cut1,1175,POPC,975,91.37067413330078,8.4077730178833,60.76148986816406
1175,cut1,1175,POPC,976,73.70854949951172,145.0330352783203,41.020164489746094
1175,cut1,1175,POPC,977,170.48179626464844,129.22853088378906,57.87118911743164
1175,cut1,1175,POPC,978,113.1478271484375,21.6583194732666,59.1781120300293
1175,cut1,1175,POPC,979,5.167741298675537,84.67333221435547,55.930908203125
1175,cut1,1175,POPC,980,94.52476501464844,61.617462158203125,49.94120788574219
1175,cut1,1175,POPC,981,90.74554443359375,214.408935546875,52.39568328857422
1175,cut1,1175,POPC,982,60.415470123291016,170.5329132080078,43.42338562011719
1175,cut1,1175,POPC,983,57.335262298583984,25.869531631469727,59.92308807373047
1175,cut1,1175,POPC,984,5.678369045257568,116.5008316040039,53.75084686279297
1175,cut1,1175,POPC,985,48.129722595214844,230.829833984375,55.68405532836914
1175,cut1,1175,POPC,986,186.9371337890625,223.81748962402344,56.80403137207031
1175,cut1,1175,POPC,987,157.0978240966797,51.45404052734375,54.994930267333984
1175,cut1,1175,POPC,988,105.45249938964844,60.112159729003906,54.60573196411133
1175,cut1,1175,POPC,989,31.744142532348633,175.17449951171875,42.13634490966797
1175,cut1,1175,POPC,990,94.29399871826172,107.03105163574219,38.13270187377929
1175,cut1,1175,POPC,991,28.27385139465332,62.020057678222656,58.3277473449707
1175,cut1,1175,POPC,992,40.02875518798828,51.069618225097656,59.151920318603516
1175,cut1,1175,POPC,993,132.25144958496094,158.60296630859375,42.689788818359375
1175,cut1,1175,POPC,994,68.90332794189453,13.076401710510254,61.305973052978516
1175,cut1,1175,POPC,995,96.88231658935547,126.08011627197266,47.594005584716804
1175,cut1,1175,POPC,996,158.7876434326172,88.14596557617188,58.168663024902344
1175,cut1,1175,POPC,997,173.46340942382812,205.15179443359375,56.86481475830078
1175,cut1,1175,POPC,998,80.84276580810547,64.32673645019531,55.988624572753906
1175,cut1,1175,POPC,999,18.092721939086914,11.466816902160645,62.23646926879883
1175,cut1,1175,POPC,1000,56.40673065185547,17.067655563354492,60.42154312133789
1175,cut1,1175,POPC,1001,9.018510818481445,200.31564331054688,53.612518310546875
1175,cut1,1175,POPC,1002,44.755645751953125,34.22001647949219,64.44584655761719
1175,cut1,1175,POPC,1003,42.860984802246094,181.7308807373047,48.633323669433594
1175,cut1,1175,POPC,1004,162.0146484375,196.96681213378906,61.07876205444336
1175,cut1,1175,POPC,1005,51.05905532836914,36.89483642578125,62.39793014526367
1175,cut1,1175,POPC,1006,35.8092041015625,150.21937561035156,46.2334098815918
1175,cut1,1175,POPC,1007,49.51167297363281,126.74459075927734,41.06875228881836
1175,cut1,1175,POPC,1008,157.93927001953125,99.1407699584961,52.90470886230469
1175,cut1,1175,POPC,1009,10.354539871215819,35.82936096191406,59.8306770324707
1175,cut1,1175,POPC,1010,128.6300506591797,105.76415252685547,42.0974235534668
1175,cut1,1175,POPC,1011,141.17306518554688,142.50758361816406,53.58465576171875
1175,cut1,1175,POPC,1012,163.8821563720703,101.4539794921875,55.25541305541992
1175,cut1,1175,POPC,1013,186.48277282714844,38.88882827758789,56.319732666015625
1175,cut1,1175,POPC,1014,163.60462951660156,188.17092895507812,58.59174728393555
1175,cut1,1175,POPC,1015,169.07513427734375,43.230224609375,56.405941009521484
1175,cut1,1175,POPC,1016,181.75633239746094,14.036133766174316,62.201053619384766
1175,cut1,1175,POPC,1017,196.11888122558594,22.86851692199707,63.50819778442383
1175,cut1,1175,POPC,1018,181.45932006835938,110.02973937988281,60.40116882324219
1175,cut1,1175,POPC,1019,2.5238587856292725,208.3728485107422,54.44123077392578
1175,cut1,1175,POPC,1020,175.51223754882812,4.548394203186035,63.00254440307617
1175,cut1,1175,POPC,1021,183.61553955078125,6.194912910461426,64.00757598876953
1175,cut1,1175,POPC,1022,177.5352020263672,92.08829498291016,56.53456115722656
1175,cut1,1175,POPC,1023,175.31961059570315,19.940996170043945,58.96968078613281
1175,cut1,1175,POPC,1024,89.16024780273438,94.65287017822266,51.01778793334961
1175,cut1,1175,POPC,1025,42.643218994140625,217.9246826171875,55.9266471862793
1175,cut1,1175,POPC,1026,64.3952407836914,234.3983154296875,58.92990493774415
1175,cut1,1175,POPC,1027,12.17466926574707,185.41456604003906,54.783721923828125
1175,cut1,1175,POPC,1028,94.74047088623047,238.4403076171875,63.82404708862305
1175,cut1,1175,POPC,1029,166.14501953125,69.32722473144533,50.05131530761719
1175,cut1,1175,POPC,1030,32.48168182373047,247.4770965576172,59.02552795410156
1175,cut1,1175,POPC,1031,184.510009765625,206.1505584716797,55.49444198608398
1175,cut1,1175,POPC,1032,12.430673599243164,4.225111961364746,62.00078201293945
1175,cut1,1175,POPC,1033,188.38783264160156,239.730712890625,61.19257736206055
1175,cut1,1175,POPC,1034,6.963517665863037,7.326203346252441,60.38612747192383
1175,cut1,1175,POPC,1035,147.2023162841797,171.86453247070312,46.71800231933594
1175,cut1,1175,POPC,1036,52.716129302978516,198.44515991210938,47.65805053710937
1175,cut1,1175,POPC,1037,42.822120666503906,63.09651184082031,54.03020095825195
1175,cut1,1175,POPC,1038,53.78202056884766,242.2626953125,59.887062072753906
1175,cut1,1175,POPC,1039,176.0442657470703,127.1355209350586,56.33877944946289
1175,cut1,1175,POPC,1040,72.51286315917969,86.77207946777344,54.45964050292969
1175,cut1,1175,POPC,1041,73.83953857421875,164.57020568847656,44.0334358215332
1175,cut1,1175,POPC,1042,115.2224349975586,28.950273513793945,63.462276458740234
1175,cut1,1175,POPC,1043,160.21441650390625,201.70791625976562,57.137908935546875
1175,cut1,1175,POPC,1044,160.43719482421875,133.32360839843747,57.27219009399414
1175,cut1,1175,POPC,1045,5.05270528793335,111.07979583740234,57.92929458618164
1175,cut1,1175,POPC,1046,173.14797973632812,210.26333618164062,53.568641662597656
1175,cut1,1175,POPC,1047,178.38829040527344,147.68319702148438,61.11678695678711
1175,cut1,1175,POPC,1048,170.87228393554688,61.59954833984375,52.01748275756836
1175,cut1,1175,POPC,1049,140.72740173339844,147.3609161376953,50.805419921875
1175,cut1,1175,POPC,1050,19.216638565063477,179.53759765625,48.7230110168457
1175,cut1,1175,POPC,1051,165.29527282714844,92.76436614990234,58.00257873535156
1175,cut1,1175,POPC,1052,183.49913024902344,213.33114624023438,51.952056884765625
1175,cut1,1175,POPC,1053,158.64523315429688,82.03121948242186,53.876495361328125
1175,cut1,1175,POPC,1054,165.2129364013672,121.15446472167969,51.41019821166992
1175,cut1,1175,POPC,1055,136.1676788330078,-1.0927761793136594,64.53236389160156
1175,cut1,1175,POPC,1056,21.054353713989258,70.9578628540039,52.59516906738281
1175,cut1,1175,POPC,1057,78.0024642944336,33.944862365722656,58.171627044677734
1175,cut1,1175,POPC,1058,179.52394104003906,223.53903198242188,58.297603607177734
1175,cut1,1175,POPC,1059,20.38102149963379,96.29325866699219,53.46984100341797
1175,cut1,1175,POPC,1060,113.86248779296875,53.59184265136719,56.29695510864258
1175,cut1,1175,POPC,1061,96.04644012451172,92.25953674316406,43.45930099487305
1175,cut1,1175,POPC,1062,23.018754959106445,30.798337936401367,62.772823333740234
1175,cut1,1175,POPC,1063,118.81608581542969,150.4703369140625,44.55280685424805
1175,cut1,1175,POPC,1064,40.725624084472656,74.32472229003906,52.70415496826172
1175,cut1,1175,POPC,1065,14.538713455200195,194.4023895263672,51.46937942504883
1175,cut1,1175,POPC,1066,175.26882934570312,232.51412963867188,63.865169525146484
1175,cut1,1175,POPC,1067,9.706171035766602,224.73570251464844,59.67866516113281
1175,cut1,1175,POPC,1068,90.73711395263672,30.741056442260742,58.07152557373047
1175,cut1,1175,POPC,1069,139.08273315429688,185.89520263671875,48.816184997558594
1175,cut1,1175,POPC,1070,25.03684425354004,0.3321448564529419,62.26473617553711
1175,cut1,1175,POPC,1071,40.73948669433594,201.66410827636722,49.83514022827149
1175,cut1,1175,POPC,1072,159.21670532226562,143.8394317626953,54.928985595703125
1175,cut1,1175,POPC,1073,82.59149932861328,37.73081970214844,57.32996368408203
1175,cut1,1175,POPC,1074,71.51341247558594,181.19482421875,44.96428298950195
1175,cut1,1175,POPC,1075,23.850862503051758,37.336669921875,62.14979934692383
1175,cut1,1175,POPC,1076,158.43406677246094,75.0613021850586,52.7697868347168
1175,cut1,1175,POPC,1077,144.6055755615234,39.41703414916992,61.82339859008789
1175,cut1,1175,POPC,1078,174.978759765625,104.6775131225586,57.434146881103516
1175,cut1,1175,POPC,1079,180.45730590820312,164.22567749023438,55.21987533569336
1175,cut1,1175,POPC,1080,161.40853881835938,10.466858863830566,61.29182052612305
1175,cut1,1175,POPC,1081,10.537263870239258,79.9217300415039,53.989463806152344
1175,cut1,1175,POPC,1082,-1.3072036504745483,192.23928833007812,55.528255462646484
1175,cut1,1175,POPC,1083,168.5708770751953,8.809769630432129,60.91252517700195
1175,cut1,1175,POPC,1084,159.10528564453125,6.041892051696777,61.60829544067383
1175,cut1,1175,POPC,1085,104.98583221435547,182.59690856933594,42.553401947021484
1175,cut1,1175,POPC,1086,-0.5503447651863098,117.65694427490234,59.609188079833984
1175,cut1,1175,POPC,1087,39.14734649658203,99.43736267089844,47.26017761230469
1175,cut1,1175,POPC,1088,96.52486419677734,17.02952003479004,60.32417297363281
1175,cut1,1175,POPC,1089,132.35037231445312,163.3802032470703,38.0621452331543
1175,cut1,1175,POPC,1090,192.6290740966797,88.71846008300781,56.72441864013672
1175,cut1,1175,POPC,1091,104.85394287109375,228.6940460205078,58.9020881652832
1175,cut1,1175,POPC,1092,155.98316955566406,212.467041015625,48.99492645263672
1175,cut1,1175,POPC,1093,4.585221767425537,196.06716918945312,51.57867431640625
1175,cut1,1175,POPC,1094,64.29862976074219,68.28838348388672,55.56120300292969
1175,cut1,1175,POPC,1095,80.62626647949219,84.47074127197266,57.640865325927734
1175,cut1,1175,POPC,1096,80.32563781738281,23.05376625061035,59.100521087646484
1175,cut1,1175,POPC,1097,166.32646179199222,245.1632843017578,66.2520751953125
1175,cut1,1175,POPC,1098,42.339393615722656,91.6909866333008,53.1530647277832
1175,cut1,1175,POPC,1099,134.18563842773438,33.10614013671875,63.62057113647461
1175,cut1,1175,POPC,1100,5.243577480316162,233.8866424560547,57.95644760131836
1175,cut1,1175,POPC,1101,188.23622131347656,96.9150619506836,53.60599899291992
1175,cut1,1175,POPC,1102,114.29486846923828,189.40667724609375,49.72667694091797
1175,cut1,1175,POPC,1103,4.661218166351318,78.36772155761719,57.02682113647461
1175,cut1,1175,POPC,1104,168.0987548828125,142.40634155273438,57.32490158081055
1175,cut1,1175,POPC,1105,108.18829345703125,241.22018432617188,64.52106475830078
1175,cut1,1175,POPC,1106,60.712066650390625,161.4532470703125,42.09046936035156
1175,cut1,1175,POPC,1107,17.341569900512695,101.7003402709961,54.424049377441406
1175,cut1,1175,POPC,1108,99.64827728271484,214.95729064941406,59.208805084228516
1175,cut1,1175,POPC,1109,63.920467376708984,46.64939880371094,56.76405715942383
1175,cut1,1175,POPC,1110,16.726816177368164,227.76290893554688,57.443546295166016
1175,cut1,1175,POPC,1111,39.11639404296875,194.2479400634766,49.64301300048828
1175,cut1,1175,POPC,1112,190.30499267578125,123.91153717041016,56.59105682373047
1175,cut1,1175,POPC,1113,17.552698135375977,200.76287841796875,53.8514404296875
1175,cut1,1175,POPC,1114,16.705888748168945,28.13471794128418,64.32887268066406
1175,cut1,1175,POPC,1115,150.9412078857422,142.3184356689453,54.89427185058594
1175,cut1,1175,POPC,1116,168.26490783691406,158.89471435546875,50.77241516113281
1175,cut1,1175,POPC,1117,60.49734115600586,98.97222137451172,46.730743408203125
1175,cut1,1175,POPC,1118,74.45671081542969,97.88396453857422,44.09105682373047
1175,cut1,1175,POPC,1119,153.53977966308594,168.2854461669922,48.78020477294922
1175,cut1,1175,POPC,1120,77.82359313964844,248.8891143798828,62.051570892333984
1175,cut1,1175,POPC,1121,53.22412872314453,137.64341735839844,37.367393493652344
1175,cut1,1175,POPC,1122,125.84474182128906,156.50082397460938,40.080665588378906
1175,cut1,1175,POPC,1123,34.962059020996094,61.62187957763672,58.39332962036133
1175,cut1,1175,POPC,1124,93.39667510986328,45.425376892089844,56.236793518066406
1175,cut1,1175,POPC,1125,108.47018432617188,179.62237548828125,38.44429016113281
1175,cut1,1175,POPC,1126,76.71170806884766,10.005375862121582,60.59461212158203
1175,cut1,1175,POPC,1127,62.043453216552734,35.59219741821289,63.34316635131836
1175,cut1,1175,POPC,1128,179.43426513671875,248.04107666015625,61.762264251708984
1175,cut1,1175,POPC,1129,41.555091857910156,11.997305870056152,60.5063591003418
1175,cut1,1175,POPC,1130,72.29154968261719,226.3015594482422,55.674659729003906
1175,cut1,1175,POPC,1131,65.21148681640625,89.11958312988281,49.27998733520508
1175,cut1,1175,POPC,1132,137.70823669433594,141.85858154296875,46.571983337402344
1175,cut1,1175,POPC,1133,176.41722106933594,45.371734619140625,55.31916427612305
1175,cut1,1175,POPC,1134,173.75601196289062,142.59913635253906,58.87228775024414
1175,cut1,1175,POPC,1135,80.80838775634766,202.47994995117188,44.73564910888672
1175,cut1,1175,POPC,1136,81.56023406982422,215.02784729003906,51.88298034667969
1175,cut1,1175,POPC,1137,26.08609962463379,97.5810317993164,51.478973388671875
1175,cut1,1175,POPC,1138,59.55753707885742,179.2548065185547,50.102596282958984
1175,cut1,1175,POPC,1139,94.25031280517578,138.495849609375,50.609073638916016
1175,cut1,1175,POPC,1140,15.371477127075195,111.20942687988281,56.155517578125
1175,cut1,1175,POPC,1141,66.923828125,80.13104248046875,52.193302154541016
1175,cut1,1175,POPC,1142,154.58473205566406,132.88523864746094,49.953834533691406
1175,cut1,1175,POPC,1143,167.81187438964844,16.617292404174805,60.79169464111328
1175,cut1,1175,SAPI,1144,83.47696685791016,48.870140075683594,56.55230712890625
1175,cut1,1175,SAPI,1145,61.830474853515625,149.74742126464844,37.83326721191406
1175,cut1,1175,SAPI,1146,120.37229919433594,26.010278701782227,64.50102996826172
1175,cut1,1175,SAPI,1147,182.48605346679688,45.11138153076172,52.64906692504883
1175,cut1,1175,SAPI,1148,41.341880798339844,169.60731506347656,42.275367736816406
1175,cut1,1175,SAPI,1149,56.383243560791016,211.21022033691406,49.28883743286133
1175,cut1,1175,SAPI,1150,116.1229248046875,165.62103271484375,38.77756118774414
1175,cut1,1175,SAPI,1151,12.977014541625977,169.43238830566406,52.28109359741211
1175,cut1,1175,SAPI,1152,93.86539459228516,203.91708374023435,49.96607971191406
1175,cut1,1175,SAPI,1153,103.34027862548828,79.52424621582031,49.164302825927734
1175,cut1,1175,SAPI,1154,137.27598571777344,40.43080520629883,62.23256301879883
1175,cut1,1175,SAPI,1155,136.32916259765625,149.11048889160156,46.06410598754883
1175,cut1,1175,SAPI,1156,109.113525390625,6.614859580993652,62.35978317260742
1175,cut1,1175,SAPI,1157,153.93197631835938,72.17827606201172,49.89270782470703
1175,cut1,1175,SAPI,1158,30.410280227661133,83.34015655517578,52.031951904296875
1175,cut1,1175,SAPI,1159,150.77259826660156,219.24746704101562,48.75440979003906
1175,cut1,1175,SAPI,1160,69.53077697753906,100.16444396972656,41.61548614501953
1175,cut1,1175,SAPI,1161,192.3920440673828,143.6361083984375,58.73362350463867
1175,cut1,1175,SAPI,1162,131.58505249023438,141.88465881347656,46.26719284057617
1175,cut1,1175,SAPI,1163,152.91868591308594,91.69754028320312,57.649173736572266
1175,cut1,1175,SAPI,1164,141.68606567382812,130.1657257080078,41.310752868652344
1175,cut1,1175,SAPI,1165,147.41201782226562,101.48306274414062,50.03754425048828
1175,cut1,1175,SAPI,1166,178.78762817382812,171.86578369140625,54.65448760986328
1175,cut1,1175,SAPI,1167,175.73550415039062,164.7716522216797,50.35774612426758
1175,cut1,1175,SAPI,1168,159.4551544189453,241.4719696044922,66.30130767822266
1175,cut1,1175,SAPI,1169,153.8054656982422,61.96068572998047,57.4454345703125
1175,cut1,1175,SAPI,1170,90.71449279785156,197.36727905273438,45.37642288208008
1175,cut1,1175,SAPI,1171,113.35562133789062,237.23321533203125,63.149349212646484
1175,cut1,1175,SAPI,1172,105.30657958984375,169.41757202148438,35.17831802368164
1175,cut1,1175,SAPI,1173,70.04312896728516,2.2466652393341064,61.076778411865234
1175,cut1,1175,SAPI,1174,84.061279296875,95.6716079711914,49.13850784301758
1175,cut1,1175,SAPI,1175,101.0233154296875,220.96969604492188,59.31089401245117
1175,cut1,1175,SAPI,1176,150.87416076660156,249.85107421875,63.55403518676758
1175,cut1,1175,SAPI,1177,173.70321655273438,220.1376953125,52.47498321533203
1175,cut1,1175,SAPI,1178,75.21534729003906,170.456787109375,42.20343017578125
1175,cut1,1175,SAPI,1179,136.07777404785156,245.6731719970703,58.47452163696289
1175,cut1,1175,SAPI,1180,128.79771423339844,152.22171020507812,45.03414535522461
1175,cut1,1175,SAPI,1181,59.68151092529297,137.63046264648438,35.68008041381836
