,System,Frame,Resname,Resnum,X,Y,Z
1440,cut1,1440,POPC,0,126.12264251708986,208.69561767578125,86.30557250976562
1440,cut1,1440,POPC,1,25.18781089782715,161.04893493652344,85.10000610351562
1440,cut1,1440,POPC,2,146.6271514892578,18.11105728149414,102.93746948242188
1440,cut1,1440,POPC,3,102.07808685302734,166.8086395263672,79.51161193847655
1440,cut1,1440,POPC,4,150.10833740234375,188.94850158691406,95.86988830566408
1440,cut1,1440,POPC,5,110.37158966064453,175.57586669921875,81.94125366210938
1440,cut1,1440,POPC,6,155.19586181640625,156.5920867919922,93.7579345703125
1440,cut1,1440,POPC,7,24.82167625427246,228.17678833007812,99.35428619384766
1440,cut1,1440,POPC,8,1.154265284538269,55.675445556640625,96.91246795654297
1440,cut1,1440,POPC,9,160.0368194580078,155.7682342529297,98.27791595458986
1440,cut1,1440,POPC,10,1.7909992933273315,204.13031005859378,100.95040893554686
1440,cut1,1440,POPC,11,88.87877655029297,216.22616577148438,98.66390228271484
1440,cut1,1440,POPC,12,45.07122802734375,64.22737121582031,90.82007598876953
1440,cut1,1440,POPC,13,107.56890106201172,151.62176513671875,80.06644439697266
1440,cut1,1440,POPC,14,100.32383728027344,178.9210968017578,75.6715087890625
1440,cut1,1440,POPC,15,39.21754455566406,134.81246948242188,77.51486206054688
1440,cut1,1440,POPC,16,87.07315063476562,127.10660552978516,85.86822509765625
1440,cut1,1440,POPC,17,84.8460464477539,29.955718994140625,100.67547607421875
1440,cut1,1440,POPC,18,103.52903747558594,245.79652404785156,105.52516174316406
1440,cut1,1440,POPC,19,97.77009582519531,231.52566528320312,105.25472259521484
1440,cut1,1440,POPC,20,128.59695434570312,11.226930618286133,103.49031829833984
1440,cut1,1440,POPC,21,120.2811508178711,100.6739501953125,76.43136596679688
1440,cut1,1440,POPC,22,28.606679916381836,21.587642669677734,96.61196899414062
1440,cut1,1440,POPC,23,100.55860137939453,238.48094177246094,105.8197021484375
1440,cut1,1440,POPC,24,38.766204833984375,12.746028900146484,96.08600616455078
1440,cut1,1440,POPC,25,71.58977508544922,200.05853271484375,89.43832397460938
1440,cut1,1440,POPC,26,182.05868530273438,217.580322265625,100.97323608398438
1440,cut1,1440,POPC,27,42.10619354248047,174.1832733154297,82.11711883544922
1440,cut1,1440,POPC,28,9.992148399353027,221.27239990234375,96.67696380615234
1440,cut1,1440,POPC,29,52.694061279296875,21.506328582763672,97.57212829589844
1440,cut1,1440,POPC,30,158.2991485595703,212.986083984375,95.42695617675781
1440,cut1,1440,POPC,31,150.00645446777344,222.00308227539062,87.52777862548828
1440,cut1,1440,POPC,32,42.40126037597656,209.29983520507812,96.86018371582031
1440,cut1,1440,POPC,33,78.21770477294922,92.75902557373047,83.0667495727539
1440,cut1,1440,POPC,34,167.8381805419922,88.00007629394531,94.19998168945312
1440,cut1,1440,POPC,35,99.11213684082031,5.469499588012695,102.9308090209961
1440,cut1,1440,POPC,36,153.12008666992188,249.4197998046875,103.96001434326172
1440,cut1,1440,POPC,37,122.76851654052734,168.29675292968753,84.96465301513672
1440,cut1,1440,POPC,38,80.85103607177734,97.35863494873047,86.2011489868164
1440,cut1,1440,POPC,39,50.96686553955078,240.23269653320312,99.53855895996094
1440,cut1,1440,POPC,40,84.81828308105469,105.02556610107422,87.37366485595703
1440,cut1,1440,POPC,41,116.24528503417969,60.937835693359375,87.37928009033203
1440,cut1,1440,POPC,42,178.47169494628906,108.36839294433594,94.63008117675781
1440,cut1,1440,POPC,43,111.21881103515625,64.85874938964844,87.37545776367188
1440,cut1,1440,POPC,44,45.09613800048828,46.19029998779297,96.82810974121094
1440,cut1,1440,POPC,45,32.683319091796875,109.44354248046875,96.52561950683594
1440,cut1,1440,POPC,46,59.88080596923828,25.61916732788086,94.39042663574219
1440,cut1,1440,POPC,47,42.502105712890625,59.08787536621094,92.17679595947266
1440,cut1,1440,POPC,48,82.58753204345703,69.47831726074219,89.01741790771484
1440,cut1,1440,POPC,49,124.4851303100586,64.40803527832031,84.78707885742188
1440,cut1,1440,POPC,50,185.70877075195312,93.52857208251953,98.99057006835938
1440,cut1,1440,POPC,51,42.316802978515625,165.46275329589844,77.3270263671875
1440,cut1,1440,POPC,52,61.39750671386719,207.1237335205078,95.80908203125
1440,cut1,1440,POPC,53,150.8169708251953,154.4031982421875,88.79224395751953
1440,cut1,1440,POPC,54,90.9246826171875,73.54110717773438,86.6063232421875
1440,cut1,1440,POPC,55,158.655029296875,29.14621353149414,101.35443115234375
1440,cut1,1440,POPC,56,92.89582824707031,8.61700439453125,101.17448425292969
1440,cut1,1440,POPC,57,125.73052215576172,184.9463958740234,88.8978271484375
1440,cut1,1440,POPC,58,173.6474151611328,83.00237274169922,95.04711151123047
1440,cut1,1440,POPC,59,62.06656265258789,58.25,95.12540435791016
1440,cut1,1440,POPC,60,20.197980880737305,210.3466033935547,98.02771759033203
1440,cut1,1440,POPC,61,82.94901275634766,180.99256896972656,84.5537338256836
1440,cut1,1440,POPC,62,107.89313507080078,164.95228576660156,80.62237548828125
1440,cut1,1440,POPC,63,23.303808212280273,7.122835159301758,94.07193756103516
1440,cut1,1440,POPC,64,183.92640686035156,68.10116577148438,97.63145446777344
1440,cut1,1440,POPC,65,145.27377319335938,1.2841110229492188,102.17992401123047
1440,cut1,1440,POPC,66,104.19514465332031,144.26019287109375,82.16390228271484
1440,cut1,1440,POPC,67,191.11895751953125,235.5089111328125,100.48760986328125
1440,cut1,1440,POPC,68,44.40156555175781,178.9767608642578,84.4189453125
1440,cut1,1440,POPC,69,155.0396728515625,9.443363189697266,103.1728515625
1440,cut1,1440,POPC,70,110.0707015991211,37.92023849487305,101.1609115600586
1440,cut1,1440,POPC,71,171.21009826660156,250.69915771484375,106.34608459472656
1440,cut1,1440,POPC,72,122.4998550415039,200.77716064453125,55.04508972167969
1440,cut1,1440,POPC,73,29.89272117614746,92.36005401611328,95.95417022705078
1440,cut1,1440,POPC,74,189.91217041015625,166.67001342773438,98.76129913330078
1440,cut1,1440,POPC,75,53.35980224609375,150.27745056152344,72.21177673339844
1440,cut1,1440,POPC,76,125.47053527832031,149.56605529785156,82.57461547851562
1440,cut1,1440,POPC,77,14.34592342376709,197.9534149169922,97.08366394042969
1440,cut1,1440,POPC,78,161.6622314453125,131.89486694335938,98.2581787109375
1440,cut1,1440,POPC,79,12.449667930603027,94.80818176269531,54.35393142700195
1440,cut1,1440,POPC,80,54.234825134277344,224.44248962402344,97.82422637939453
1440,cut1,1440,POPC,81,105.612060546875,228.95025634765625,107.7549819946289
1440,cut1,1440,POPC,82,55.74494171142578,93.12700653076172,87.72288513183594
1440,cut1,1440,POPC,83,37.413658142089844,46.65888977050781,97.3089370727539
1440,cut1,1440,POPC,84,57.02515411376953,16.70301055908203,97.22525787353514
1440,cut1,1440,POPC,85,79.40082550048828,177.98611450195312,83.84748077392578
1440,cut1,1440,POPC,86,110.29873657226562,79.78314971923828,82.0479965209961
1440,cut1,1440,POPC,87,138.74522399902344,30.28223419189453,101.07257843017577
1440,cut1,1440,POPC,88,82.00069427490234,60.42530822753906,89.94132995605469
1440,cut1,1440,POPC,89,29.580106735229492,104.76065063476562,98.00729370117188
1440,cut1,1440,POPC,90,155.43272399902344,116.44693756103516,93.2731704711914
1440,cut1,1440,POPC,91,130.78030395507812,32.662506103515625,98.73819732666016
1440,cut1,1440,POPC,92,30.713926315307617,78.54969787597656,90.49671936035156
1440,cut1,1440,POPC,93,120.67122650146484,204.1420135498047,88.03482055664062
1440,cut1,1440,POPC,94,-1.0813151597976685,47.533538818359375,97.62498474121094
1440,cut1,1440,POPC,95,118.17022705078125,172.509033203125,83.1833724975586
1440,cut1,1440,POPC,96,185.5840606689453,161.37844848632812,103.2281494140625
1440,cut1,1440,POPC,97,95.50556182861328,120.56668853759766,43.476680755615234
1440,cut1,1440,POPC,98,103.67293548583984,57.484642028808594,90.5409927368164
1440,cut1,1440,POPC,99,174.55300903320312,53.35479736328125,94.6491470336914
1440,cut1,1440,POPC,100,44.11913299560547,134.02810668945312,76.64747619628906
1440,cut1,1440,POPC,101,51.661598205566406,78.77660369873047,89.43080139160156
1440,cut1,1440,POPC,102,50.97301483154297,194.6609344482422,93.96807098388672
1440,cut1,1440,POPC,103,163.29177856445312,210.74658203125,97.42493438720703
1440,cut1,1440,POPC,104,7.089217185974121,239.87010192871094,96.7584457397461
1440,cut1,1440,POPC,105,21.382780075073242,250.65025329589844,98.98935699462892
1440,cut1,1440,POPC,106,48.86139678955078,70.02241516113281,90.61510467529297
1440,cut1,1440,POPC,107,23.90217399597168,118.85188293457031,95.95085144042969
1440,cut1,1440,POPC,108,174.71517944335935,207.95962524414062,100.31973266601564
1440,cut1,1440,POPC,109,53.468238830566406,246.64356994628906,98.32341003417969
1440,cut1,1440,POPC,110,56.307823181152344,59.21320343017578,93.56108093261719
1440,cut1,1440,POPC,111,156.15379333496094,15.249980926513672,102.40457153320312
1440,cut1,1440,POPC,112,156.21417236328125,39.472145080566406,98.86040496826172
1440,cut1,1440,POPC,113,28.16524314880371,29.992977142333984,93.61732482910156
1440,cut1,1440,POPC,114,104.66273498535156,96.82808685302734,80.30094146728516
1440,cut1,1440,POPC,115,88.84568786621094,16.385093688964844,101.45344543457031
1440,cut1,1440,POPC,116,75.00814056396484,236.39389038085938,104.11251068115234
1440,cut1,1440,POPC,117,65.22653198242188,74.90843963623047,88.514404296875
1440,cut1,1440,POPC,118,62.88084030151367,244.97621154785156,97.91639709472656
1440,cut1,1440,POPC,119,100.84683227539062,84.12761688232422,80.83197784423828
1440,cut1,1440,POPC,120,142.4643096923828,206.22955322265625,87.53433227539062
1440,cut1,1440,POPC,121,59.24045944213867,8.901956558227539,98.9454116821289
1440,cut1,1440,POPC,122,177.5469970703125,250.0764312744141,103.97916412353516
1440,cut1,1440,POPC,123,53.211997985839844,181.17291259765625,86.00422668457033
1440,cut1,1440,POPC,124,13.469443321228027,210.38880920410156,98.36792755126953
1440,cut1,1440,POPC,125,12.916686058044434,19.1156005859375,94.64057159423828
1440,cut1,1440,POPC,126,31.74501609802246,202.86338806152344,96.5893783569336
1440,cut1,1440,POPC,127,160.67474365234375,114.32625579833984,93.12165069580078
1440,cut1,1440,POPC,128,22.934492111206055,221.9664306640625,101.54985809326172
1440,cut1,1440,POPC,129,148.702880859375,28.484939575195312,106.34249877929688
1440,cut1,1440,POPC,130,176.31768798828125,166.35377502441406,99.40469360351562
1440,cut1,1440,POPC,131,39.446434020996094,202.08909606933594,94.5543212890625
1440,cut1,1440,POPC,132,71.03318786621094,203.16958618164062,51.06162643432617
1440,cut1,1440,POPC,133,94.01007080078125,145.5352020263672,51.3859634399414
1440,cut1,1440,POPC,134,109.24462890625,40.95267868041992,94.63326263427734
1440,cut1,1440,POPC,135,183.26246643066406,144.7296142578125,100.8163833618164
1440,cut1,1440,POPC,136,165.72340393066406,81.10486602783203,92.45174407958984
1440,cut1,1440,POPC,137,33.76649475097656,161.32313537597656,83.11270141601562
1440,cut1,1440,POPC,138,86.53995513916016,79.33763885498047,85.8262939453125
1440,cut1,1440,POPC,139,165.67803955078125,126.33771514892578,96.17780303955078
1440,cut1,1440,POPC,140,102.91365814208984,156.4519195556641,75.21925354003906
1440,cut1,1440,POPC,141,188.9048614501953,125.33636474609375,96.20832061767578
1440,cut1,1440,POPC,142,192.7808380126953,172.91221618652344,93.59475708007812
1440,cut1,1440,POPC,143,49.79096984863281,110.7497329711914,83.69791412353516
1440,cut1,1440,POPC,144,85.26203155517578,203.1316375732422,93.95048522949219
1440,cut1,1440,POPC,145,142.72547912597656,151.74969482421875,88.18788146972656
1440,cut1,1440,POPC,146,116.14519500732422,188.54713439941406,86.21090698242188
1440,cut1,1440,POPC,147,35.28839874267578,216.15264892578125,97.45002746582031
1440,cut1,1440,POPC,148,146.10971069335938,114.95182037353516,90.64063262939453
1440,cut1,1440,POPC,149,12.837477684020996,34.608123779296875,93.63764190673828
1440,cut1,1440,POPC,150,41.21986389160156,184.27012634277344,86.54618072509766
1440,cut1,1440,POPC,151,115.43943786621094,82.14551544189453,77.1933364868164
1440,cut1,1440,POPC,152,184.9769744873047,117.71766662597656,94.00741577148438
1440,cut1,1440,POPC,153,136.97598266601565,130.72796630859375,88.05650329589844
1440,cut1,1440,POPC,154,126.20516967773438,197.68527221679688,85.47444152832031
1440,cut1,1440,POPC,155,23.016691207885742,85.67900848388672,96.06063079833984
1440,cut1,1440,POPC,156,75.90576171875,41.93092346191406,96.55867004394531
1440,cut1,1440,POPC,157,40.253578186035156,89.2545394897461,89.5594711303711
1440,cut1,1440,POPC,158,58.06367492675781,176.8542022705078,86.61949920654297
1440,cut1,1440,POPC,159,112.73407745361328,95.33238220214844,77.00393676757812
1440,cut1,1440,POPC,160,103.4395751953125,44.23289108276367,92.45335388183594
1440,cut1,1440,POPC,161,65.40061950683594,145.54335021972656,78.20101165771484
1440,cut1,1440,POPC,162,179.9642333984375,199.50697326660156,97.41389465332031
1440,cut1,1440,POPC,163,58.662384033203125,219.65036010742188,96.02510833740234
1440,cut1,1440,POPC,164,96.74910736083984,19.046154022216797,103.95581817626953
1440,cut1,1440,POPC,165,-1.019257664680481,32.96162414550781,94.73424530029297
1440,cut1,1440,POPC,166,61.314247131347656,189.14837646484375,87.1317367553711
1440,cut1,1440,POPC,167,65.78851318359375,196.50128173828125,91.14435577392578
1440,cut1,1440,POPC,168,34.8751220703125,95.10305786132812,93.15953063964844
1440,cut1,1440,POPC,169,170.0853729248047,180.26690673828125,99.20061492919922
1440,cut1,1440,POPC,170,175.2726287841797,15.415424346923828,100.16980743408203
1440,cut1,1440,POPC,171,93.4835433959961,28.04669189453125,100.97412872314453
1440,cut1,1440,POPC,172,144.06549072265625,159.1053466796875,90.15188598632812
1440,cut1,1440,POPC,173,0.6256017088890076,87.4874267578125,100.20149993896484
1440,cut1,1440,POPC,174,162.6145477294922,200.7702178955078,96.00682067871094
1440,cut1,1440,POPC,175,75.4451446533203,105.12981414794922,87.40338134765625
1440,cut1,1440,POPC,176,194.5337677001953,70.70458221435547,96.14530181884766
1440,cut1,1440,POPC,177,142.97613525390625,6.623298645019531,103.7474136352539
1440,cut1,1440,POPC,178,172.7082061767578,228.7831878662109,105.57136535644531
1440,cut1,1440,POPC,179,37.94200134277344,241.369873046875,99.45531463623047
1440,cut1,1440,POPC,180,28.809568405151367,87.09745025634766,91.61737823486328
1440,cut1,1440,POPC,181,34.876792907714844,37.286563873291016,96.61549377441406
1440,cut1,1440,POPC,182,121.54667663574219,154.94471740722656,82.07886505126953
1440,cut1,1440,POPC,183,114.55097961425781,106.61144256591797,81.46166229248047
1440,cut1,1440,POPC,184,133.63487243652344,203.4725799560547,86.51717376708984
1440,cut1,1440,POPC,185,97.73944091796875,131.3743896484375,81.86449432373047
1440,cut1,1440,POPC,186,187.9975128173828,25.69500732421875,95.19481658935547
1440,cut1,1440,POPC,187,140.02195739746094,11.124317169189453,100.46614074707031
1440,cut1,1440,POPC,188,22.763463973999023,48.4610595703125,94.77564239501953
1440,cut1,1440,POPC,189,44.76880645751953,250.49917602539062,98.89739227294922
1440,cut1,1440,POPC,190,129.842529296875,91.17735290527344,75.6902847290039
1440,cut1,1440,POPC,191,30.74873161315918,6.486246109008789,55.618709564208984
1440,cut1,1440,POPC,192,69.52938842773438,46.70984649658203,94.62615966796875
1440,cut1,1440,POPC,193,145.19061279296875,243.93771362304688,99.8247756958008
1440,cut1,1440,POPC,194,17.300390243530273,82.37095642089844,96.26821899414062
1440,cut1,1440,POPC,195,155.21868896484375,101.04300689697266,93.5098876953125
1440,cut1,1440,POPC,196,37.04559326171875,236.91177368164062,95.10810852050781
1440,cut1,1440,POPC,197,48.036163330078125,27.90349578857422,100.07017517089844
1440,cut1,1440,POPC,198,32.16289520263672,229.75381469726562,97.68340301513672
1440,cut1,1440,POPC,199,37.37029266357422,249.4195098876953,96.08619689941406
1440,cut1,1440,POPC,200,13.776511192321777,84.92871856689453,57.728633880615234
1440,cut1,1440,POPC,201,180.35986328125,237.83270263671875,105.64348602294922
1440,cut1,1440,POPC,202,29.206693649291992,45.399681091308594,95.95394897460938
1440,cut1,1440,POPC,203,177.34524536132812,118.4440689086914,92.81188201904297
1440,cut1,1440,POPC,204,144.9716033935547,181.65206909179688,95.81551361083984
1440,cut1,1440,POPC,205,135.41854858398438,136.76158142089844,87.3019027709961
1440,cut1,1440,POPC,206,13.815886497497559,59.86284637451172,96.69951629638672
1440,cut1,1440,POPC,207,49.73765563964844,165.37232971191406,77.98554229736328
1440,cut1,1440,POPC,208,71.1153564453125,221.14944458007812,100.99667358398438
1440,cut1,1440,POPC,209,15.51261043548584,251.28460693359375,96.11865234375
1440,cut1,1440,POPC,210,34.472679138183594,196.6259002685547,90.08522033691406
1440,cut1,1440,POPC,211,153.2424774169922,123.0147476196289,93.74134063720703
1440,cut1,1440,POPC,212,15.501044273376465,6.468938827514648,96.9940185546875
1440,cut1,1440,POPC,213,154.48651123046875,73.78634643554688,97.64193725585938
1440,cut1,1440,POPC,214,178.2675323486328,173.25918579101562,101.43171691894531
1440,cut1,1440,POPC,215,176.29612731933594,8.8978271484375,102.75858306884766
1440,cut1,1440,POPC,216,90.33413696289062,36.800514221191406,97.98175048828125
1440,cut1,1440,POPC,217,150.45497131347656,145.6400604248047,92.58756256103516
1440,cut1,1440,POPC,218,155.4506072998047,218.6565399169922,89.3673324584961
1440,cut1,1440,POPC,219,120.18305969238283,4.653816223144531,98.28298950195312
1440,cut1,1440,POPC,220,31.5410213470459,237.6946563720703,98.79591369628906
1440,cut1,1440,POPC,221,175.8451690673828,153.76930236816406,101.91871643066406
1440,cut1,1440,POPC,222,56.11842346191406,65.71895599365234,91.74650573730469
1440,cut1,1440,POPC,223,79.16057586669922,139.6717529296875,78.75929260253906
1440,cut1,1440,POPC,224,86.57368469238281,92.15742492675781,85.09839630126953
1440,cut1,1440,POPC,225,185.0465545654297,235.58480834960938,103.80052185058594
1440,cut1,1440,POPC,226,27.21687126159668,139.20468139648438,80.41997528076172
1440,cut1,1440,POPC,227,69.84230804443358,187.41806030273438,85.93800354003906
1440,cut1,1440,POPC,228,6.348692893981934,72.11967468261719,92.79100799560547
1440,cut1,1440,POPC,229,99.3126449584961,96.5289764404297,78.08872985839842
1440,cut1,1440,POPC,230,142.2786865234375,175.67807006835938,94.60033416748047
1440,cut1,1440,POPC,231,158.08843994140625,61.405479431152344,97.53795623779297
1440,cut1,1440,POPC,232,131.72421264648438,184.0942840576172,50.166324615478516
1440,cut1,1440,POPC,233,127.5511245727539,179.55738830566406,85.24072265625
1440,cut1,1440,POPC,234,36.93754577636719,208.167236328125,98.13321685791016
1440,cut1,1440,POPC,235,181.7515106201172,12.612686157226562,101.62401580810547
1440,cut1,1440,POPC,236,186.8484649658203,55.687660217285156,96.32671356201172
1440,cut1,1440,POPC,237,114.385986328125,166.978515625,82.78900146484375
1440,cut1,1440,POPC,238,87.3298568725586,51.670166015625,91.66106414794922
1440,cut1,1440,POPC,239,71.79681396484375,56.60489654541016,91.2881851196289
1440,cut1,1440,POPC,240,34.62012481689453,70.42837524414062,92.60952758789062
1440,cut1,1440,POPC,241,18.010961532592773,236.14251708984375,97.89997863769531
1440,cut1,1440,POPC,242,148.36007690429688,127.61560821533203,94.12104034423828
1440,cut1,1440,POPC,243,123.34220886230469,57.12079620361328,87.34947967529297
1440,cut1,1440,POPC,244,63.48307800292969,33.424957275390625,98.87474060058594
1440,cut1,1440,POPC,245,185.25039672851562,62.017967224121094,97.89935302734375
1440,cut1,1440,POPC,246,113.67500305175781,89.2575454711914,76.25535583496094
1440,cut1,1440,POPC,247,15.855284690856934,25.42141342163086,52.8216438293457
1440,cut1,1440,POPC,248,48.865943908691406,85.04894256591797,87.4238510131836
1440,cut1,1440,POPC,249,81.8792953491211,82.56150817871094,87.58621215820312
1440,cut1,1440,POPC,250,181.2210693359375,79.9822769165039,98.28359985351562
1440,cut1,1440,POPC,251,94.71371459960938,63.765098571777344,85.81175231933594
1440,cut1,1440,POPC,252,135.71295166015625,105.8736343383789,76.02669525146484
1440,cut1,1440,POPC,253,83.82760620117188,245.197998046875,107.1900634765625
1440,cut1,1440,POPC,254,80.52093505859375,232.32073974609375,103.12749481201172
1440,cut1,1440,POPC,255,122.43602752685547,192.2153778076172,84.7905502319336
1440,cut1,1440,POPC,256,5.969573020935059,49.871116638183594,95.77391815185547
1440,cut1,1440,POPC,257,132.148193359375,247.74368286132812,98.09251403808594
1440,cut1,1440,POPC,258,42.17174530029297,71.62580108642578,91.92350769042969
1440,cut1,1440,POPC,259,46.6622314453125,151.39581298828125,75.21751403808594
1440,cut1,1440,POPC,260,130.2494659423828,83.81261444091797,80.23039245605469
1440,cut1,1440,POPC,261,179.38914489746094,28.915523529052734,94.73799133300781
1440,cut1,1440,POPC,262,73.33689880371094,26.087448120117188,96.20365905761719
1440,cut1,1440,POPC,263,71.71343994140625,95.80148315429688,87.65180969238281
1440,cut1,1440,POPC,264,35.23271942138672,83.40643310546875,89.06991577148438
1440,cut1,1440,POPC,265,171.7334747314453,172.27723693847656,100.04730987548828
1440,cut1,1440,POPC,266,117.67288970947267,248.95736694335938,103.20600891113281
1440,cut1,1440,POPC,267,135.24327087402344,165.5057830810547,86.31169891357422
1440,cut1,1440,POPC,268,109.3816909790039,196.5117645263672,80.80437469482422
1440,cut1,1440,POPC,269,164.1181640625,25.173038482666016,100.94268035888673
1440,cut1,1440,POPC,270,59.45791244506835,230.88546752929688,99.63058471679688
1440,cut1,1440,POPC,271,8.445342063903809,205.83169555664062,98.67007446289061
1440,cut1,1440,POPC,272,106.2821273803711,7.9588470458984375,100.00624084472656
1440,cut1,1440,POPC,273,66.51881408691406,31.851356506347656,93.89399719238281
1440,cut1,1440,POPC,274,153.2558135986328,94.58827209472656,90.86544036865234
1440,cut1,1440,POPC,275,14.490462303161621,120.65740966796875,96.22762298583984
1440,cut1,1440,POPC,276,13.987570762634277,-0.15480802953243256,59.26873016357422
1440,cut1,1440,POPC,277,102.85694885253906,79.10873413085938,80.91761016845703
1440,cut1,1440,POPC,278,9.373518943786621,77.94314575195312,97.37741088867188
1440,cut1,1440,POPC,279,165.44888305664065,245.10475158691406,105.29788970947266
1440,cut1,1440,POPC,280,48.32244873046875,105.39058685302734,88.17986297607422
1440,cut1,1440,POPC,281,168.68911743164062,150.18270874023438,98.64410400390625
1440,cut1,1440,POPC,282,93.58448028564453,102.18971252441406,82.0201416015625
1440,cut1,1440,POPC,283,88.86266326904297,197.03985595703125,85.82101440429688
1440,cut1,1440,POPC,284,116.42616271972656,135.83108520507812,78.6089859008789
1440,cut1,1440,POPC,285,169.03643798828125,67.25173950195312,97.60648345947266
1440,cut1,1440,POPC,286,178.3238067626953,192.94296264648438,96.08484649658203
1440,cut1,1440,POPC,287,65.10746765136719,138.5178985595703,73.33607482910156
1440,cut1,1440,POPC,288,69.45573425292969,13.171924591064453,101.15237426757812
1440,cut1,1440,POPC,289,27.203535079956055,53.278350830078125,93.33527374267578
1440,cut1,1440,POPC,290,94.29345703125,239.74581909179688,104.1518325805664
1440,cut1,1440,POPC,291,176.84750366210938,222.7863311767578,105.3921127319336
1440,cut1,1440,POPC,292,42.86383056640626,190.59735107421875,88.5886001586914
1440,cut1,1440,POPC,293,24.0656795501709,245.88739013671875,96.7313003540039
1440,cut1,1440,POPC,294,3.5818090438842773,4.911550521850586,101.38977813720703
1440,cut1,1440,POPC,295,126.72536468505861,82.92418670654297,45.97104263305664
1440,cut1,1440,POPC,296,76.19751739501953,248.77987670898438,101.2719497680664
1440,cut1,1440,POPC,297,171.5496368408203,104.51700592041016,97.66654205322266
1440,cut1,1440,POPC,298,115.94353485107422,182.22686767578125,82.6949691772461
1440,cut1,1440,POPC,299,57.055267333984375,108.70033264160156,80.96804809570312
1440,cut1,1440,POPC,300,181.88287353515625,5.496570587158203,102.98611450195312
1440,cut1,1440,POPC,301,23.986608505249023,205.419189453125,97.07962036132812
1440,cut1,1440,POPC,302,57.56841278076172,87.15805053710938,88.55218505859375
1440,cut1,1440,POPC,303,43.01978302001953,197.08140563964844,92.9039077758789
1440,cut1,1440,POPC,304,132.64646911621094,76.37179565429688,80.10730743408203
1440,cut1,1440,POPC,305,29.16877555847168,155.70753479003906,82.57115936279297
1440,cut1,1440,POPC,306,24.391950607299805,91.60804748535156,98.44971466064453
1440,cut1,1440,POPC,307,37.91040802001953,170.9865264892578,84.71626281738281
1440,cut1,1440,POPC,308,133.7681121826172,28.469070434570312,103.51649475097656
1440,cut1,1440,POPC,309,88.21316528320312,41.89030456542969,94.8092269897461
1440,cut1,1440,POPC,310,60.745384216308594,164.0424346923828,82.54814147949219
1440,cut1,1440,POPC,311,179.51353454589844,47.273284912109375,96.34095764160156
1440,cut1,1440,POPC,312,46.13671875,13.386493682861328,99.52828979492188
1440,cut1,1440,POPC,313,155.10446166992188,110.60657501220703,91.74388885498047
1440,cut1,1440,POPC,314,55.01713562011719,161.8095245361328,81.31507110595703
1440,cut1,1440,POPC,315,176.19522094726562,214.7945556640625,100.64488983154297
1440,cut1,1440,POPC,316,165.9893035888672,36.1661376953125,99.83705139160156
1440,cut1,1440,POPC,317,84.23979187011719,223.68374633789062,102.47382354736328
1440,cut1,1440,POPC,318,20.082502365112305,16.62994384765625,93.43196868896484
1440,cut1,1440,POPC,319,24.011632919311523,144.15640258789062,80.94657135009766
1440,cut1,1440,POPC,320,58.12000274658203,213.20591735839844,96.76868438720703
1440,cut1,1440,POPC,321,0.6471700072288513,248.32070922851562,101.39802551269531
1440,cut1,1440,POPC,322,124.41598510742188,91.72870635986328,75.44888305664062
1440,cut1,1440,POPC,323,173.3125,129.2438201904297,97.97434997558594
1440,cut1,1440,POPC,324,188.73912048339844,83.01747131347656,98.66053771972655
1440,cut1,1440,POPC,325,133.36154174804688,19.123348236083984,106.06071472167969
1440,cut1,1440,POPC,326,112.98992156982422,50.10283660888672,89.76315307617188
1440,cut1,1440,POPC,327,127.5339126586914,23.122722625732422,105.05946350097656
1440,cut1,1440,POPC,328,11.813551902770996,29.35073471069336,96.98040008544922
1440,cut1,1440,POPC,329,50.98668670654297,100.43061828613281,88.89531707763672
1440,cut1,1440,POPC,330,31.672948837280273,250.32534790039062,96.88676452636719
1440,cut1,1440,POPC,331,138.5509796142578,191.6811981201172,90.80964660644531
1440,cut1,1440,POPC,332,102.18256378173828,15.82501220703125,99.26142883300781
1440,cut1,1440,POPC,333,185.503662109375,109.8536148071289,94.96650695800781
1440,cut1,1440,POPC,334,179.5098419189453,99.67817687988281,96.5921401977539
1440,cut1,1440,POPC,335,7.120673179626466,17.60140609741211,99.03306579589844
1440,cut1,1440,POPC,336,48.277412414550774,159.7935333251953,74.75958251953125
1440,cut1,1440,POPC,337,152.74441528320312,170.1129608154297,95.46977996826172
1440,cut1,1440,POPC,338,6.252768516540527,89.50116729736328,98.92256927490234
1440,cut1,1440,POPC,339,104.52461242675781,66.229736328125,87.08382415771484
1440,cut1,1440,POPC,340,159.95590209960938,1.3675270080566406,105.0886459350586
1440,cut1,1440,POPC,341,137.79376220703125,197.88832092285156,85.26020812988281
1440,cut1,1440,POPC,342,25.973905563354492,12.308420181274414,92.9184341430664
1440,cut1,1440,POPC,343,2.8146963119506836,216.42172241210938,100.32731628417969
1440,cut1,1440,POPC,344,99.30493927001953,53.532676696777344,88.09162902832031
1440,cut1,1440,POPC,345,145.4888153076172,141.603759765625,94.57002258300781
1440,cut1,1440,POPC,346,161.7352294921875,90.48033905029297,93.92149353027344
1440,cut1,1440,POPC,347,184.1346893310547,191.20068359375,59.551639556884766
1440,cut1,1440,POPC,348,128.58529663085938,71.79917907714844,83.849609375
1440,cut1,1440,POPC,349,172.187255859375,44.631431579589844,98.79124450683594
1440,cut1,1440,POPC,350,137.89593505859375,114.48187255859375,85.47563934326172
1440,cut1,1440,POPC,351,29.929136276245117,175.66578674316406,84.19181823730469
1440,cut1,1440,POPC,352,5.177962303161621,36.72560119628906,97.7652359008789
1440,cut1,1440,POPC,353,168.79718017578125,234.5326385498047,105.67272186279297
1440,cut1,1440,POPC,354,33.727867126464844,104.7804183959961,93.42437744140625
1440,cut1,1440,POPC,355,72.38951110839844,143.21112060546875,77.70882415771484
1440,cut1,1440,POPC,356,94.33980560302734,222.82070922851562,101.85401153564453
1440,cut1,1440,POPC,357,191.5084686279297,75.07284545898438,98.0483169555664
1440,cut1,1440,POPC,358,59.011878967285156,195.4106903076172,94.13745880126953
1440,cut1,1440,POPC,359,134.4899444580078,215.05262756347656,89.3311767578125
1440,cut1,1440,POPC,360,187.08653259277344,218.4761505126953,98.8282699584961
1440,cut1,1440,POPC,361,36.822479248046875,188.82516479492188,88.6502914428711
1440,cut1,1440,POPC,362,97.44729614257812,246.19784545898438,104.61640167236328
1440,cut1,1440,POPC,363,126.81607055664062,134.7812042236328,84.55291748046875
1440,cut1,1440,POPC,364,40.118309020996094,149.81362915039062,75.69264221191406
1440,cut1,1440,POPC,365,77.46168518066406,75.39922332763672,90.78963470458984
1440,cut1,1440,POPC,366,96.74748992919922,104.89363861083984,77.88982391357422
1440,cut1,1440,POPC,367,128.4378662109375,170.3582305908203,86.889404296875
1440,cut1,1440,POPC,368,178.79977416992188,73.07915496826172,96.85840606689453
1440,cut1,1440,POPC,369,121.57563018798828,12.85052490234375,100.75582122802734
1440,cut1,1440,POPC,370,150.16055297851562,161.51220703125,93.26432037353516
1440,cut1,1440,POPC,371,62.217708587646484,157.49606323242188,79.04087829589844
1440,cut1,1440,POPC,372,3.289130210876465,223.09005737304688,99.43587493896483
1440,cut1,1440,POPC,373,47.68006896972656,221.97216796875,98.98268127441408
1440,cut1,1440,POPC,374,4.137862205505371,29.697864532470703,96.96553039550781
1440,cut1,1440,POPC,375,70.52037048339842,230.8623046875,104.21051788330078
1440,cut1,1440,POPC,376,41.06360626220703,101.96056365966797,92.24848937988281
1440,cut1,1440,POPC,377,114.04499816894531,23.662578582763672,103.89823150634766
1440,cut1,1440,POPC,378,103.91699981689453,113.65499114990234,74.46488189697266
1440,cut1,1440,POPC,379,4.485075950622559,42.393436431884766,97.39151763916016
1440,cut1,1440,POPC,380,55.143890380859375,104.4179458618164,88.299072265625
1440,cut1,1440,POPC,381,37.787681579589844,6.729129791259766,92.01520538330078
1440,cut1,1440,POPC,382,38.896453857421875,165.27081298828125,82.31275177001952
1440,cut1,1440,POPC,383,148.9629364013672,40.62516784667969,99.6622085571289
1440,cut1,1440,POPC,384,22.840299606323242,153.91104125976562,81.08282470703125
1440,cut1,1440,POPC,385,142.6116943359375,194.5037384033203,94.72817993164062
1440,cut1,1440,POPC,386,86.8989028930664,10.410511016845703,99.2294921875
1440,cut1,1440,POPC,387,71.06591033935547,36.689640045166016,96.90391540527344
1440,cut1,1440,POPC,388,76.1407241821289,149.60008239746094,86.04166412353516
1440,cut1,1440,POPC,389,163.6941680908203,58.71808624267578,98.30313110351562
1440,cut1,1440,POPC,390,185.01185607910156,132.36093139648438,99.5188980102539
1440,cut1,1440,POPC,391,161.02978515625,18.623214721679688,101.28225708007812
1440,cut1,1440,POPC,392,86.54023742675781,146.64015197753906,87.5003890991211
1440,cut1,1440,POPC,393,189.56051635742188,209.6029052734375,101.71763610839844
1440,cut1,1440,POPC,394,33.42182159423828,13.919048309326172,93.53014373779297
1440,cut1,1440,POPC,395,187.02923583984375,159.00401306152344,61.048770904541016
1440,cut1,1440,POPC,396,69.24337005615234,171.2544403076172,80.545166015625
1440,cut1,1440,POPC,397,1.7203739881515503,62.31451416015625,97.2508544921875
1440,cut1,1440,POPC,398,131.0839080810547,139.42083740234375,83.26622009277344
1440,cut1,1440,POPC,399,192.69509887695312,106.22883605957031,96.57246398925781
1440,cut1,1440,POPC,400,92.20304107666016,86.76968383789062,81.36882781982422
1440,cut1,1440,POPC,401,164.92579650878906,176.9322967529297,95.55863189697266
1440,cut1,1440,POPC,402,91.09039306640625,55.95282745361328,87.65723419189453
1440,cut1,1440,POPC,403,137.96966552734375,107.64789581298828,81.20377349853516
1440,cut1,1440,POPC,404,124.7530517578125,161.5973358154297,85.62651824951172
1440,cut1,1440,POPC,405,63.50025177001953,235.18600463867188,98.88644409179688
1440,cut1,1440,POPC,406,15.355498313903809,191.68394470214844,94.44623565673828
1440,cut1,1440,POPC,407,157.6868438720703,188.0550079345703,95.4835433959961
1440,cut1,1440,POPC,408,139.9617156982422,19.121124267578125,104.44055938720703
1440,cut1,1440,POPC,409,47.80474090576172,232.78057861328125,100.4590835571289
1440,cut1,1440,POPC,410,78.43923950195312,167.23556518554688,81.37220001220703
1440,cut1,1440,POPC,411,84.25440979003906,21.76140594482422,100.5843276977539
1440,cut1,1440,POPC,412,58.611541748046875,76.80181884765625,89.38861083984375
1440,cut1,1440,POPC,413,166.4536590576172,96.24198150634766,95.98847961425781
1440,cut1,1440,POPC,414,-0.014084895141422749,97.37126159667969,96.85203552246094
1440,cut1,1440,POPC,415,166.10386657714844,15.38669204711914,102.91365814208984
1440,cut1,1440,POPC,416,108.7759017944336,238.7798309326172,107.42472839355469
1440,cut1,1440,POPC,417,29.29469871520996,193.89601135253906,93.1192855834961
1440,cut1,1440,POPC,418,116.91914367675781,18.480266571044922,103.64710998535156
1440,cut1,1440,POPC,419,78.7066116333008,47.441551208496094,94.4111328125
1440,cut1,1440,POPC,420,13.58060359954834,73.79167175292969,93.51512908935547
1440,cut1,1440,POPC,421,89.09848022460938,135.91085815429688,83.4576644897461
1440,cut1,1440,POPC,422,63.151451110839844,19.810009002685547,96.58243560791016
1440,cut1,1440,POPC,423,171.8511962890625,239.47088623046875,104.61617279052734
1440,cut1,1440,POPC,424,102.84367370605469,104.3069839477539,77.506103515625
1440,cut1,1440,POPC,425,181.2947540283203,87.47020721435547,100.93667602539062
1440,cut1,1440,POPC,426,29.61237907409668,182.43084716796875,87.88992309570312
1440,cut1,1440,POPC,427,68.98399353027344,238.5662841796875,100.34991455078125
1440,cut1,1440,POPC,428,165.5297393798828,137.5631866455078,100.55487060546875
1440,cut1,1440,POPC,429,130.51629638671875,153.46896362304688,84.101806640625
1440,cut1,1440,POPC,430,65.12122344970703,67.28877258300781,94.64826202392578
1440,cut1,1440,POPC,431,23.056180953979492,64.5108642578125,94.56867218017578
1440,cut1,1440,POPC,432,168.11483764648438,205.82177734375,98.96170043945314
1440,cut1,1440,POPC,433,190.0048370361328,136.12269592285156,101.14083862304688
1440,cut1,1440,POPC,434,15.030539512634277,108.49125671386719,101.13141632080078
1440,cut1,1440,POPC,435,139.67320251464844,122.4260025024414,86.45428466796875
1440,cut1,1440,POPC,436,171.16433715820312,95.07914733886719,99.59993743896484
1440,cut1,1440,POPC,437,71.6578140258789,72.50366973876953,86.60052490234375
1440,cut1,1440,POPC,438,37.100181579589844,53.66950988769531,93.86742401123047
1440,cut1,1440,POPC,439,53.55494689941406,29.89581298828125,97.74896240234375
1440,cut1,1440,POPC,440,14.411452293395996,242.339111328125,97.4131851196289
1440,cut1,1440,POPC,441,34.673439025878906,31.056293487548828,95.5614242553711
1440,cut1,1440,POPC,442,147.53695678710938,195.93312072753906,94.34549713134766
1440,cut1,1440,POPC,443,135.30885314941406,146.66734313964844,83.8226318359375
1440,cut1,1440,POPC,444,191.03094482421875,11.523395538330078,100.48182678222656
1440,cut1,1440,POPC,445,169.36187744140625,22.884132385253906,99.55707550048828
1440,cut1,1440,POPC,446,132.6605987548828,120.9837646484375,82.46614074707031
1440,cut1,1440,POPC,447,99.8561782836914,192.05274963378906,78.6524429321289
1440,cut1,1440,POPC,448,141.76034545898438,41.68355178833008,97.92202758789062
1440,cut1,1440,POPC,449,164.443359375,116.83595275878906,96.36566925048828
1440,cut1,1440,POPC,450,63.45463943481445,101.36304473876953,86.88005828857422
1440,cut1,1440,POPC,451,114.47792053222656,150.90380859375,82.30955505371094
1440,cut1,1440,POPC,452,156.42422485351562,149.12249755859375,96.65119934082031
1440,cut1,1440,POPC,453,157.1770782470703,165.75473022460938,96.22412109375
1440,cut1,1440,POPC,454,74.06906127929688,155.64527893066406,84.7322006225586
1440,cut1,1440,POPC,455,14.568480491638184,97.56295776367186,100.30899810791016
1440,cut1,1440,POPC,456,52.20942687988281,9.973825454711914,97.89894104003906
1440,cut1,1440,POPC,457,69.3368911743164,179.4378204345703,88.53693389892578
1440,cut1,1440,POPC,458,99.16165924072266,117.1198501586914,84.5714340209961
1440,cut1,1440,POPC,459,171.90103149414062,142.60809326171875,101.04510498046875
1440,cut1,1440,POPC,460,88.80786895751953,65.26172637939453,87.08405303955078
1440,cut1,1440,POPC,461,61.138484954833984,46.42243194580078,95.79474639892577
1440,cut1,1440,POPC,462,13.620528221130371,184.69012451171875,90.82359313964844
1440,cut1,1440,POPC,463,9.271323204040527,248.67172241210938,96.54157257080077
1440,cut1,1440,POPC,464,63.9941291809082,1.6009654998779297,100.22779083251953
1440,cut1,1440,POPC,465,166.43942260742188,8.964405059814453,104.73422241210938
1440,cut1,1440,POPC,466,40.491966247558594,30.171791076660156,99.11103057861328
1440,cut1,1440,POPC,467,96.30393981933594,217.0986785888672,62.40153503417969
1440,cut1,1440,POPC,468,26.930112838745117,58.409523010253906,94.44400024414062
1440,cut1,1440,POPC,469,60.47074890136719,108.56422424316406,86.09310150146484
1440,cut1,1440,POPC,470,30.616483688354492,7.1728363037109375,95.44293212890625
1440,cut1,1440,POPC,471,59.088348388671875,247.92953491210938,58.81417465209961
1440,cut1,1440,POPC,472,130.358154296875,192.48440551757812,88.6482925415039
1440,cut1,1440,POPC,473,184.16543579101562,177.4285125732422,100.27556610107422
1440,cut1,1440,POPC,474,166.8900146484375,188.0191650390625,96.1674575805664
1440,cut1,1440,POPC,475,137.82606506347656,184.9630889892578,93.51315307617188
1440,cut1,1440,POPC,476,161.16015625,43.721256256103516,97.18805694580078
1440,cut1,1440,POPC,477,72.40123748779297,194.1378936767578,89.22797393798828
1440,cut1,1440,POPC,478,157.87570190429688,106.19696807861328,95.53836059570312
1440,cut1,1440,POPC,479,9.474333763122559,84.3995361328125,96.89138793945312
1440,cut1,1440,POPC,480,174.3917694091797,62.76666259765625,95.49923706054688
1440,cut1,1440,POPC,481,110.8948974609375,12.07612419128418,101.38518524169923
1440,cut1,1440,POPC,482,87.33782958984375,118.51461791992188,85.29332733154297
1440,cut1,1440,POPC,483,42.14427185058594,229.63038635253906,96.72692108154297
1440,cut1,1440,POPC,484,87.24093627929688,97.94491577148438,85.54473876953125
1440,cut1,1440,POPC,485,68.43346405029297,81.26992797851562,87.61168670654297
1440,cut1,1440,POPC,486,77.08161926269531,218.40093994140625,100.1028060913086
1440,cut1,1440,POPC,487,154.3197479248047,31.471847534179688,103.76323699951172
1440,cut1,1440,POPC,488,152.2201385498047,206.9736328125,89.50647735595703
1440,cut1,1440,POPC,489,132.6560821533203,174.3378143310547,85.9989013671875
1440,cut1,1440,POPC,490,73.66619873046875,181.9615478515625,85.52820587158203
1440,cut1,1440,POPC,491,26.438138961791992,111.77877044677734,94.93588256835938
1440,cut1,1440,POPC,492,174.638671875,135.9205322265625,100.46646881103516
1440,cut1,1440,POPC,493,76.61417388916016,20.877853393554688,98.58626556396484
1440,cut1,1440,POPC,494,21.6296443939209,41.67720031738281,94.62773132324219
1440,cut1,1440,POPC,495,71.95089721679688,210.4890594482422,94.6451644897461
1440,cut1,1440,POPC,496,102.56221008300781,29.37613296508789,101.90341186523438
1440,cut1,1440,POPC,497,36.02074432373047,144.49774169921875,79.39136505126953
1440,cut1,1440,POPC,498,122.83220672607422,144.03860473632812,82.16426086425781
1440,cut1,1440,POPC,499,110.97692108154297,142.43777465820312,80.89252471923828
1440,cut1,1440,POPC,500,97.72217559814453,48.67985534667969,91.43273925781249
1440,cut1,1440,POPC,501,60.86345291137695,150.18408203125,76.17729187011719
1440,cut1,1440,POPC,502,43.56646728515625,145.85987854003906,71.90384674072266
1440,cut1,1440,POPC,503,19.74233055114746,55.1873779296875,97.50212097167969
1440,cut1,1440,POPC,504,44.990211486816406,140.39036560058594,71.79463195800781
1440,cut1,1440,POPC,505,91.14996337890625,233.73968505859375,103.66792297363281
1440,cut1,1440,POPC,506,17.993146896362305,24.452281951904297,92.7223892211914
1440,cut1,1440,POPC,507,93.90792846679688,40.626136779785156,93.57669067382812
1440,cut1,1440,POPC,508,83.18848419189453,195.2848358154297,87.6488265991211
1440,cut1,1440,POPC,509,121.61973571777344,178.3260498046875,83.26338195800781
1440,cut1,1440,POPC,510,177.3323974609375,186.89515686035156,99.58419799804688
1440,cut1,1440,POPC,511,100.20785522460938,62.3204345703125,51.21062469482422
1440,cut1,1440,POPC,512,118.2944564819336,77.00059509277344,81.20156860351562
1440,cut1,1440,POPC,513,107.1484146118164,90.93177795410156,78.43018341064453
1440,cut1,1440,POPC,514,184.0764923095703,40.753814697265625,92.32598114013672
1440,cut1,1440,POPC,515,119.85702514648438,22.250072479248047,104.3682861328125
1440,cut1,1440,POPC,516,76.64344024658203,65.77027893066406,90.51642608642578
1440,cut1,1440,POPC,517,52.48040008544922,214.83482360839844,98.73414611816406
1440,cut1,1440,POPC,518,57.280372619628906,140.7506103515625,71.8881607055664
1440,cut1,1440,POPC,519,114.5510482788086,73.14230346679688,83.65583038330078
1440,cut1,1440,POPC,520,69.53071594238281,62.34007263183594,93.42837524414062
1440,cut1,1440,POPC,521,42.53215026855469,52.25691223144531,91.1783676147461
1440,cut1,1440,POPC,522,10.143477439880371,115.60033416748047,99.02008056640625
1440,cut1,1440,POPC,523,155.6563262939453,181.53428649902344,97.05268859863281
1440,cut1,1440,POPC,524,16.8709774017334,216.18038940429688,97.4804458618164
1440,cut1,1440,POPC,525,98.73294830322266,211.59645080566406,98.24678039550781
1440,cut1,1440,POPC,526,43.32994079589844,95.79669952392578,90.4205093383789
1440,cut1,1440,POPC,527,170.9491424560547,31.087406158447266,96.70655822753905
1440,cut1,1440,POPC,528,48.53594207763672,37.66706848144531,103.15894317626953
1440,cut1,1440,POPC,529,5.749564170837402,10.908483505249023,98.41058349609375
1440,cut1,1440,POPC,530,190.51258850097656,229.04815673828125,99.87567138671875
1440,cut1,1440,POPC,531,52.07208251953126,186.84584045410156,88.76539611816406
1440,cut1,1440,POPC,532,-1.355988621711731,114.79983520507812,96.51372528076172
1440,cut1,1440,POPC,533,8.69010066986084,67.2209701538086,94.28135681152344
1440,cut1,1440,POPC,534,148.84475708007812,213.0264892578125,88.86566162109375
1440,cut1,1440,POPC,535,184.110595703125,243.9456024169922,105.92891693115234
1440,cut1,1440,POPC,536,62.94873809814454,115.18716430664062,80.25155639648438
1440,cut1,1440,POPC,537,141.81678771972656,129.5600128173828,95.18807220458984
1440,cut1,1440,POPC,538,20.264699935913086,100.37848663330078,102.3542251586914
1440,cut1,1440,POPC,539,140.16860961914062,217.48516845703125,91.4131088256836
1440,cut1,1440,POPC,540,54.44268035888672,234.94590759277344,97.94202423095703
1440,cut1,1440,POPC,541,173.7317352294922,35.56857681274414,97.74605560302734
1440,cut1,1440,POPC,542,156.54165649414062,242.7567138671875,105.6344223022461
1440,cut1,1440,POPC,543,19.397397994995117,201.67823791503906,98.515869140625
1440,cut1,1440,POPC,544,51.56007385253906,47.1787109375,95.39370727539062
1440,cut1,1440,POPC,545,27.83991050720215,80.22026824951172,94.09413146972656
1440,cut1,1440,POPC,546,162.7886962890625,170.73818969726562,96.77546691894531
1440,cut1,1440,POPC,547,24.63100242614746,33.50485610961914,90.72760772705078
1440,cut1,1440,POPC,548,22.84119987487793,25.01602554321289,91.09224700927734
1440,cut1,1440,POPC,549,54.399024963378906,153.66236877441406,77.24352264404297
1440,cut1,1440,POPC,550,94.72423553466797,127.2094497680664,83.60501098632812
1440,cut1,1440,POPC,551,71.07161712646484,88.08824920654297,86.1535415649414
1440,cut1,1440,POPC,552,167.2283477783203,197.11602783203125,96.41657257080078
1440,cut1,1440,POPC,553,50.85011291503906,141.83709716796875,71.33599090576172
1440,cut1,1440,POPC,554,22.58241081237793,166.74765014648438,84.12419128417969
1440,cut1,1440,POPC,555,64.70433044433594,184.94114685058594,84.8801498413086
1440,cut1,1440,POPC,556,46.77531433105469,91.44145965576172,84.71932220458984
1440,cut1,1440,POPC,557,54.674461364746094,206.14852905273438,99.21756744384766
1440,cut1,1440,POPC,558,78.1622543334961,15.070194244384766,99.7028045654297
1440,cut1,1440,POPC,559,160.2616424560547,81.53389739990234,90.2176284790039
1440,cut1,1440,POPC,560,170.99124145507812,75.1290512084961,94.8558349609375
1440,cut1,1440,POPC,561,94.82516479492188,110.2666244506836,84.94816589355469
1440,cut1,1440,POPC,562,154.78726196289062,141.68002319335938,95.82351684570312
1440,cut1,1440,POPC,563,26.957014083862305,214.97503662109375,101.74851989746094
1440,cut1,1440,POPC,564,60.012428283691406,52.34071350097656,94.07854461669922
1440,cut1,1440,POPC,565,17.621946334838867,227.36724853515625,99.77030944824219
1440,cut1,1440,POPC,566,168.6724853515625,157.43017578125,98.84467315673828
1440,cut1,1440,POPC,567,85.81668090820312,166.9898681640625,82.82495880126953
1440,cut1,1440,POPC,568,75.30410003662108,131.66989135742188,70.8739242553711
1440,cut1,1440,POPC,569,168.9381866455078,59.370994567871094,95.87484741210938
1440,cut1,1440,POPC,570,160.03440856933594,70.54595947265625,95.89749145507812
1440,cut1,1440,POPC,571,187.30455017089844,18.919708251953125,97.62873077392578
1440,cut1,1440,POPC,572,129.49411010742188,158.99362182617188,86.16598510742188
1440,cut1,1440,POPC,573,43.36915588378906,122.12251281738281,45.313636779785156
1440,cut1,1440,POPC,574,82.57076263427734,35.481285095214844,96.76346588134766
1440,cut1,1440,POPC,575,185.3779754638672,103.34073638916016,97.10330963134766
1440,cut1,1440,POPC,576,146.04928588867188,170.545654296875,95.7865219116211
1440,cut1,1440,POPC,577,29.065092086791992,69.00748443603516,94.56497955322266
1440,cut1,1440,POPC,578,171.41673278808594,185.81846618652344,98.59469604492188
1440,cut1,1440,POPC,579,138.55752563476562,173.643798828125,89.91120147705078
1440,cut1,1440,POPC,580,113.18260955810547,234.48025512695312,105.687744140625
1440,cut1,1440,POPC,581,171.1765899658203,218.60307312011722,101.50959777832031
1440,cut1,1440,POPC,582,178.23269653320312,80.3044662475586,55.12580490112305
1440,cut1,1440,POPC,583,143.75099182128906,35.29114532470703,101.53270721435547
1440,cut1,1440,POPC,584,155.09776306152344,135.65420532226562,97.02373504638672
1440,cut1,1440,POPC,585,175.03724670410156,24.121463775634766,97.35696411132811
1440,cut1,1440,POPC,586,80.1124038696289,9.346277236938477,101.52172088623047
1440,cut1,1440,POPC,587,25.588552474975586,190.0435028076172,89.36482238769531
1440,cut1,1440,POPC,588,60.13048553466797,146.00732421875,71.89156341552734
1440,cut1,1440,POPC,589,53.90263366699219,88.65131378173828,48.12514114379883
1440,cut1,1440,POPC,590,75.42781829833984,205.5513916015625,91.55036163330078
1440,cut1,1440,POPC,591,190.211669921875,255.4895477294922,97.82894134521484
1440,cut1,1440,POPC,592,47.64842987060547,204.90745544433594,97.66227722167969
1440,cut1,1440,POPC,593,147.40444946289062,202.6400604248047,89.51742553710938
1440,cut1,1440,POPC,594,111.92604827880861,156.0130310058594,80.68451690673828
1440,cut1,1440,POPC,595,180.06048583984375,55.122520446777344,96.77425384521484
1440,cut1,1440,POPC,596,83.3453140258789,237.330810546875,107.02183532714844
1440,cut1,1440,POPC,597,76.12393188476562,186.3540802001953,82.55073547363281
1440,cut1,1440,POPC,598,17.144041061401367,176.44126892089844,88.27598571777344
1440,cut1,1440,POPC,599,152.48306274414062,62.716400146484375,96.62411499023438
1440,cut1,1440,POPC,600,55.27818298339844,253.31549072265625,97.57781982421875
1440,cut1,1440,POPC,601,100.2916259765625,69.09870147705078,82.73624420166016
1440,cut1,1440,POPC,602,80.98029327392578,199.4713134765625,90.8331298828125
1440,cut1,1440,POPC,603,105.78956604003906,1.9989433288574219,102.40648651123047
1440,cut1,1440,POPC,604,63.90275955200195,222.15054321289062,97.97290802001953
1440,cut1,1440,POPC,605,49.27973175048828,58.575614929199226,92.11131286621094
1440,cut1,1440,POPC,606,42.00336456298828,159.09510803222656,75.23827362060547
1440,cut1,1440,POPC,607,66.86270141601562,152.52537536621094,80.12301635742186
1440,cut1,1440,POPC,608,196.2371368408203,198.99496459960938,96.85039520263672
1440,cut1,1440,POPC,609,43.843482971191406,6.318403244018555,95.06802368164062
1440,cut1,1440,POPC,610,95.48274993896484,223.50619506835938,63.77388000488281
1440,cut1,1440,POPC,611,64.93341064453125,87.17984008789062,87.29316711425781
1440,cut1,1440,POPC,612,38.12854766845703,21.50516128540039,97.73084259033203
1440,cut1,1440,POPC,613,51.67509460449219,173.81788635253906,81.32063293457033
1440,cut1,1440,POPC,614,182.0377655029297,22.658416748046875,97.15962982177734
1440,cut1,1440,POPC,615,12.23294734954834,231.11181640625,98.77336120605469
1440,cut1,1440,POPC,616,55.82811737060547,130.34194946289062,72.0455551147461
1440,cut1,1440,POPC,617,68.44286346435547,247.01475524902344,99.7354736328125
1440,cut1,1440,POPC,618,90.06388854980469,211.97422790527344,94.8758773803711
1440,cut1,1440,POPC,619,10.86966609954834,45.25432586669922,96.94330596923828
1440,cut1,1440,POPC,620,183.87753295898438,210.1033477783203,100.30211639404297
1440,cut1,1440,POPC,621,108.30292510986328,107.0587387084961,78.33518981933594
1440,cut1,1440,POPC,622,121.6037826538086,129.20166015625,79.33830261230469
1440,cut1,1440,POPC,623,102.05977630615234,138.21157836914062,81.58496856689453
1440,cut1,1440,POPC,624,118.16373443603516,103.05476379394531,38.67604064941406
1440,cut1,1440,POPC,625,49.324867248535156,75.10714721679688,52.351356506347656
1440,cut1,1440,POPC,626,69.74198150634766,183.8697967529297,43.47471237182617
1440,cut1,1440,POPC,627,170.54751586914062,170.759765625,60.197872161865234
1440,cut1,1440,POPC,628,54.51410675048828,79.40779113769531,51.17798614501953
1440,cut1,1440,POPC,629,170.7205047607422,83.79022216796875,57.22818374633789
1440,cut1,1440,POPC,630,143.0622100830078,22.003555297851562,67.56703186035156
1440,cut1,1440,POPC,631,143.86758422851562,204.83973693847656,52.29698944091797
1440,cut1,1440,POPC,632,109.54428100585938,181.5307159423828,46.19512939453125
1440,cut1,1440,POPC,633,156.12376403808594,29.547378540039062,61.264915466308594
1440,cut1,1440,POPC,634,152.90390014648438,36.597618103027344,63.596702575683594
1440,cut1,1440,POPC,635,40.55281066894531,244.65386962890625,59.526283264160156
1440,cut1,1440,POPC,636,17.055570602416992,8.538703918457031,56.70363235473633
1440,cut1,1440,POPC,637,58.81136703491211,239.77772521972656,58.96165466308594
1440,cut1,1440,POPC,638,98.82646179199219,236.81085205078125,63.51660919189453
1440,cut1,1440,POPC,639,62.4971809387207,10.944971084594725,63.3577880859375
1440,cut1,1440,POPC,640,13.564391136169434,206.75953674316406,55.81965255737305
1440,cut1,1440,POPC,641,87.63398742675781,246.3693084716797,63.478492736816406
1440,cut1,1440,POPC,642,83.40151977539062,226.02452087402344,59.94332504272461
1440,cut1,1440,POPC,643,33.75591278076172,97.16697692871094,55.013690948486335
1440,cut1,1440,POPC,644,37.87256622314453,102.70082092285156,54.04368209838867
1440,cut1,1440,POPC,645,115.92475891113281,251.5825958251953,66.32044219970703
1440,cut1,1440,POPC,646,164.15701293945312,191.73651123046875,59.41571807861328
1440,cut1,1440,POPC,647,167.0214080810547,114.45382690429688,54.31440734863281
1440,cut1,1440,POPC,648,138.5755157470703,174.24172973632812,47.74971008300781
1440,cut1,1440,POPC,649,79.9433822631836,7.019001007080078,65.28152465820312
1440,cut1,1440,POPC,650,-0.3624659478664398,183.51304626464844,62.634498596191406
1440,cut1,1440,POPC,651,149.97523498535156,192.5622406005859,56.94963836669922
1440,cut1,1440,POPC,652,166.97177124023438,226.4140167236328,57.5543098449707
1440,cut1,1440,POPC,653,44.12281799316406,203.8892364501953,52.78990936279297
1440,cut1,1440,POPC,654,190.2574005126953,23.777259826660156,58.65241622924805
1440,cut1,1440,POPC,655,4.395964622497559,23.228607177734375,56.21617126464844
1440,cut1,1440,POPC,656,30.71797752380371,168.70159912109375,41.50398635864258
1440,cut1,1440,POPC,657,93.27041625976562,129.41819763183594,46.433250427246094
1440,cut1,1440,POPC,658,5.882376670837402,94.07293701171875,57.563236236572266
1440,cut1,1440,POPC,659,8.526511192321777,46.078269958496094,52.86839294433594
1440,cut1,1440,POPC,660,127.09530639648438,19.823314666748047,65.36981201171875
1440,cut1,1440,POPC,661,171.3907928466797,199.62123107910156,62.647727966308594
1440,cut1,1440,POPC,662,161.63584899902344,162.6248016357422,59.61808395385742
1440,cut1,1440,POPC,663,178.07339477539062,218.3858184814453,61.79338836669922
1440,cut1,1440,POPC,664,85.04466247558594,2.912933349609375,68.11161804199219
1440,cut1,1440,POPC,665,167.00660705566406,185.1379852294922,59.03075408935547
1440,cut1,1440,POPC,666,34.08955383300781,23.68213653564453,55.86354064941406
1440,cut1,1440,POPC,667,28.734800338745117,13.605316162109375,51.928558349609375
1440,cut1,1440,POPC,668,181.30091857910156,52.567283630371094,57.02888870239258
1440,cut1,1440,POPC,669,166.8726806640625,241.2535858154297,66.1282958984375
1440,cut1,1440,POPC,670,55.66242980957031,180.60604858398438,49.46208572387695
1440,cut1,1440,POPC,671,87.76988220214844,24.53866958618164,61.588871002197266
1440,cut1,1440,POPC,672,171.25205993652344,150.61160278320312,62.8907470703125
1440,cut1,1440,POPC,673,67.94214630126953,237.17491149902344,59.99948501586914
1440,cut1,1440,POPC,674,78.95925903320312,49.17958068847656,51.22590255737305
1440,cut1,1440,POPC,675,184.7740020751953,182.03208923339844,63.091278076171875
1440,cut1,1440,POPC,676,44.91246795654297,21.908416748046875,56.02437210083008
1440,cut1,1440,POPC,677,110.51993560791016,77.94977569580078,49.37786865234375
1440,cut1,1440,POPC,678,26.788076400756836,81.71971893310547,54.089324951171875
1440,cut1,1440,POPC,679,110.18719482421875,140.16404724121094,39.686641693115234
1440,cut1,1440,POPC,680,31.250303268432617,58.15711212158203,53.543304443359375
1440,cut1,1440,POPC,681,67.45950317382812,194.8412322998047,47.94355773925781
1440,cut1,1440,POPC,682,31.54738426208496,244.5270233154297,55.70462417602539
1440,cut1,1440,POPC,683,93.07098388671875,39.959068298339844,57.687984466552734
1440,cut1,1440,POPC,684,46.646278381347656,80.47998046875,50.343570709228516
1440,cut1,1440,POPC,685,32.994407653808594,75.99567413330078,53.15524673461914
1440,cut1,1440,POPC,686,160.3017578125,46.311439514160156,59.51845169067383
1440,cut1,1440,POPC,687,54.270965576171875,197.36532592773438,52.12586975097656
1440,cut1,1440,POPC,688,104.32040405273438,145.1980743408203,43.177249908447266
1440,cut1,1440,POPC,689,60.852073669433594,211.2284698486328,56.25093460083008
1440,cut1,1440,POPC,690,56.74468994140625,72.95877075195312,53.46333312988281
1440,cut1,1440,POPC,691,-1.3500834703445435,164.81849670410156,62.34736633300781
1440,cut1,1440,POPC,692,93.10309600830078,13.869644165039062,66.9493637084961
1440,cut1,1440,POPC,693,133.60220336914062,21.505538940429688,66.17005157470703
1440,cut1,1440,POPC,694,187.81996154785156,64.3021240234375,55.539695739746094
1440,cut1,1440,POPC,695,120.93339538574219,15.301883697509766,65.90587615966797
1440,cut1,1440,POPC,696,138.95706176757812,194.51815795898438,60.169677734375
1440,cut1,1440,POPC,697,4.700858116149902,70.1075210571289,53.50815963745117
1440,cut1,1440,POPC,698,79.33035278320312,70.97232818603516,54.827537536621094
1440,cut1,1440,POPC,699,22.51630973815918,74.29220581054688,55.42414474487305
1440,cut1,1440,POPC,700,80.89230346679688,246.4134979248047,64.38585662841797
1440,cut1,1440,POPC,701,21.148229598999023,244.1519012451172,59.329437255859375
1440,cut1,1440,POPC,702,86.0575942993164,203.944580078125,49.506526947021484
1440,cut1,1440,POPC,703,36.597251892089844,46.7869873046875,53.77415084838867
1440,cut1,1440,POPC,704,6.234663963317871,188.96339416503906,96.10334777832031
1440,cut1,1440,POPC,705,40.26008605957031,86.4052734375,52.63801193237305
1440,cut1,1440,POPC,706,181.07569885253906,43.68553161621094,54.73480224609375
1440,cut1,1440,POPC,707,29.691328048706055,89.83660125732422,54.35102081298828
1440,cut1,1440,POPC,708,81.6936264038086,79.19010162353516,57.52384948730469
1440,cut1,1440,POPC,709,181.12266540527344,3.3643665313720703,65.3691177368164
1440,cut1,1440,POPC,710,187.2498016357422,39.26598358154297,53.319515228271484
1440,cut1,1440,POPC,711,19.80854606628418,14.802406311035156,52.54150390625
1440,cut1,1440,POPC,712,20.02521324157715,52.43895721435547,53.89091491699219
1440,cut1,1440,POPC,713,177.42605590820312,205.5113525390625,60.31160354614258
1440,cut1,1440,POPC,714,28.32782554626465,222.79588317871094,57.14556121826172
1440,cut1,1440,POPC,715,73.45833587646484,247.1807098388672,61.46282196044922
1440,cut1,1440,POPC,716,75.13163757324219,191.165283203125,43.89680099487305
1440,cut1,1440,POPC,717,102.56941223144531,96.1341323852539,45.35196304321289
1440,cut1,1440,POPC,718,1.858000636100769,241.00148010253906,60.485225677490234
1440,cut1,1440,POPC,719,118.76091003417969,172.11280822753906,40.79594802856445
1440,cut1,1440,POPC,720,68.3472671508789,87.09770965576172,47.61735153198242
1440,cut1,1440,POPC,721,172.26637268066406,133.27488708496094,60.24081802368164
1440,cut1,1440,POPC,722,48.762001037597656,60.962371826171875,50.80382537841797
1440,cut1,1440,POPC,723,68.64611053466797,223.5611572265625,58.9373893737793
1440,cut1,1440,POPC,724,9.784636497497559,58.817649841308594,50.666141510009766
1440,cut1,1440,POPC,725,103.7379150390625,45.96186828613281,58.623451232910156
1440,cut1,1440,POPC,726,38.685691833496094,7.836528778076172,59.174537658691406
1440,cut1,1440,POPC,727,172.5797882080078,223.9308929443359,62.905418395996094
1440,cut1,1440,POPC,728,36.772789001464844,213.87387084960938,57.696590423583984
1440,cut1,1440,POPC,729,59.42071914672851,5.313543319702148,63.89093017578125
1440,cut1,1440,POPC,730,0.09751788526773453,190.10498046875,63.308319091796875
1440,cut1,1440,POPC,731,36.85529327392578,235.33052062988284,60.230228424072266
1440,cut1,1440,POPC,732,149.37066650390625,185.2099609375,54.6760139465332
1440,cut1,1440,POPC,733,150.86573791503906,110.77560424804688,44.48084259033203
1440,cut1,1440,POPC,734,180.6033935546875,-2.9439754486083984,66.0096206665039
1440,cut1,1440,POPC,735,143.34512329101562,138.18362426757812,50.41472625732422
1440,cut1,1440,POPC,736,114.67613220214844,240.5052032470703,66.28469848632812
1440,cut1,1440,POPC,737,104.44367218017578,253.28746032714844,67.69156646728516
1440,cut1,1440,POPC,738,185.37171936035156,90.96379852294922,58.17274856567383
1440,cut1,1440,POPC,739,64.6776351928711,203.58705139160156,54.606849670410156
1440,cut1,1440,POPC,740,37.858123779296875,194.50497436523438,52.1590576171875
1440,cut1,1440,POPC,741,108.17371368408203,71.74839782714844,49.03764724731445
1440,cut1,1440,POPC,742,171.5223388671875,231.68661499023438,63.37274169921875
1440,cut1,1440,POPC,743,69.33741760253906,99.59223175048828,45.27987289428711
1440,cut1,1440,POPC,744,102.67670440673828,24.244335174560547,63.16736602783203
1440,cut1,1440,POPC,745,175.23118591308594,37.383014678955085,56.2654914855957
1440,cut1,1440,POPC,746,182.3562774658203,32.143463134765625,55.846405029296875
1440,cut1,1440,POPC,747,37.74385070800781,220.93643188476562,57.83217239379883
1440,cut1,1440,POPC,748,143.32772827148438,188.52723693847656,59.90758514404297
1440,cut1,1440,POPC,749,104.79473876953125,235.006591796875,67.66827392578125
1440,cut1,1440,POPC,750,54.154449462890625,151.16656494140625,38.90968322753906
1440,cut1,1440,POPC,751,24.624242782592773,108.9393539428711,54.60924530029297
1440,cut1,1440,POPC,752,153.77325439453125,142.80836486816406,60.064002990722656
1440,cut1,1440,POPC,753,164.95767211914062,85.80542755126953,54.38652801513672
1440,cut1,1440,POPC,754,184.2169189453125,147.2152099609375,66.3908462524414
1440,cut1,1440,POPC,755,54.49798583984375,235.6114501953125,58.61161422729492
1440,cut1,1440,POPC,756,78.28903198242188,200.21884155273438,48.902286529541016
1440,cut1,1440,POPC,757,53.91664123535156,191.46810913085938,49.6351432800293
1440,cut1,1440,POPC,758,52.851531982421875,4.932405471801758,61.86431884765625
1440,cut1,1440,POPC,759,19.497159957885742,227.03102111816406,56.67594909667969
1440,cut1,1440,POPC,760,166.2066650390625,121.51087188720702,56.224281311035156
1440,cut1,1440,POPC,761,142.69496154785156,182.3450927734375,51.147281646728516
1440,cut1,1440,POPC,762,31.97175407409668,40.5025634765625,56.21671676635742
1440,cut1,1440,POPC,763,11.227187156677246,77.52641296386719,55.438499450683594
1440,cut1,1440,POPC,764,93.64276123046875,31.118698120117184,59.12715530395508
1440,cut1,1440,POPC,765,33.5306396484375,239.8096923828125,58.65415573120117
1440,cut1,1440,POPC,766,192.71714782714844,8.570976257324219,57.11613082885742
1440,cut1,1440,POPC,767,153.3639678955078,122.96072387695312,53.15340805053711
1440,cut1,1440,POPC,768,98.70149230957031,39.44984436035156,59.50293731689453
1440,cut1,1440,POPC,769,147.49166870117188,164.23773193359375,51.21900177001953
1440,cut1,1440,POPC,770,46.897926330566406,243.9130096435547,59.57396697998047
1440,cut1,1440,POPC,771,98.78951263427734,47.447425842285156,54.81502914428711
1440,cut1,1440,POPC,772,130.36932373046875,4.729188919067383,65.96621704101562
1440,cut1,1440,POPC,773,174.57168579101562,153.98619079589844,67.79204559326172
1440,cut1,1440,POPC,774,22.077306747436523,185.1269073486328,52.030597686767585
1440,cut1,1440,POPC,775,62.997798919677734,65.69923400878906,52.41976547241211
1440,cut1,1440,POPC,776,10.428397178649902,103.91248321533203,61.587730407714844
1440,cut1,1440,POPC,777,81.1735610961914,233.75527954101562,60.35503005981445
1440,cut1,1440,POPC,778,70.74642181396484,31.185379028320312,59.55397415161133
1440,cut1,1440,POPC,779,179.69749450683594,85.85062408447266,57.966251373291016
1440,cut1,1440,POPC,780,41.386810302734375,210.80230712890625,53.331764221191406
1440,cut1,1440,POPC,781,54.51823425292969,14.088542938232422,57.204734802246094
1440,cut1,1440,POPC,782,84.70162963867188,66.59902954101562,50.542057037353516
1440,cut1,1440,POPC,783,71.0098876953125,77.34977722167969,56.463321685791016
1440,cut1,1440,POPC,784,52.29057312011718,54.62224578857422,52.3011589050293
1440,cut1,1440,POPC,785,56.197471618652344,58.09809112548828,53.079139709472656
1440,cut1,1440,POPC,786,26.121328353881836,45.691070556640625,53.5774040222168
1440,cut1,1440,POPC,787,14.982954978942871,100.85929107666016,57.40980529785156
1440,cut1,1440,POPC,788,109.56299591064453,31.805423736572266,62.09968566894531
1440,cut1,1440,POPC,789,24.393239974975586,18.074626922607422,51.921749114990234
1440,cut1,1440,POPC,790,179.72708129882812,99.137451171875,57.600433349609375
1440,cut1,1440,POPC,791,59.80442810058594,95.42613983154297,45.79911804199219
1440,cut1,1440,POPC,792,178.60459899902344,181.9586944580078,60.57575225830078
1440,cut1,1440,POPC,793,169.2838897705078,28.943939208984375,60.35404968261719
1440,cut1,1440,POPC,794,14.05496883392334,48.328460693359375,54.54618835449219
1440,cut1,1440,POPC,795,120.65308380126953,177.206298828125,44.8101692199707
1440,cut1,1440,POPC,796,158.72305297851562,59.22594451904297,57.65021514892578
1440,cut1,1440,POPC,797,42.739173889160156,0.0789489895105362,57.63997268676758
1440,cut1,1440,POPC,798,134.9843292236328,245.17086791992188,62.866241455078125
1440,cut1,1440,POPC,799,57.09107208251953,37.879615783691406,54.53053283691406
1440,cut1,1440,POPC,800,48.001243591308594,37.964073181152344,57.92109680175781
1440,cut1,1440,POPC,801,98.6405258178711,8.802057266235352,65.65302276611328
1440,cut1,1440,POPC,802,156.6007537841797,97.14390563964844,52.62957763671875
1440,cut1,1440,POPC,803,92.10054779052734,243.29270935058594,66.04551696777344
1440,cut1,1440,POPC,804,113.24886322021484,227.6712646484375,63.65394592285156
1440,cut1,1440,POPC,805,175.56268310546875,106.67855834960938,58.614837646484375
1440,cut1,1440,POPC,806,25.507963180541992,153.97047424316406,45.96980667114258
1440,cut1,1440,POPC,807,144.39259338378906,16.63414764404297,63.199012756347656
1440,cut1,1440,POPC,808,38.67498016357422,27.023059844970703,56.646602630615234
1440,cut1,1440,POPC,809,83.87388610839844,111.83815002441406,42.38629150390625
1440,cut1,1440,POPC,810,24.509939193725586,137.58372497558594,44.625953674316406
1440,cut1,1440,POPC,811,169.5142364501953,177.1785430908203,57.56577682495117
1440,cut1,1440,POPC,812,18.567922592163086,169.6964569091797,49.59565734863281
1440,cut1,1440,POPC,813,47.001914978027344,7.605585098266602,59.88158416748047
1440,cut1,1440,POPC,814,78.80250549316406,146.06427001953125,81.29638671875
1440,cut1,1440,POPC,815,22.386510848999023,1.2371826171875,58.15651321411133
1440,cut1,1440,POPC,816,169.1228332519531,65.90892791748047,53.782474517822266
1440,cut1,1440,POPC,817,154.8637237548828,13.140193939208984,63.31700134277344
1440,cut1,1440,POPC,818,173.96530151367188,118.88761901855469,61.910194396972656
1440,cut1,1440,POPC,819,154.08270263671875,173.58140563964844,55.985137939453125
1440,cut1,1440,POPC,820,164.33963012695312,151.22518920898438,64.07147979736328
1440,cut1,1440,POPC,821,2.8930654525756836,130.395263671875,63.786231994628906
1440,cut1,1440,POPC,822,54.86105346679688,170.4537353515625,44.19287109375
1440,cut1,1440,POPC,823,110.44902038574219,15.21896743774414,67.7380142211914
1440,cut1,1440,POPC,824,164.44972229003906,137.93362426757812,59.89493942260742
1440,cut1,1440,POPC,825,75.44705200195311,217.5548858642578,58.65389633178711
1440,cut1,1440,POPC,826,190.600341796875,100.01903533935547,59.94316101074219
1440,cut1,1440,POPC,827,5.322463035583496,123.33850860595703,62.733245849609375
1440,cut1,1440,POPC,828,44.331565856933594,47.169288635253906,52.00362777709961
1440,cut1,1440,POPC,829,84.3921890258789,34.91096496582031,59.724525451660156
1440,cut1,1440,POPC,830,146.79458618164062,130.63047790527344,40.65916442871094
1440,cut1,1440,POPC,831,86.27212524414062,231.19915771484375,62.71244812011719
1440,cut1,1440,POPC,832,27.724416732788086,235.17759704589844,55.93538284301758
1440,cut1,1440,POPC,833,164.40267944335938,34.9446907043457,55.17750549316406
1440,cut1,1440,POPC,834,35.81775665283203,227.7975616455078,57.02528762817383
1440,cut1,1440,POPC,835,142.55960083007812,245.89537048339844,64.32332611083984
1440,cut1,1440,POPC,836,59.937042236328125,198.3032684326172,49.57465362548828
1440,cut1,1440,POPC,837,14.312361717224121,66.83439636230469,50.43978500366211
1440,cut1,1440,POPC,838,100.2576675415039,31.962158203125,59.54765319824219
1440,cut1,1440,POPC,839,170.5036163330078,57.076194763183594,56.00381088256836
1440,cut1,1440,POPC,840,7.316237449645996,64.79472351074219,53.29914474487305
1440,cut1,1440,POPC,841,183.9371337890625,59.64508819580078,57.7353401184082
1440,cut1,1440,POPC,842,48.44688415527344,183.34776306152344,53.44393539428711
1440,cut1,1440,POPC,843,54.940773010253906,67.00227355957031,51.99637985229492
1440,cut1,1440,POPC,844,25.356252670288086,211.76463317871094,54.881614685058594
1440,cut1,1440,POPC,845,146.73594665527344,197.52305603027347,56.2677230834961
1440,cut1,1440,POPC,846,186.7871551513672,250.7549591064453,63.461090087890625
1440,cut1,1440,POPC,847,104.8167495727539,106.67455291748047,37.04795837402344
1440,cut1,1440,POPC,848,191.10693359374997,238.53994750976562,65.13676452636719
1440,cut1,1440,POPC,849,181.6805419921875,66.660888671875,55.73809051513672
1440,cut1,1440,POPC,850,76.22792053222656,223.07626342773438,58.82699203491211
1440,cut1,1440,POPC,851,46.56609344482421,191.4908905029297,50.7306022644043
1440,cut1,1440,POPC,852,149.46379089355466,22.34368896484375,63.04566955566406
1440,cut1,1440,POPC,853,183.34793090820312,24.225650787353516,54.97242736816406
1440,cut1,1440,POPC,854,173.54478454589844,22.119953155517578,57.127052307128906
1440,cut1,1440,POPC,855,6.16489315032959,248.5724639892578,62.648216247558594
1440,cut1,1440,POPC,856,8.795355796813965,107.02323913574219,98.83773803710938
1440,cut1,1440,POPC,857,32.039581298828125,157.4003448486328,41.38859558105468
1440,cut1,1440,POPC,858,37.532432556152344,2.213560104370117,56.634254455566406
1440,cut1,1440,POPC,859,81.5825424194336,177.10157775878906,43.28398895263672
1440,cut1,1440,POPC,860,81.47357177734375,26.996109008789062,62.12431335449219
1440,cut1,1440,POPC,861,57.256553649902344,174.77146911621094,46.79667282104492
1440,cut1,1440,POPC,862,42.18614196777344,186.36199951171875,49.53691101074219
1440,cut1,1440,POPC,863,42.8717041015625,224.30068969726562,58.33140182495117
1440,cut1,1440,POPC,864,50.487274169921875,41.03046798706055,54.62918472290039
1440,cut1,1440,POPC,865,81.48731231689453,56.27143859863281,52.99842834472656
1440,cut1,1440,POPC,866,122.73162078857422,166.4865264892578,39.37348556518555
1440,cut1,1440,POPC,867,66.33294677734375,153.65780639648438,39.1137809753418
1440,cut1,1440,POPC,868,159.49478149414062,65.30760192871094,56.723506927490234
1440,cut1,1440,POPC,869,89.56706237792969,108.15033721923828,39.27426528930664
1440,cut1,1440,POPC,870,68.0758056640625,217.83319091796875,55.86928176879883
1440,cut1,1440,POPC,871,142.6614990234375,6.153127670288086,65.15290832519531
1440,cut1,1440,POPC,872,56.81736755371094,217.4448699951172,56.81565475463867
1440,cut1,1440,POPC,873,30.087255477905273,27.36098861694336,54.392433166503906
1440,cut1,1440,POPC,874,189.04165649414062,34.05671310424805,56.203365325927734
1440,cut1,1440,POPC,875,26.776411056518555,95.3379898071289,56.99386215209961
1440,cut1,1440,POPC,876,106.9356918334961,10.07020378112793,65.82907104492188
1440,cut1,1440,POPC,877,96.13601684570312,76.22456359863281,49.7241325378418
1440,cut1,1440,POPC,878,178.32232666015625,187.8123016357422,62.71708679199219
1440,cut1,1440,POPC,879,182.7951202392578,169.04486083984375,61.511714935302734
1440,cut1,1440,POPC,880,2.158003807067871,83.37229919433594,61.691856384277344
1440,cut1,1440,POPC,881,22.266904830932617,26.211814880371094,51.15208053588867
1440,cut1,1440,POPC,882,-2.1822214126586914,70.57361602783203,56.17026138305664
1440,cut1,1440,POPC,883,128.37486267089844,28.437362670898438,65.21965026855469
1440,cut1,1440,POPC,884,156.40074157714844,194.07986450195312,61.22224426269531
1440,cut1,1440,POPC,885,181.41555786132812,135.4103240966797,66.3504867553711
1440,cut1,1440,POPC,886,73.58082580566406,52.95979309082031,52.928951263427734
1440,cut1,1440,POPC,887,98.05963134765625,116.52690124511719,40.79081726074219
1440,cut1,1440,POPC,888,3.509352684020996,36.49388122558594,55.58700180053711
1440,cut1,1440,POPC,889,162.91140747070312,156.43759155273438,60.16504669189453
1440,cut1,1440,POPC,890,88.08265686035156,216.8452911376953,56.52497482299805
1440,cut1,1440,POPC,891,19.606229782104492,214.29263305664062,58.90727615356445
1440,cut1,1440,POPC,892,121.70281219482422,-1.7347946166992188,67.27177429199219
1440,cut1,1440,POPC,893,106.229736328125,35.61009979248047,58.264427185058594
1440,cut1,1440,POPC,894,127.53521728515625,248.77459716796875,67.42771911621094
1440,cut1,1440,POPC,895,171.62660217285156,46.113304138183594,51.45534133911133
1440,cut1,1440,POPC,896,163.46817016601562,175.773193359375,57.792911529541016
1440,cut1,1440,POPC,897,30.97303581237793,49.66376495361328,54.79157638549805
1440,cut1,1440,POPC,898,193.80001831054688,245.34642028808594,64.99455261230469
1440,cut1,1440,POPC,899,118.5957260131836,8.752864837646484,68.02572631835938
1440,cut1,1440,POPC,900,172.37979125976562,159.49630737304688,65.14612579345703
1440,cut1,1440,POPC,901,60.89330291748047,22.693359375,59.27048110961914
1440,cut1,1440,POPC,902,107.89405822753906,95.65836334228516,37.94270706176758
1440,cut1,1440,POPC,903,46.02886962890625,69.10113525390625,51.75160217285156
1440,cut1,1440,POPC,904,191.5696258544922,215.9464569091797,59.14300537109375
1440,cut1,1440,POPC,905,9.389822959899902,236.6646270751953,55.976539611816406
1440,cut1,1440,POPC,906,19.043851852416992,237.58639526367188,56.38477325439453
1440,cut1,1440,POPC,907,6.32492733001709,218.91110229492188,63.40879821777344
1440,cut1,1440,POPC,908,88.44519805908203,76.57178497314453,49.027034759521484
1440,cut1,1440,POPC,909,181.81329345703125,123.56356811523438,67.74827575683594
1440,cut1,1440,POPC,910,73.54142761230469,228.77664184570312,58.93006134033203
1440,cut1,1440,POPC,911,98.72135925292969,142.4600372314453,48.58884811401367
1440,cut1,1440,POPC,912,28.818288803100586,184.06028747558594,49.01690673828125
1440,cut1,1440,POPC,913,163.3990936279297,54.764251708984375,55.168941497802734
1440,cut1,1440,POPC,914,141.44569396972656,29.275035858154297,65.11988067626953
1440,cut1,1440,POPC,915,155.8512725830078,113.58552551269531,47.06602478027344
1440,cut1,1440,POPC,916,152.71788024902344,200.8917694091797,53.876956939697266
1440,cut1,1440,POPC,917,3.3633642196655273,207.12672424316406,56.22299575805664
1440,cut1,1440,POPC,918,149.93795776367188,3.706911087036133,62.917366027832024
1440,cut1,1440,POPC,919,73.69929504394531,239.14808654785156,59.9713134765625
1440,cut1,1440,POPC,920,186.69400024414062,75.9552993774414,55.52756118774414
1440,cut1,1440,POPC,921,46.97447204589844,156.12966918945312,38.942543029785156
1440,cut1,1440,POPC,922,190.12088012695312,50.82342529296875,54.21902847290039
1440,cut1,1440,POPC,923,154.96165466308594,182.36624145507812,55.91774368286133
1440,cut1,1440,POPC,924,68.597412109375,59.27100372314453,50.24687194824219
1440,cut1,1440,POPC,925,11.976248741149902,243.1618194580078,57.51044464111328
1440,cut1,1440,POPC,926,70.07586669921875,208.3284912109375,56.564144134521484
1440,cut1,1440,POPC,927,25.429426193237305,55.36463928222656,53.0909538269043
1440,cut1,1440,POPC,928,160.61416625976562,34.429805755615234,61.962188720703125
1440,cut1,1440,POPC,929,21.275175094604492,63.44109344482422,53.04133987426758
1440,cut1,1440,POPC,930,60.57457733154297,45.119102478027344,50.53730392456055
1440,cut1,1440,POPC,931,103.79656982421875,245.88560485839844,65.97724914550781
1440,cut1,1440,POPC,932,54.20650482177734,160.75746154785156,37.665340423583984
1440,cut1,1440,POPC,933,112.06429290771484,64.1812973022461,47.807865142822266
1440,cut1,1440,POPC,934,30.32417869567871,35.654991149902344,54.23215866088867
1440,cut1,1440,POPC,935,163.04721069335938,168.93959045410156,61.15446090698242
1440,cut1,1440,POPC,936,165.81002807617188,78.26789855957031,55.7220573425293
1440,cut1,1440,POPC,937,100.27920532226562,71.78792572021484,49.940975189208984
1440,cut1,1440,POPC,938,34.00105285644531,189.22671508789062,50.48965072631836
1440,cut1,1440,POPC,939,32.76280212402344,209.96807861328125,53.02195358276367
1440,cut1,1440,POPC,940,152.71920776367188,155.213134765625,55.001461029052734
1440,cut1,1440,POPC,941,175.84463500976562,91.4585189819336,56.52011489868164
1440,cut1,1440,POPC,942,45.64959716796875,54.74860382080078,48.9720573425293
1440,cut1,1440,POPC,943,58.98712158203125,188.8715057373047,46.62865447998047
1440,cut1,1440,POPC,944,60.62981033325195,15.016822814941406,62.209999084472656
1440,cut1,1440,POPC,945,170.25450134277344,39.06429290771485,51.81418991088867
1440,cut1,1440,POPC,946,168.3955535888672,127.17195892333984,55.834529876708984
1440,cut1,1440,POPC,947,87.04923248291016,11.690296173095703,67.63307189941406
1440,cut1,1440,POPC,948,182.124755859375,240.6163330078125,64.6617202758789
1440,cut1,1440,POPC,949,76.13121795654297,94.93354034423828,51.694515228271484
1440,cut1,1440,POPC,950,189.7989959716797,226.59535217285156,62.68376159667969
1440,cut1,1440,POPC,951,54.58576202392578,227.8236846923828,55.578346252441406
1440,cut1,1440,POPC,952,40.53899383544922,42.06839370727539,56.526329040527344
1440,cut1,1440,POPC,953,139.52830505371094,14.031776428222658,66.25651550292969
1440,cut1,1440,POPC,954,0.7526234984397888,115.52413177490234,66.44296264648438
1440,cut1,1440,POPC,955,167.7436218261719,-0.4893989562988281,61.914581298828125
1440,cut1,1440,POPC,956,63.99324417114258,27.92291259765625,57.24279022216797
1440,cut1,1440,POPC,957,73.7419204711914,71.84844207763672,55.81369400024414
1440,cut1,1440,POPC,958,186.1817169189453,198.6872100830078,60.91932678222656
1440,cut1,1440,POPC,959,86.86976623535156,135.91200256347656,45.93075942993164
1440,cut1,1440,POPC,960,46.052337646484375,230.07029724121094,55.747230529785156
1440,cut1,1440,POPC,961,181.7609405517578,7.708343505859375,61.662452697753906
1440,cut1,1440,POPC,962,153.37551879882812,45.49571990966797,57.29856491088867
1440,cut1,1440,POPC,963,36.23414611816406,12.411111831665039,56.40724563598633
1440,cut1,1440,POPC,964,173.88919067382812,123.97496795654298,58.25409698486328
1440,cut1,1440,POPC,965,179.62770080566406,153.2556915283203,66.29833221435547
1440,cut1,1440,POPC,966,73.1925277709961,4.208478927612305,62.836517333984375
1440,cut1,1440,POPC,967,12.425078392028809,222.12789916992188,61.05520248413086
1440,cut1,1440,POPC,968,50.44486999511719,222.4976806640625,58.45977020263672
1440,cut1,1440,POPC,969,95.89327239990234,90.6106948852539,48.59213638305664
1440,cut1,1440,POPC,970,54.786521911621094,128.7242431640625,41.45516586303711
1440,cut1,1440,POPC,971,185.09535217285156,97.73340606689453,60.52384567260742
1440,cut1,1440,POPC,972,18.018766403198242,220.521728515625,58.96638488769531
1440,cut1,1440,POPC,973,18.96223258972168,70.01237487792969,54.14894104003906
1440,cut1,1440,POPC,974,131.2816162109375,14.0823974609375,68.33987426757812
1440,cut1,1440,POPC,975,91.22309875488281,6.213344573974609,67.70466613769531
1440,cut1,1440,POPC,976,75.97339630126953,143.2813720703125,39.72685623168945
1440,cut1,1440,POPC,977,160.3208770751953,123.78067779541016,53.326351165771484
1440,cut1,1440,POPC,978,115.29550170898438,19.99759292602539,64.77472686767578
1440,cut1,1440,POPC,979,6.522421836853027,87.37043762207031,59.0091438293457
1440,cut1,1440,POPC,980,90.57979583740234,66.08641052246094,49.873600006103516
1440,cut1,1440,POPC,981,93.51507568359375,211.78292846679688,59.690757751464844
1440,cut1,1440,POPC,982,68.24543762207031,173.51171875,44.82091522216797
1440,cut1,1440,POPC,983,68.77379608154297,23.08489608764648,59.08906173706055
1440,cut1,1440,POPC,984,8.306288719177246,115.49964904785156,56.8339729309082
1440,cut1,1440,POPC,985,45.563873291015625,238.1707305908203,58.57926940917969
1440,cut1,1440,POPC,986,183.17860412597656,232.32217407226562,63.12157440185547
1440,cut1,1440,POPC,987,156.92791748046875,53.12682342529297,54.70987319946289
1440,cut1,1440,POPC,988,106.07767486572266,63.64595031738281,51.73375701904297
1440,cut1,1440,POPC,989,33.123008728027344,180.09371948242188,48.08859634399414
1440,cut1,1440,POPC,990,92.89138793945312,112.73722076416016,40.838165283203125
1440,cut1,1440,POPC,991,28.080907821655273,66.041015625,54.554527282714844
1440,cut1,1440,POPC,992,40.18860626220703,64.58430480957031,49.9424934387207
1440,cut1,1440,POPC,993,136.4795684814453,158.57415771484375,45.84613037109375
1440,cut1,1440,POPC,994,75.634521484375,22.82176971435547,61.580589294433594
1440,cut1,1440,POPC,995,97.94099426269531,125.73747253417969,48.40628433227539
1440,cut1,1440,POPC,996,165.16455078125,95.86571502685547,51.24232482910156
1440,cut1,1440,POPC,997,172.34620666503906,205.56385803222656,63.793060302734375
1440,cut1,1440,POPC,998,79.22164154052734,64.0008544921875,55.383174896240234
1440,cut1,1440,POPC,999,8.635245323181152,30.03213119506836,56.791465759277344
1440,cut1,1440,POPC,1000,52.623138427734375,23.93670654296875,57.01113510131836
1440,cut1,1440,POPC,1001,8.70267391204834,202.89224243164065,57.748870849609375
1440,cut1,1440,POPC,1002,47.479774475097656,30.47079849243164,56.39194107055664
1440,cut1,1440,POPC,1003,40.29881286621094,180.67945861816403,51.64251708984375
1440,cut1,1440,POPC,1004,163.9370574951172,199.11634826660156,60.146881103515625
1440,cut1,1440,POPC,1005,40.84373474121094,34.94454574584961,57.1864013671875
1440,cut1,1440,POPC,1006,35.830223083496094,151.6163787841797,46.620174407958984
1440,cut1,1440,POPC,1007,45.918449401855476,130.2924346923828,38.96828079223633
1440,cut1,1440,POPC,1008,154.6287384033203,102.75324249267578,47.73854446411133
1440,cut1,1440,POPC,1009,15.904929161071777,40.517066955566406,55.03741455078125
1440,cut1,1440,POPC,1010,124.76220703125,104.30947875976562,41.18846893310547
1440,cut1,1440,POPC,1011,139.51821899414062,141.82518005371094,54.07182693481445
1440,cut1,1440,POPC,1012,164.55709838867188,103.99758911132812,53.911338806152344
1440,cut1,1440,POPC,1013,9.16867733001709,53.010719299316406,51.252227783203125
1440,cut1,1440,POPC,1014,158.06304931640625,188.15943908691406,54.54023361206055
1440,cut1,1440,POPC,1015,174.9427490234375,53.45220184326172,55.10895538330078
1440,cut1,1440,POPC,1016,187.4755096435547,18.073081970214844,55.046932220458984
1440,cut1,1440,POPC,1017,2.2104101181030273,29.10509490966797,58.87614059448242
1440,cut1,1440,POPC,1018,184.33880615234375,117.53643035888672,66.20085906982422
1440,cut1,1440,POPC,1019,6.769927024841309,215.77728271484375,57.915958404541016
1440,cut1,1440,POPC,1020,166.21192932128906,11.801759719848633,56.59560775756836
1440,cut1,1440,POPC,1021,180.70835876464844,15.655738830566406,59.94747543334961
1440,cut1,1440,POPC,1022,185.4092559814453,110.51610565185547,65.32768249511719
1440,cut1,1440,POPC,1023,174.36888122558594,27.638641357421875,55.605777740478516
1440,cut1,1440,POPC,1024,87.8530502319336,94.45105743408203,52.139869689941406
1440,cut1,1440,POPC,1025,45.982574462890625,217.71713256835938,56.701568603515625
1440,cut1,1440,POPC,1026,62.428489685058594,231.06802368164062,57.06409454345703
1440,cut1,1440,POPC,1027,13.832602500915526,187.9815673828125,59.60190200805664
1440,cut1,1440,POPC,1028,95.2085189819336,229.01254272460938,61.50551986694336
1440,cut1,1440,POPC,1029,164.51039123535156,72.31726837158203,54.3723030090332
1440,cut1,1440,POPC,1030,23.665639877319336,7.815996170043945,55.66562271118164
1440,cut1,1440,POPC,1031,185.7548828125,208.69451904296875,57.499420166015625
1440,cut1,1440,POPC,1032,10.125189781188965,4.418678283691406,59.00233459472656
1440,cut1,1440,POPC,1033,190.9400634765625,4.689666748046875,62.24231719970703
1440,cut1,1440,POPC,1034,3.906928062438965,13.910224914550781,57.98232650756836
1440,cut1,1440,POPC,1035,146.6827850341797,158.34738159179688,52.1215705871582
1440,cut1,1440,POPC,1036,53.01372528076172,202.6088409423828,54.2588996887207
1440,cut1,1440,POPC,1037,41.44804382324219,71.97038269042969,51.687313079833984
1440,cut1,1440,POPC,1038,51.30620574951172,-1.2977104187011719,59.54829406738281
1440,cut1,1440,POPC,1039,161.53260803222656,132.4676055908203,57.72977066040039
1440,cut1,1440,POPC,1040,65.18791961669922,78.8761978149414,54.39286804199219
1440,cut1,1440,POPC,1041,73.7947006225586,164.7475128173828,43.48360061645508
1440,cut1,1440,POPC,1042,111.1421127319336,26.417236328125,63.66563415527344
1440,cut1,1440,POPC,1043,162.5560760498047,203.04736328125,55.75969314575195
1440,cut1,1440,POPC,1044,157.29551696777344,135.92945861816406,56.94540023803711
1440,cut1,1440,POPC,1045,4.676016807556152,111.89754486083984,63.78076171875
1440,cut1,1440,POPC,1046,177.5389862060547,212.11582946777344,60.7529411315918
1440,cut1,1440,POPC,1047,174.3553924560547,144.83392333984375,63.95667266845703
1440,cut1,1440,POPC,1048,177.06829833984375,69.92183685302734,53.07387161254883
1440,cut1,1440,POPC,1049,139.203857421875,147.2739715576172,51.56836700439453
1440,cut1,1440,POPC,1050,20.033109664916992,179.47300720214844,51.75518035888672
1440,cut1,1440,POPC,1051,170.70059204101562,93.3487777709961,53.959903717041016
1440,cut1,1440,POPC,1052,184.113037109375,220.91543579101562,62.22533416748047
1440,cut1,1440,POPC,1053,159.4129638671875,88.3470230102539,52.87526321411133
1440,cut1,1440,POPC,1054,161.65443420410156,107.96182250976561,50.05250930786133
1440,cut1,1440,POPC,1055,136.67445373535156,7.704652786254883,67.50251007080078
1440,cut1,1440,POPC,1056,19.910932540893555,80.04192352294922,57.42204666137695
1440,cut1,1440,POPC,1057,74.71565246582031,36.36023712158203,60.714115142822266
1440,cut1,1440,POPC,1058,178.6652374267578,226.77316284179688,66.02667999267578
1440,cut1,1440,POPC,1059,21.381681442260742,97.45403289794922,56.67228698730469
1440,cut1,1440,POPC,1060,113.54537200927734,51.95533752441406,52.95943069458008
1440,cut1,1440,POPC,1061,92.90345764160156,93.0520782470703,43.753929138183594
1440,cut1,1440,POPC,1062,22.884366989135742,37.3758659362793,54.86719512939453
1440,cut1,1440,POPC,1063,118.16144561767578,151.5078887939453,39.25979614257813
1440,cut1,1440,POPC,1064,39.72529602050781,80.32835388183594,52.4080696105957
1440,cut1,1440,POPC,1065,17.020864486694336,194.5385284423828,56.02241516113281
1440,cut1,1440,POPC,1066,174.9997100830078,239.34690856933594,66.55459594726562
1440,cut1,1440,POPC,1067,12.92160701751709,228.14712524414062,59.00958251953125
1440,cut1,1440,POPC,1068,94.21179962158203,22.70792007446289,62.737403869628906
1440,cut1,1440,POPC,1069,136.95965576171875,184.42913818359375,49.26751708984375
1440,cut1,1440,POPC,1070,8.933989524841309,15.974369049072266,54.51996612548828
1440,cut1,1440,POPC,1071,46.848731994628906,196.30084228515622,54.4284553527832
1440,cut1,1440,POPC,1072,158.7495880126953,151.93470764160156,58.046058654785156
1440,cut1,1440,POPC,1073,72.14041900634766,40.106239318847656,53.52656936645508
1440,cut1,1440,POPC,1074,73.05575561523438,178.46389770507812,43.3877067565918
1440,cut1,1440,POPC,1075,37.49365997314453,54.23229217529297,52.27473449707031
1440,cut1,1440,POPC,1076,157.7716522216797,71.27049255371094,52.54472351074219
1440,cut1,1440,POPC,1077,145.90023803710938,34.899662017822266,64.25785064697266
1440,cut1,1440,POPC,1078,177.24822998046875,113.87458801269531,63.76795196533203
1440,cut1,1440,POPC,1079,183.7339630126953,164.80184936523438,64.49895477294922
1440,cut1,1440,POPC,1080,155.83970642089844,20.21627426147461,63.823333740234375
1440,cut1,1440,POPC,1081,8.30356502532959,80.68830871582031,59.8447151184082
1440,cut1,1440,POPC,1082,1.3223332166671753,194.45286560058594,59.03120803833008
1440,cut1,1440,POPC,1083,166.1971435546875,8.603219985961914,61.51617431640625
1440,cut1,1440,POPC,1084,161.7181091308594,4.914461135864258,58.59037780761719
1440,cut1,1440,POPC,1085,103.75881958007812,186.64251708984375,47.174583435058594
1440,cut1,1440,POPC,1086,178.9474334716797,124.0421371459961,62.93457794189453
1440,cut1,1440,POPC,1087,40.628028869628906,99.24292755126953,49.117347717285156
1440,cut1,1440,POPC,1088,102.70469665527344,16.223003387451172,67.29215240478516
1440,cut1,1440,POPC,1089,133.56448364257812,166.83119201660156,41.624847412109375
1440,cut1,1440,POPC,1090,188.49609375,85.12127685546875,56.59920883178711
1440,cut1,1440,POPC,1091,101.19734191894531,227.739013671875,65.97853088378906
1440,cut1,1440,POPC,1092,159.49595642089844,209.73678588867188,53.740882873535156
1440,cut1,1440,POPC,1093,9.111815452575684,193.80929565429688,57.369415283203125
1440,cut1,1440,POPC,1094,61.033138275146484,51.89124298095703,52.25710678100586
1440,cut1,1440,POPC,1095,77.56131744384766,83.34490203857422,55.20649337768555
1440,cut1,1440,POPC,1096,85.68995666503906,16.97870635986328,65.22876739501953
1440,cut1,1440,POPC,1097,173.7384796142578,250.36337280273438,63.93115234375
1440,cut1,1440,POPC,1098,40.526344299316406,93.35437774658203,53.83979034423828
1440,cut1,1440,POPC,1099,134.78240966796875,28.136932373046875,64.1912841796875
1440,cut1,1440,POPC,1100,3.8139944076538086,228.31886291503906,61.35870361328125
1440,cut1,1440,POPC,1101,189.81875610351562,107.08313751220703,62.596336364746094
1440,cut1,1440,POPC,1102,114.73883819580078,186.42955017089844,50.7651481628418
1440,cut1,1440,POPC,1103,192.57937622070312,78.46261596679688,57.707794189453125
1440,cut1,1440,POPC,1104,160.6613006591797,142.2632293701172,62.20136260986328
1440,cut1,1440,POPC,1105,107.52474212646484,242.15682983398438,63.2913818359375
1440,cut1,1440,POPC,1106,60.80632781982422,162.5837860107422,41.449676513671875
1440,cut1,1440,POPC,1107,17.920072555541992,106.35224151611328,56.86771011352539
1440,cut1,1440,POPC,1108,99.95811462402344,212.58836364746094,62.93643951416015
1440,cut1,1440,POPC,1109,65.56208801269531,45.649436950683594,56.27549743652344
1440,cut1,1440,POPC,1110,25.323621749877933,229.3005828857422,54.63145065307617
1440,cut1,1440,POPC,1111,39.29438781738281,201.0659637451172,50.939476013183594
1440,cut1,1440,POPC,1112,185.74073791503906,128.00987243652344,64.86829376220703
1440,cut1,1440,POPC,1113,20.87916374206543,202.9543914794922,53.10492706298828
1440,cut1,1440,POPC,1114,18.706090927124023,32.117828369140625,54.926029205322266
1440,cut1,1440,POPC,1115,147.0400390625,143.8959503173828,57.96393966674805
1440,cut1,1440,POPC,1116,167.6908721923828,161.04275512695312,67.03996276855469
1440,cut1,1440,POPC,1117,59.44012069702149,101.22239685058594,46.881038665771484
1440,cut1,1440,POPC,1118,74.83898162841797,99.53184509277344,47.5455322265625
1440,cut1,1440,POPC,1119,156.2110595703125,163.12838745117188,54.7449951171875
1440,cut1,1440,POPC,1120,68.32347106933594,248.57846069335938,57.9130859375
1440,cut1,1440,POPC,1121,53.764930725097656,139.39271545410156,35.481319427490234
1440,cut1,1440,POPC,1122,123.01165008544922,157.1619110107422,39.42807388305664
1440,cut1,1440,POPC,1123,34.27820587158203,69.1815414428711,51.178340911865234
1440,cut1,1440,POPC,1124,88.03821563720703,41.16157150268554,51.06460952758789
1440,cut1,1440,POPC,1125,109.01567077636719,176.776611328125,40.034156799316406
1440,cut1,1440,POPC,1126,79.9493408203125,14.02602767944336,63.382835388183594
1440,cut1,1440,POPC,1127,68.70187377929688,35.72509002685547,56.581539154052734
1440,cut1,1440,POPC,1128,174.9988555908203,10.64834976196289,64.54353332519531
1440,cut1,1440,POPC,1129,44.05432891845703,11.719802856445312,54.92654800415039
1440,cut1,1440,POPC,1130,62.20606231689453,220.53941345214844,55.97886276245117
1440,cut1,1440,POPC,1131,68.32211303710938,92.30501556396484,49.10102462768555
1440,cut1,1440,POPC,1132,137.8201446533203,141.06350708007812,46.60761260986328
1440,cut1,1440,POPC,1133,189.2878875732422,55.740074157714844,55.98520278930664
1440,cut1,1440,POPC,1134,171.59828186035156,139.97157287597656,60.27570343017578
1440,cut1,1440,POPC,1135,77.18290710449219,205.63705444335938,49.14774703979492
1440,cut1,1440,POPC,1136,81.9220962524414,216.5077667236328,55.131507873535156
1440,cut1,1440,POPC,1137,29.237363815307617,102.49694061279297,57.52516555786133
1440,cut1,1440,POPC,1138,63.92671203613281,181.4864044189453,44.67397689819336
1440,cut1,1440,POPC,1139,92.3695068359375,139.5681610107422,50.0792350769043
1440,cut1,1440,POPC,1140,14.899382591247559,111.72390747070312,59.95039749145508
1440,cut1,1440,POPC,1141,65.38912200927734,72.96648406982422,54.69375991821289
1440,cut1,1440,POPC,1142,154.42987060546875,132.12734985351562,50.91582489013672
1440,cut1,1440,POPC,1143,166.02268981933594,21.744380950927734,59.8869514465332
1440,cut1,1440,SAPI,1144,77.68755340576172,42.44034194946289,53.746910095214844
1440,cut1,1440,SAPI,1145,60.02027130126953,151.38641357421875,38.70563888549805
1440,cut1,1440,SAPI,1146,121.38314819335938,25.71804428100586,63.554786682128906
1440,cut1,1440,SAPI,1147,0.9446935057640076,60.29369354248047,53.10300064086914
1440,cut1,1440,SAPI,1148,38.96623229980469,166.3420867919922,40.47478485107422
1440,cut1,1440,SAPI,1149,51.181488037109375,213.19235229492188,55.264373779296875
1440,cut1,1440,SAPI,1150,112.2984848022461,161.54031372070312,36.67852020263672
1440,cut1,1440,SAPI,1151,12.59628963470459,171.41873168945312,56.28794479370117
1440,cut1,1440,SAPI,1152,94.7060546875,202.62901306152344,50.671016693115234
1440,cut1,1440,SAPI,1153,102.73050689697266,79.51664733886719,48.073184967041016
1440,cut1,1440,SAPI,1154,135.70852661132812,39.690834045410156,62.59552001953125
1440,cut1,1440,SAPI,1155,136.3955535888672,151.75294494628906,44.20539855957031
1440,cut1,1440,SAPI,1156,98.51426696777344,3.9562625885009766,65.93023681640625
1440,cut1,1440,SAPI,1157,153.9864959716797,78.96942901611328,52.584228515625
1440,cut1,1440,SAPI,1158,23.32131004333496,87.96481323242188,55.80208206176758
1440,cut1,1440,SAPI,1159,152.03822326660156,216.6268768310547,51.737281799316406
1440,cut1,1440,SAPI,1160,69.54786682128906,104.66144561767578,42.33530807495117
1440,cut1,1440,SAPI,1161,0.6935796141624451,146.4405517578125,63.38013458251953
1440,cut1,1440,SAPI,1162,130.97621154785156,140.48240661621094,44.77385330200195
1440,cut1,1440,SAPI,1163,151.37071228027344,90.27899932861328,56.072471618652344
1440,cut1,1440,SAPI,1164,136.9619140625,129.31410217285156,45.61896514892578
1440,cut1,1440,SAPI,1165,146.98548889160156,101.99962615966797,48.41631317138672
1440,cut1,1440,SAPI,1166,178.56520080566406,173.072998046875,59.346134185791016
1440,cut1,1440,SAPI,1167,169.14385986328125,164.28282165527344,60.80895233154297
1440,cut1,1440,SAPI,1168,159.64401245117188,240.6539306640625,66.22899627685547
1440,cut1,1440,SAPI,1169,154.34400939941406,63.86699676513672,56.42091751098633
1440,cut1,1440,SAPI,1170,89.41255950927736,198.376708984375,48.134254455566406
1440,cut1,1440,SAPI,1171,110.06188201904297,234.70103454589844,64.26223754882812
1440,cut1,1440,SAPI,1172,106.010986328125,169.0382843017578,36.140193939208984
1440,cut1,1440,SAPI,1173,68.85950469970703,17.060691833496094,61.78117370605469
1440,cut1,1440,SAPI,1174,82.34487915039064,95.63856506347656,50.59405517578125
1440,cut1,1440,SAPI,1175,105.11416625976562,220.3315887451172,56.718162536621094
1440,cut1,1440,SAPI,1176,156.55186462402344,247.25828552246094,60.288021087646484
1440,cut1,1440,SAPI,1177,172.781005859375,217.8016815185547,58.76105880737305
1440,cut1,1440,SAPI,1178,74.67807006835938,171.34254455566406,41.333740234375
1440,cut1,1440,SAPI,1179,130.8364715576172,240.9388885498047,59.43301010131836
1440,cut1,1440,SAPI,1180,126.47786712646484,151.93995666503906,42.45908737182617
1440,cut1,1440,SAPI,1181,59.853233337402344,143.1199951171875,37.47064208984375
