,System,Frame,Resname,Resnum,X,Y,Z
0,cut2,0,POPC,0,169.54925537109375,97.12250518798828,97.81550598144531
0,cut2,0,POPC,1,20.58664894104004,182.82870483398438,91.28950500488281
0,cut2,0,POPC,2,162.60140991210935,30.32973289489746,109.80928802490234
0,cut2,0,POPC,3,130.272216796875,125.92403411865234,85.91167449951172
0,cut2,0,POPC,4,199.52958679199222,237.2271728515625,100.3614273071289
0,cut2,0,POPC,5,151.30667114257812,187.6472015380859,86.66545867919922
0,cut2,0,POPC,6,171.74504089355472,183.8330078125,91.46333312988281
0,cut2,0,POPC,7,48.708709716796875,60.50473403930664,92.30081939697266
0,cut2,0,POPC,8,36.60314178466797,214.0351104736328,95.52054595947266
0,cut2,0,POPC,9,138.6066436767578,152.65220642089844,81.82826232910156
0,cut2,0,POPC,10,129.93099975585938,190.2638397216797,83.44242858886719
0,cut2,0,POPC,11,-0.4444130063056946,194.34043884277344,94.60848236083984
0,cut2,0,POPC,12,13.86517333984375,213.6820526123047,92.540283203125
0,cut2,0,POPC,13,152.7275390625,214.7681121826172,99.0052719116211
0,cut2,0,POPC,14,110.3063735961914,158.28889465332028,75.10128784179688
0,cut2,0,POPC,15,166.17422485351562,182.46295166015625,88.56660461425781
0,cut2,0,POPC,16,80.4587173461914,149.26304626464844,77.37957000732422
0,cut2,0,POPC,17,93.1895523071289,90.9208755493164,77.6781005859375
0,cut2,0,POPC,18,32.9655876159668,48.753055572509766,97.35802459716797
0,cut2,0,POPC,19,93.90397644042969,6.107204914093018,103.18360137939453
0,cut2,0,POPC,20,155.13284301757812,208.23019409179688,93.20738220214844
0,cut2,0,POPC,21,109.83145904541016,83.91429138183594,79.54303741455078
0,cut2,0,POPC,22,68.89266967773438,225.90040588378906,92.2166519165039
0,cut2,0,POPC,23,102.04164123535156,43.84909439086914,93.2874526977539
0,cut2,0,POPC,24,27.259754180908203,38.41914367675781,96.26117706298828
0,cut2,0,POPC,25,164.12644958496094,223.97900390625,99.0136489868164
0,cut2,0,POPC,26,36.88079833984375,164.70358276367188,85.24271392822266
0,cut2,0,POPC,27,16.60101890563965,147.39317321777344,79.87342834472656
0,cut2,0,POPC,28,59.521636962890625,142.5231170654297,76.83038330078125
0,cut2,0,POPC,29,87.7980728149414,72.44255065917969,83.0771255493164
0,cut2,0,POPC,30,59.79240036010742,197.71926879882812,93.56832885742188
0,cut2,0,POPC,31,134.0572052001953,220.8726348876953,90.23694610595703
0,cut2,0,POPC,32,11.161283493041992,199.90020751953125,95.71898651123047
0,cut2,0,POPC,33,81.32915496826172,95.23894500732422,80.00701141357422
0,cut2,0,POPC,34,45.96235275268555,186.11895751953125,92.72185516357422
0,cut2,0,POPC,35,197.8595733642578,64.09737396240234,101.87699127197266
0,cut2,0,POPC,36,76.15060424804688,87.02149963378906,78.8629379272461
0,cut2,0,POPC,37,194.04270935058594,232.8194580078125,96.36703491210938
0,cut2,0,POPC,38,35.76917266845703,4.608103275299072,88.76751708984375
0,cut2,0,POPC,39,35.62627410888672,25.092546463012695,92.85499572753906
0,cut2,0,POPC,40,106.49781799316406,91.91438293457031,77.75130462646484
0,cut2,0,POPC,41,115.16094207763672,40.07218933105469,94.78106689453125
0,cut2,0,POPC,42,173.5691375732422,138.91322326660156,88.72689056396484
0,cut2,0,POPC,43,49.00858688354492,91.65536499023438,87.83849334716797
0,cut2,0,POPC,44,39.01319122314453,196.0459747314453,93.283203125
0,cut2,0,POPC,45,40.65379333496094,241.06698608398438,90.72515869140625
0,cut2,0,POPC,46,80.39308166503906,191.34913635253906,92.04610443115234
0,cut2,0,POPC,47,188.96978759765625,70.21736145019531,99.94549560546875
0,cut2,0,POPC,48,61.29020690917969,83.14199829101562,82.80960083007812
0,cut2,0,POPC,49,41.83858871459961,234.35520935058594,93.24467468261719
0,cut2,0,POPC,50,78.45186614990234,183.37506103515625,88.6614761352539
0,cut2,0,POPC,51,106.61988067626953,187.20219421386722,73.77727508544922
0,cut2,0,POPC,52,141.26449584960938,70.39854431152344,83.298583984375
0,cut2,0,POPC,53,17.698930740356445,227.55612182617188,98.50870513916017
0,cut2,0,POPC,54,148.47811889648438,201.9852294921875,90.97312927246094
0,cut2,0,POPC,55,125.56044006347656,209.4263916015625,86.87055969238281
0,cut2,0,POPC,56,57.197364807128906,32.730445861816406,94.63691711425781
0,cut2,0,POPC,57,193.089599609375,190.98878479003906,93.86328887939453
0,cut2,0,POPC,58,6.511463165283203,164.1342315673828,89.85100555419922
0,cut2,0,POPC,59,156.78216552734375,172.78350830078125,88.7126693725586
0,cut2,0,POPC,60,170.07861328124997,198.443603515625,93.0810775756836
0,cut2,0,POPC,61,196.19996643066406,222.04360961914062,95.75100708007812
0,cut2,0,POPC,62,56.616737365722656,63.524051666259766,92.04518127441406
0,cut2,0,POPC,63,147.6269989013672,22.344440460205078,99.4686050415039
0,cut2,0,POPC,64,106.66610717773438,134.57647705078125,82.87657165527344
0,cut2,0,POPC,65,71.53410339355469,69.12134552001953,88.96617126464844
0,cut2,0,POPC,66,199.747314453125,213.76747131347656,94.33938598632812
0,cut2,0,POPC,67,199.6470947265625,161.81666564941406,85.97692108154297
0,cut2,0,POPC,68,141.93838500976562,227.3678436279297,92.29281616210938
0,cut2,0,POPC,69,87.2106704711914,37.88250732421875,95.75741577148438
0,cut2,0,POPC,70,102.42546081542969,199.46949768066406,51.86683654785156
0,cut2,0,POPC,71,180.91485595703125,105.98967742919922,98.73945617675781
0,cut2,0,POPC,72,178.40164184570312,87.91781616210938,96.36170196533203
0,cut2,0,POPC,73,200.60043334960938,132.06491088867188,76.4067153930664
0,cut2,0,POPC,74,167.79444885253906,2.9510304927825928,101.85710144042969
0,cut2,0,POPC,75,37.8089599609375,148.40634155273438,82.9509048461914
0,cut2,0,POPC,76,133.3409729003906,164.89573669433594,79.54144287109375
0,cut2,0,POPC,77,129.499755859375,235.53880310058594,97.69094848632812
0,cut2,0,POPC,78,162.53469848632812,149.9184112548828,88.32476043701172
0,cut2,0,POPC,79,18.673503875732422,85.94207763671875,60.84389877319336
0,cut2,0,POPC,80,71.90718841552734,22.910625457763672,99.03289794921875
0,cut2,0,POPC,81,68.7716064453125,208.3675537109375,90.92680358886719
0,cut2,0,POPC,82,45.858001708984375,31.53483009338379,96.37096405029297
0,cut2,0,POPC,83,57.689720153808594,192.4813232421875,91.22766876220703
0,cut2,0,POPC,84,64.68023681640625,163.36207580566406,79.0176773071289
0,cut2,0,POPC,85,113.9464340209961,96.54460906982422,79.54647064208984
0,cut2,0,POPC,86,43.97488021850586,101.75485229492188,85.19444274902344
0,cut2,0,POPC,87,52.38484573364258,9.889025688171387,87.92317199707031
0,cut2,0,POPC,88,169.51771545410156,25.86295509338379,106.61951446533203
0,cut2,0,POPC,89,21.05717086791992,234.45498657226562,99.52825164794922
0,cut2,0,POPC,90,2.2697861194610596,228.43333435058594,98.63923645019531
0,cut2,0,POPC,91,117.7973861694336,166.79547119140628,77.21076202392578
0,cut2,0,POPC,92,184.55003356933594,-4.36392068862915,97.9039077758789
0,cut2,0,POPC,93,177.72080993652344,42.81968688964844,109.46388244628906
0,cut2,0,POPC,94,128.1410675048828,202.23374938964844,87.5794677734375
0,cut2,0,POPC,95,153.3892059326172,135.14756774902344,88.55889892578125
0,cut2,0,POPC,96,109.8951187133789,125.33655548095703,52.41108322143555
0,cut2,0,POPC,97,61.443572998046875,96.32300567626953,81.88704681396484
0,cut2,0,POPC,98,93.34150695800781,36.354793548583984,98.2073745727539
0,cut2,0,POPC,99,12.015724182128906,24.590776443481445,99.96903228759766
0,cut2,0,POPC,100,30.098064422607422,85.56269073486328,95.80541229248047
0,cut2,0,POPC,101,91.49632263183594,126.276611328125,81.60546112060547
0,cut2,0,POPC,102,120.06640625,199.62228393554688,83.14891815185547
0,cut2,0,POPC,103,83.40934753417969,43.56268310546875,96.74734497070312
0,cut2,0,POPC,104,22.464914321899414,30.24588966369629,100.8531265258789
0,cut2,0,POPC,105,0.17732210457324982,78.7520523071289,101.27777862548828
0,cut2,0,POPC,106,148.85098266601562,7.4291462898254395,99.56767272949219
0,cut2,0,POPC,107,54.031497955322266,49.382694244384766,97.3203125
0,cut2,0,POPC,108,126.51097869873047,43.93513488769531,92.44895935058594
0,cut2,0,POPC,109,148.98033142089844,31.73005485534668,102.41767120361328
0,cut2,0,POPC,110,11.280458450317383,219.40919494628906,96.29084014892578
0,cut2,0,POPC,111,126.0573959350586,94.46929931640625,79.85155487060547
0,cut2,0,POPC,112,101.84650421142578,27.35066032409668,103.38238525390625
0,cut2,0,POPC,113,80.89215850830078,16.49029541015625,103.30939483642578
0,cut2,0,POPC,114,37.21401596069336,30.5322208404541,97.2712631225586
0,cut2,0,POPC,115,36.494102478027344,58.22664260864258,94.09322357177734
0,cut2,0,POPC,116,123.2525863647461,78.04158020019531,82.03736114501953
0,cut2,0,POPC,117,133.21632385253906,208.4015655517578,85.30236053466797
0,cut2,0,POPC,118,180.2523193359375,70.53009033203125,98.50499725341797
0,cut2,0,POPC,119,99.25376892089844,66.09513092041016,82.66621398925781
0,cut2,0,POPC,120,184.28753662109375,11.165556907653809,101.79586791992188
0,cut2,0,POPC,121,33.85870361328125,190.76651000976562,89.00800323486328
0,cut2,0,POPC,122,91.44185638427734,54.30817413330078,89.9572525024414
0,cut2,0,POPC,123,166.7035675048828,166.7904815673828,94.84732818603516
0,cut2,0,POPC,124,124.59838104248047,120.63512420654297,83.62259674072266
0,cut2,0,POPC,125,42.17030715942383,6.287299633026123,89.35821533203125
0,cut2,0,POPC,126,41.69327163696289,64.78384399414062,92.59089660644531
0,cut2,0,POPC,127,47.89425277709961,172.1455078125,89.11620330810547
0,cut2,0,POPC,128,148.12213134765625,125.24221801757812,88.96029663085938
0,cut2,0,POPC,129,8.467580795288086,192.3701171875,95.60552978515625
0,cut2,0,POPC,130,64.38606262207031,225.84783935546875,59.10908508300781
0,cut2,0,POPC,131,103.85205841064453,137.9964599609375,48.11045455932617
0,cut2,0,POPC,132,73.54603576660156,202.76585388183594,93.10453033447264
0,cut2,0,POPC,133,174.39337158203125,6.0176005363464355,107.69396209716797
0,cut2,0,POPC,134,180.3798828125,29.549840927124023,106.6353988647461
0,cut2,0,POPC,135,157.0858917236328,225.370361328125,98.36759185791016
0,cut2,0,POPC,136,60.1926155090332,54.79409408569336,91.53955841064453
0,cut2,0,POPC,137,9.676575660705566,2.0469653606414795,95.213623046875
0,cut2,0,POPC,138,143.8314971923828,199.5712890625,86.42882537841797
0,cut2,0,POPC,139,153.1576385498047,145.5643310546875,86.59716796875
0,cut2,0,POPC,140,9.829194068908691,100.44566345214844,101.01380920410156
0,cut2,0,POPC,141,195.92726135253906,58.06843948364258,101.38778686523438
0,cut2,0,POPC,142,50.580806732177734,151.14358520507812,82.39498138427734
0,cut2,0,POPC,143,144.468505859375,134.81732177734375,87.81603240966797
0,cut2,0,POPC,144,129.55282592773438,120.66705322265625,83.45301818847656
0,cut2,0,POPC,145,8.80416488647461,108.30057525634766,97.75884246826172
0,cut2,0,POPC,146,102.13000488281251,32.86604690551758,99.99990844726562
0,cut2,0,POPC,147,184.67510986328125,87.83277130126953,94.14362335205078
0,cut2,0,POPC,148,196.413330078125,1.9826552867889404,98.79521179199219
0,cut2,0,POPC,149,48.30525588989258,198.14199829101562,90.90557098388672
0,cut2,0,POPC,150,134.7974090576172,75.86396789550781,83.48221588134766
0,cut2,0,POPC,151,2.0550742149353027,71.21092224121094,103.16797637939453
0,cut2,0,POPC,152,14.490324020385742,36.20659637451172,100.34925842285156
0,cut2,0,POPC,153,184.8917999267578,95.40260314941406,94.11040496826172
0,cut2,0,POPC,154,128.9329071044922,145.25827026367188,80.02449035644533
0,cut2,0,POPC,155,24.390493392944336,187.17901611328125,90.09794616699219
0,cut2,0,POPC,156,20.33084869384766,102.2819595336914,95.59161376953124
0,cut2,0,POPC,157,68.87801361083984,98.96951293945312,78.07803344726562
0,cut2,0,POPC,158,39.237098693847656,220.38043212890625,94.01626586914062
0,cut2,0,POPC,159,26.73600196838379,131.63829040527344,71.01312255859375
0,cut2,0,POPC,160,191.91114807128906,65.13287353515625,100.48052215576172
0,cut2,0,POPC,161,195.70697021484375,183.07322692871094,93.72974395751953
0,cut2,0,POPC,162,104.47313690185547,101.91958618164062,75.9510269165039
0,cut2,0,POPC,163,56.78517150878906,153.72691345214844,79.79985809326172
0,cut2,0,POPC,164,116.1292495727539,5.790024280548096,97.29131317138672
0,cut2,0,POPC,165,66.30517578125,167.08737182617188,81.97433471679688
0,cut2,0,POPC,166,190.7498321533203,57.230628967285156,104.47665405273438
0,cut2,0,POPC,167,186.79237365722656,25.345256805419922,101.67047119140625
0,cut2,0,POPC,168,31.60732078552246,167.04815673828125,86.47835540771484
0,cut2,0,POPC,169,21.811569213867188,157.42379760742188,83.49118041992188
0,cut2,0,POPC,170,33.842430114746094,68.591552734375,93.91580963134767
0,cut2,0,POPC,171,159.6851348876953,125.60357666015625,89.69542694091797
0,cut2,0,POPC,172,28.136682510375977,81.35588073730469,100.198974609375
0,cut2,0,POPC,173,105.20036315917969,78.24461364746094,80.307373046875
0,cut2,0,POPC,174,201.88641357421875,137.288330078125,87.430419921875
0,cut2,0,POPC,175,144.05882263183594,192.9542999267578,85.51166534423828
0,cut2,0,POPC,176,8.642191886901855,90.46930694580078,99.83113098144531
0,cut2,0,POPC,177,117.12863922119139,66.8102035522461,86.0289535522461
0,cut2,0,POPC,178,107.9458999633789,42.50275802612305,94.59999084472656
0,cut2,0,POPC,179,140.70523071289062,161.26144409179688,86.96915435791016
0,cut2,0,POPC,180,33.99524688720703,10.359131813049316,85.88973236083984
0,cut2,0,POPC,181,116.29727172851562,50.86127471923828,93.2967758178711
0,cut2,0,POPC,182,87.75665283203125,86.29678344726562,75.19530487060547
0,cut2,0,POPC,183,177.49000549316406,127.64629364013672,87.12036895751953
0,cut2,0,POPC,184,101.19926452636719,70.43124389648438,80.2514419555664
0,cut2,0,POPC,185,13.979671478271484,59.40129470825195,100.54008483886719
0,cut2,0,POPC,186,98.70101165771484,127.94839477539062,78.83113861083984
0,cut2,0,POPC,187,174.26678466796875,25.369441986083984,102.48851776123047
0,cut2,0,POPC,188,46.46250915527344,97.4596939086914,88.087158203125
0,cut2,0,POPC,189,114.66638946533203,58.98616409301758,89.46714782714844
0,cut2,0,POPC,190,159.49021911621094,186.84918212890625,88.6586685180664
0,cut2,0,POPC,191,116.37906646728516,80.95486450195312,80.1026840209961
0,cut2,0,POPC,192,58.59587860107422,205.5183868408203,53.509613037109375
0,cut2,0,POPC,193,186.9198455810547,80.71432495117188,97.56817626953125
0,cut2,0,POPC,194,192.92791748046875,51.31475830078125,101.54961395263672
0,cut2,0,POPC,195,100.15393829345703,18.958101272583008,101.93154907226562
0,cut2,0,POPC,196,15.160715103149414,75.79747772216797,98.492919921875
0,cut2,0,POPC,197,11.613012313842773,52.268978118896484,104.12916564941406
0,cut2,0,POPC,198,188.81239318847653,171.56173706054688,93.07481384277344
0,cut2,0,POPC,199,74.45814514160156,40.849220275878906,98.21588897705078
0,cut2,0,POPC,200,19.656126022338867,173.29965209960938,88.15116882324219
0,cut2,0,POPC,201,67.29075622558594,40.28901672363281,95.64765930175781
0,cut2,0,POPC,202,177.2927703857422,10.96610164642334,68.36282348632812
0,cut2,0,POPC,203,85.1866455078125,79.23601531982422,79.73155212402344
0,cut2,0,POPC,204,138.51165771484375,208.54953002929688,90.19658660888672
0,cut2,0,POPC,205,161.95008850097656,235.79872131347656,97.7584228515625
0,cut2,0,POPC,206,155.0031280517578,35.76975631713867,106.37014770507812
0,cut2,0,POPC,207,128.9432830810547,160.53135681152344,76.59996795654297
0,cut2,0,POPC,208,195.8139190673828,203.16648864746094,93.89366912841797
0,cut2,0,POPC,209,69.10863494873047,238.3809814453125,96.19547271728516
0,cut2,0,POPC,210,68.27107238769531,196.46234130859375,91.5569076538086
0,cut2,0,POPC,211,176.62611389160156,120.30461883544922,91.80347442626953
0,cut2,0,POPC,212,117.92597198486328,180.95892333984375,77.10478973388672
0,cut2,0,POPC,213,165.50498962402344,55.533294677734375,101.98478698730469
0,cut2,0,POPC,214,184.43588256835938,167.73439025878906,91.94097137451172
0,cut2,0,POPC,215,45.58730697631836,23.75031089782715,92.94779205322266
0,cut2,0,POPC,216,155.27186584472656,21.94230079650879,102.356689453125
0,cut2,0,POPC,217,19.798698425292972,85.65291595458984,98.84367370605469
0,cut2,0,POPC,218,147.21206665039062,108.79656219482422,92.97660064697266
0,cut2,0,POPC,219,75.80166625976562,232.31890869140625,95.07743072509766
0,cut2,0,POPC,220,106.97135162353516,19.377483367919922,100.2989273071289
0,cut2,0,POPC,221,158.90931701660156,158.7440185546875,90.226318359375
0,cut2,0,POPC,222,74.41417694091797,53.23139953613281,90.53404235839844
0,cut2,0,POPC,223,94.07737731933594,115.50740814208984,83.02291870117188
0,cut2,0,POPC,224,46.91331100463867,47.61945724487305,96.50274658203125
0,cut2,0,POPC,225,180.50698852539062,181.44825744628906,90.0809555053711
0,cut2,0,POPC,226,176.6114044189453,198.31341552734375,94.45652770996094
0,cut2,0,POPC,227,21.176366806030273,131.13760375976562,74.56372833251953
0,cut2,0,POPC,228,151.72364807128906,17.46668815612793,101.76454162597656
0,cut2,0,POPC,229,72.5782699584961,103.5169906616211,78.18370056152344
0,cut2,0,POPC,230,138.51547241210938,191.4546661376953,83.57493591308594
0,cut2,0,POPC,231,13.112802505493164,87.82221221923828,100.72389221191406
0,cut2,0,POPC,232,139.97686767578125,197.7491912841797,51.63174057006836
0,cut2,0,POPC,233,155.3245391845703,154.30368041992188,87.35980224609375
0,cut2,0,POPC,234,54.10010528564453,179.0598602294922,91.32215881347656
0,cut2,0,POPC,235,144.19468688964844,186.248291015625,83.51525115966797
0,cut2,0,POPC,236,92.97850799560547,30.772470474243164,103.30724334716797
0,cut2,0,POPC,237,132.25819396972656,185.6571044921875,81.48432159423828
0,cut2,0,POPC,238,71.9602279663086,31.10832405090332,99.0853271484375
0,cut2,0,POPC,239,14.736272811889648,178.1031494140625,91.44253540039062
0,cut2,0,POPC,240,66.85198974609375,138.7092742919922,76.96858978271484
0,cut2,0,POPC,241,7.18627405166626,232.90415954589844,99.34087371826172
0,cut2,0,POPC,242,2.4594082832336426,95.7650833129883,101.34664154052734
0,cut2,0,POPC,243,129.12269592285156,72.40869140625,86.02295684814453
0,cut2,0,POPC,244,77.58666229248047,161.42051696777344,76.8862533569336
0,cut2,0,POPC,245,176.020263671875,164.8199005126953,92.2168960571289
0,cut2,0,POPC,246,91.44033813476562,47.86088562011719,93.77503204345703
0,cut2,0,POPC,247,93.51722717285156,238.2810821533203,64.96915435791016
0,cut2,0,POPC,248,23.87543296813965,55.97444152832031,100.58934783935547
0,cut2,0,POPC,249,72.8531494140625,47.76771545410156,96.38977813720703
0,cut2,0,POPC,250,16.445091247558594,98.26541137695312,100.24234008789062
0,cut2,0,POPC,251,127.87692260742188,50.00845718383789,91.59394073486328
0,cut2,0,POPC,252,145.28390502929688,99.3646240234375,77.49249267578125
0,cut2,0,POPC,253,-0.3341267704963684,111.17454528808594,97.8571548461914
0,cut2,0,POPC,254,22.29693031311035,123.16361236572266,71.76306915283203
0,cut2,0,POPC,255,50.314815521240234,242.537109375,96.11363983154297
0,cut2,0,POPC,256,120.61788940429688,155.8910369873047,74.82756805419922
0,cut2,0,POPC,257,70.25218200683594,81.43678283691406,79.58158874511719
0,cut2,0,POPC,258,68.5268783569336,232.1399688720703,91.50325775146484
0,cut2,0,POPC,259,44.2082633972168,151.26431274414062,84.48930358886719
0,cut2,0,POPC,260,66.51740264892578,57.296390533447266,90.99259185791016
0,cut2,0,POPC,261,36.05208969116211,19.209047317504883,91.23641204833984
0,cut2,0,POPC,262,54.00125503540039,95.27505493164062,84.94339752197266
0,cut2,0,POPC,263,92.62037658691406,14.143357276916504,105.79690551757812
0,cut2,0,POPC,264,81.20536041259766,64.65213012695312,88.04855346679688
0,cut2,0,POPC,265,22.279714584350586,18.383214950561523,99.56359100341797
0,cut2,0,POPC,266,161.21896362304688,117.23723602294922,95.85328674316406
0,cut2,0,POPC,267,56.392642974853516,203.71697998046875,93.5711669921875
0,cut2,0,POPC,268,129.4066925048828,151.79800415039062,81.23658752441406
0,cut2,0,POPC,269,107.9446792602539,178.7419891357422,76.068115234375
0,cut2,0,POPC,270,125.59976196289062,10.368083000183105,103.08504486083984
0,cut2,0,POPC,271,15.396254539489746,139.74349975585938,78.62808990478516
0,cut2,0,POPC,272,5.629425525665283,155.54156494140625,80.96755981445312
0,cut2,0,POPC,273,183.70907592773438,53.41445541381836,104.57183074951172
0,cut2,0,POPC,274,120.5254135131836,59.6530876159668,88.07313537597656
0,cut2,0,POPC,275,153.2817077636719,112.88916015625,91.81124877929686
0,cut2,0,POPC,276,159.99456787109375,122.77279663085938,48.354248046875
0,cut2,0,POPC,277,65.61560821533203,216.54971313476562,94.85366821289062
0,cut2,0,POPC,278,124.29924774169922,83.74603271484375,77.38462829589844
0,cut2,0,POPC,279,185.11476135253906,16.753543853759766,101.61194610595703
0,cut2,0,POPC,280,185.44029235839844,220.4159393310547,96.94883728027344
0,cut2,0,POPC,281,62.359535217285156,186.1076202392578,94.22119903564453
0,cut2,0,POPC,282,102.24650573730469,193.426513671875,76.89437866210938
0,cut2,0,POPC,283,93.85457611083984,98.93399047851562,79.8367919921875
0,cut2,0,POPC,284,1.3003208637237549,188.24673461914062,93.12352752685547
0,cut2,0,POPC,285,111.90199279785156,144.931884765625,75.23817443847656
0,cut2,0,POPC,286,146.40667724609375,169.4044647216797,88.64360809326172
0,cut2,0,POPC,287,66.56009674072266,144.794677734375,77.51952362060547
0,cut2,0,POPC,288,18.414392471313477,3.1472079753875732,95.38509368896484
0,cut2,0,POPC,289,9.400980949401855,18.596094131469727,100.0157241821289
0,cut2,0,POPC,290,125.49909210205078,221.7386016845703,86.49748229980469
0,cut2,0,POPC,291,38.66464614868164,85.39653778076172,91.0207290649414
0,cut2,0,POPC,292,172.93849182128906,146.7113037109375,88.80696105957031
0,cut2,0,POPC,293,34.998207092285156,139.0370635986328,76.90496826171875
0,cut2,0,POPC,294,53.66921615600586,235.44740295410156,92.57733154296875
0,cut2,0,POPC,295,176.18492126464844,226.31495666503906,98.66690826416016
0,cut2,0,POPC,296,140.7841796875,80.4903335571289,54.48095703125
0,cut2,0,POPC,297,63.54778289794922,63.4192008972168,90.44247436523438
0,cut2,0,POPC,298,26.047252655029297,49.325931549072266,99.56936645507812
0,cut2,0,POPC,299,186.87872314453125,156.4425048828125,90.77586364746094
0,cut2,0,POPC,300,53.16867446899414,77.30709075927734,88.70994567871094
0,cut2,0,POPC,301,34.73889923095703,80.15087890625,95.15560150146484
0,cut2,0,POPC,302,28.602739334106445,6.678310871124268,89.3036117553711
0,cut2,0,POPC,303,130.9423828125,88.90690612792969,80.76445770263672
0,cut2,0,POPC,304,141.0362091064453,214.2122344970703,93.21522521972656
0,cut2,0,POPC,305,88.29179382324219,230.71238708496094,96.93521118164062
0,cut2,0,POPC,306,23.222858428955078,165.9920654296875,86.39128112792969
0,cut2,0,POPC,307,84.97246551513672,102.69387817382812,79.09215545654297
0,cut2,0,POPC,308,99.18557739257812,9.865225791931152,100.9530258178711
0,cut2,0,POPC,309,100.71588897705078,55.109046936035156,91.13616943359375
0,cut2,0,POPC,310,107.6231460571289,31.61350440979004,99.07740020751953
0,cut2,0,POPC,311,14.891219139099121,157.48226928710938,80.94923400878906
0,cut2,0,POPC,312,43.48812484741211,41.44204330444336,96.18246459960938
0,cut2,0,POPC,313,171.64646911621094,65.13106536865234,100.00764465332031
0,cut2,0,POPC,314,178.4309539794922,143.22421264648438,85.55169677734375
0,cut2,0,POPC,315,55.337642669677734,88.4825668334961,86.30752563476562
0,cut2,0,POPC,316,187.07188415527344,205.7450408935547,92.69403839111328
0,cut2,0,POPC,317,158.33680725097656,210.3705291748047,97.55035400390625
0,cut2,0,POPC,318,6.421885967254639,6.629696369171143,96.56996154785156
0,cut2,0,POPC,319,72.01607513427734,189.17453002929688,91.59741973876953
0,cut2,0,POPC,320,58.598125457763665,18.634469985961914,94.45233154296875
0,cut2,0,POPC,321,101.0830307006836,111.74475860595703,77.06283569335938
0,cut2,0,POPC,322,92.66718292236328,239.43487548828125,97.92109680175781
0,cut2,0,POPC,323,39.402488708496094,12.256422996520996,86.27953338623047
0,cut2,0,POPC,324,64.87045288085938,79.99893188476562,79.80455017089844
0,cut2,0,POPC,325,33.093482971191406,223.75006103515625,94.37187194824219
0,cut2,0,POPC,326,147.52357482910156,232.0214385986328,98.22351837158203
0,cut2,0,POPC,327,55.64553451538086,25.458356857299805,94.45488739013672
0,cut2,0,POPC,328,97.83185577392578,110.58387756347656,81.21932983398438
0,cut2,0,POPC,329,193.55821228027344,29.110078811645508,100.3289794921875
0,cut2,0,POPC,330,79.80630493164062,21.65230941772461,100.06537628173828
0,cut2,0,POPC,331,38.78071594238281,172.48741149902344,85.49443817138672
0,cut2,0,POPC,332,170.45130920410156,115.5413589477539,95.8453598022461
0,cut2,0,POPC,333,126.03483581542969,18.84035301208496,98.93109893798828
0,cut2,0,POPC,334,149.81199645996094,212.207763671875,94.66355895996094
0,cut2,0,POPC,335,192.03817749023438,18.5327091217041,102.5472412109375
0,cut2,0,POPC,336,11.023628234863281,81.64763641357422,99.55340576171875
0,cut2,0,POPC,337,48.770462036132805,129.54751586914062,72.08588409423828
0,cut2,0,POPC,338,182.32196044921875,192.46226501464844,94.17337036132812
0,cut2,0,POPC,339,172.5693817138672,221.03550720214844,98.06532287597656
0,cut2,0,POPC,340,68.71888732910156,50.63833236694335,92.33308410644531
0,cut2,0,POPC,341,172.32940673828125,-2.806025266647339,103.61341857910156
0,cut2,0,POPC,342,173.44900512695312,172.0231170654297,93.08123016357422
0,cut2,0,POPC,343,158.43008422851562,181.1879425048828,87.09721374511719
0,cut2,0,POPC,344,169.90780639648438,33.20466995239258,107.09318542480469
0,cut2,0,POPC,345,142.7084503173828,85.09244537353516,82.66349792480469
0,cut2,0,POPC,346,154.20384216308594,124.91696166992188,92.2769546508789
0,cut2,0,POPC,347,-0.4030635952949524,217.3488006591797,53.50160598754883
0,cut2,0,POPC,348,94.07955932617188,66.75958251953125,85.67262268066406
0,cut2,0,POPC,349,0.5999757647514343,23.517017364501953,101.51844787597656
0,cut2,0,POPC,350,24.530574798583984,241.06564331054688,96.0157699584961
0,cut2,0,POPC,351,1.1203181743621826,168.60496520996094,88.91737365722656
0,cut2,0,POPC,352,143.04718017578125,15.121634483337402,99.93521118164062
0,cut2,0,POPC,353,134.53338623046875,199.0049591064453,86.5294189453125
0,cut2,0,POPC,354,65.52567291259766,202.13047790527344,91.41118621826172
0,cut2,0,POPC,355,82.8313217163086,173.05250549316406,83.03645324707031
0,cut2,0,POPC,356,86.31684875488281,6.927292346954346,100.40924835205078
0,cut2,0,POPC,357,167.6787872314453,237.2387237548828,100.60697937011719
0,cut2,0,POPC,358,163.24342346191406,101.65876007080078,98.25244903564453
0,cut2,0,POPC,359,113.76549530029297,215.06790161132812,88.36138153076172
0,cut2,0,POPC,360,123.38080596923828,161.6546630859375,74.94843292236328
0,cut2,0,POPC,361,31.517200469970703,21.46102714538574,96.10092163085938
0,cut2,0,POPC,362,133.4886474609375,143.77676391601562,83.34180450439453
0,cut2,0,POPC,363,55.456539154052734,122.15850830078125,73.83889770507812
0,cut2,0,POPC,364,101.60822296142578,90.56111145019531,81.39530181884766
0,cut2,0,POPC,365,158.65277099609375,111.19970703125,99.72344970703125
0,cut2,0,POPC,366,178.09007263183594,101.20650482177734,97.12206268310548
0,cut2,0,POPC,367,195.6382598876953,96.28926086425781,101.72268676757814
0,cut2,0,POPC,368,167.52642822265625,89.6923599243164,96.25587463378906
0,cut2,0,POPC,369,61.580223083496094,222.78424072265625,94.95164489746094
0,cut2,0,POPC,370,18.369792938232422,219.70321655273438,90.08147430419922
0,cut2,0,POPC,371,61.57294845581055,179.3851776123047,89.19004821777344
0,cut2,0,POPC,372,44.845115661621094,230.9674530029297,95.03372955322266
0,cut2,0,POPC,373,40.193519592285156,47.150291442871094,96.00801086425781
0,cut2,0,POPC,374,13.91010570526123,43.55623245239258,103.52388000488281
0,cut2,0,POPC,375,76.33052062988281,6.77195405960083,100.26821899414062
0,cut2,0,POPC,376,113.43425750732422,89.61603546142578,78.42687225341797
0,cut2,0,POPC,377,119.03189086914062,146.8130340576172,77.03778839111328
0,cut2,0,POPC,378,48.25880432128906,81.68087005615234,91.2259750366211
0,cut2,0,POPC,379,182.8655242919922,47.72633743286133,105.25394439697266
0,cut2,0,POPC,380,5.235172748565674,219.96788024902344,97.49315643310547
0,cut2,0,POPC,381,79.23712921142578,125.21768951416016,70.20052337646484
0,cut2,0,POPC,382,18.491878509521484,210.57846069335938,92.69013214111328
0,cut2,0,POPC,383,55.723628997802734,147.36085510253906,78.79169464111328
0,cut2,0,POPC,384,136.29412841796875,167.78709411621094,83.61205291748047
0,cut2,0,POPC,385,110.88145446777344,47.24681091308594,93.43270111083984
0,cut2,0,POPC,386,39.5214729309082,99.62588500976562,92.5095443725586
0,cut2,0,POPC,387,78.37933349609375,133.77191162109375,77.21703338623047
0,cut2,0,POPC,388,40.0135612487793,53.39206314086914,97.96124267578125
0,cut2,0,POPC,389,133.21633911132812,19.26285171508789,100.72110748291016
0,cut2,0,POPC,390,172.94647216796875,231.82431030273438,100.44657135009767
0,cut2,0,POPC,391,101.29676055908203,136.70773315429688,78.02882385253906
0,cut2,0,POPC,392,170.452392578125,209.68218994140625,95.70995330810547
0,cut2,0,POPC,393,52.545467376708984,227.76202392578125,96.06446075439453
0,cut2,0,POPC,394,177.37059020996094,113.83300018310547,59.075199127197266
0,cut2,0,POPC,395,84.77725982666016,165.03500366210938,77.79428100585938
0,cut2,0,POPC,396,114.4305953979492,139.3407745361328,81.23436737060547
0,cut2,0,POPC,397,13.290782928466797,206.814208984375,92.53568267822266
0,cut2,0,POPC,398,69.51365661621094,65.83090209960938,93.55498504638672
0,cut2,0,POPC,399,172.48666381835938,108.68431854248047,97.27613067626953
0,cut2,0,POPC,400,77.42301940917969,17.219478607177734,96.04794311523438
0,cut2,0,POPC,401,166.34213256835938,189.11880493164062,92.02056121826172
0,cut2,0,POPC,402,121.31494140625,132.25552368164062,84.60472106933594
0,cut2,0,POPC,403,48.86505126953125,206.74627685546875,92.6728286743164
0,cut2,0,POPC,404,26.062753677368164,218.28465270996094,92.2966079711914
0,cut2,0,POPC,405,46.55845260620117,143.95956420898438,83.23965454101562
0,cut2,0,POPC,406,25.191429138183594,138.68185424804688,77.30818939208984
0,cut2,0,POPC,407,46.379188537597656,220.10597229003906,93.33233642578125
0,cut2,0,POPC,408,166.28558349609375,67.82036590576172,97.58773803710938
0,cut2,0,POPC,409,173.68501281738284,12.193085670471191,105.14460754394531
0,cut2,0,POPC,410,58.66279983520508,40.59130859375,95.37541198730469
0,cut2,0,POPC,411,84.90498352050781,47.98249816894531,93.34651184082031
0,cut2,0,POPC,412,77.49161529541016,100.30560302734375,76.76911926269531
0,cut2,0,POPC,413,27.92352867126465,199.723876953125,89.56285858154297
0,cut2,0,POPC,414,140.27882385253906,24.467830657958984,100.74300384521484
0,cut2,0,POPC,415,29.550758361816406,31.27024269104004,97.82559204101562
0,cut2,0,POPC,416,187.7810516357422,194.5149383544922,90.9079360961914
0,cut2,0,POPC,417,138.3629913330078,140.23495483398438,87.0794677734375
0,cut2,0,POPC,418,31.59512710571289,43.07174301147461,95.22203826904297
0,cut2,0,POPC,419,77.0149154663086,71.23373413085938,84.84410858154297
0,cut2,0,POPC,420,82.17935180664062,55.23344039916992,89.42920684814453
0,cut2,0,POPC,421,45.04545593261719,74.68965148925781,92.51959991455078
0,cut2,0,POPC,422,35.44145965576172,155.3245391845703,84.27234649658203
0,cut2,0,POPC,423,66.14934539794922,13.238930702209473,95.58544921875
0,cut2,0,POPC,424,162.13107299804688,135.7379608154297,88.86837768554688
0,cut2,0,POPC,425,145.3057708740234,144.32881164550784,87.9662094116211
0,cut2,0,POPC,426,27.62407875061035,243.47189331054688,91.14299011230469
0,cut2,0,POPC,427,122.25517272949219,88.48828125,79.40475463867188
0,cut2,0,POPC,428,152.3935089111328,238.38218688964844,102.83848571777345
0,cut2,0,POPC,429,37.042720794677734,74.6218490600586,94.47071075439453
0,cut2,0,POPC,430,185.829345703125,39.719581604003906,106.17959594726562
0,cut2,0,POPC,431,129.2895965576172,57.171268463134766,88.3746109008789
0,cut2,0,POPC,432,2.8090717792510986,53.149314880371094,102.63019561767578
0,cut2,0,POPC,433,171.10621643066406,18.890613555908203,104.42106628417969
0,cut2,0,POPC,434,52.00799560546875,214.86691284179688,93.38023376464844
0,cut2,0,POPC,435,64.30362701416016,28.69841957092285,97.9565658569336
0,cut2,0,POPC,436,99.3826675415039,225.92153930664062,95.02230834960938
0,cut2,0,POPC,437,144.87533569335938,150.02085876464844,85.89665222167969
0,cut2,0,POPC,438,117.45176696777344,189.42811584472656,78.13096618652344
0,cut2,0,POPC,439,43.005496978759766,58.84572982788086,95.34771728515625
0,cut2,0,POPC,440,5.187793731689453,203.72169494628906,96.77232360839844
0,cut2,0,POPC,441,138.86509704589844,123.7681198120117,90.9110107421875
0,cut2,0,POPC,442,69.14959716796875,154.94395446777344,76.30036926269531
0,cut2,0,POPC,443,34.048912048339844,236.2099609375,93.74870300292969
0,cut2,0,POPC,444,185.84617614746094,31.791093826293945,103.53538513183594
0,cut2,0,POPC,445,131.54733276367188,81.96879577636719,82.09163665771484
0,cut2,0,POPC,446,123.79653930664062,174.23463439941406,77.12238311767578
0,cut2,0,POPC,447,23.56564712524414,204.599365234375,93.33753204345703
0,cut2,0,POPC,448,123.33750915527344,142.50546264648438,84.07443237304688
0,cut2,0,POPC,449,57.78805923461914,130.20265197753906,75.32701873779297
0,cut2,0,POPC,450,116.71363067626953,173.34730529785156,76.06946563720703
0,cut2,0,POPC,451,69.86559295654297,93.74150085449219,81.8328857421875
0,cut2,0,POPC,452,11.996012687683105,145.0963134765625,81.56294250488281
0,cut2,0,POPC,453,121.39668273925781,71.00511169433594,85.73617553710938
0,cut2,0,POPC,454,168.1943817138672,52.918922424316406,107.79902648925781
0,cut2,0,POPC,455,155.53578186035156,163.65672302246094,87.66221618652344
0,cut2,0,POPC,456,90.17353820800781,20.62590980529785,102.70687866210939
0,cut2,0,POPC,457,108.22128295898438,61.27865219116211,88.5263900756836
0,cut2,0,POPC,458,73.25682067871094,166.56597900390625,78.5346450805664
0,cut2,0,POPC,459,190.15931701660156,241.0205078125,97.51782989501953
0,cut2,0,POPC,460,125.00514221191406,7.50073766708374,97.44465637207031
0,cut2,0,POPC,461,50.72089767456055,33.06821823120117,95.735107421875
0,cut2,0,POPC,462,26.177946090698242,179.91754150390625,91.48023986816406
0,cut2,0,POPC,463,45.76064682006836,237.09588623046875,56.14691162109375
0,cut2,0,POPC,464,33.544795989990234,93.88304901123047,93.91362762451172
0,cut2,0,POPC,465,109.75233459472656,57.03385925292969,93.7571792602539
0,cut2,0,POPC,466,45.91349792480469,86.72032165527344,89.11503601074219
0,cut2,0,POPC,467,157.34011840820312,188.12542724609375,52.48952865600586
0,cut2,0,POPC,468,136.33358764648438,12.057194709777832,101.75191497802734
0,cut2,0,POPC,469,21.20558738708496,10.18570613861084,96.49620056152344
0,cut2,0,POPC,470,102.28996276855469,165.87213134765625,72.45674133300781
0,cut2,0,POPC,471,194.5657196044922,83.38272094726562,101.81204986572266
0,cut2,0,POPC,472,187.64195251464844,4.345578670501709,99.3313980102539
0,cut2,0,POPC,473,87.31236267089844,161.4320831298828,72.25924682617188
0,cut2,0,POPC,474,181.60955810546875,116.91229248046875,91.76929473876953
0,cut2,0,POPC,475,5.250311374664307,114.19468688964844,96.86361694335939
0,cut2,0,POPC,476,167.74302673339844,61.14297866821289,102.74197387695312
0,cut2,0,POPC,477,58.35228729248047,230.31063842773438,91.90013122558594
0,cut2,0,POPC,478,63.583091735839844,88.62554168701172,83.67021942138672
0,cut2,0,POPC,479,75.696533203125,176.5771484375,90.0346450805664
0,cut2,0,POPC,480,43.411197662353516,18.243179321289062,90.29248046875
0,cut2,0,POPC,481,14.85158920288086,21.276588439941406,98.12213897705078
0,cut2,0,POPC,482,42.5344123840332,124.6450424194336,74.82013702392578
0,cut2,0,POPC,483,134.5025634765625,-3.48653244972229,101.58998107910156
0,cut2,0,POPC,484,171.46372985839844,215.29739379882812,98.49790954589844
0,cut2,0,POPC,485,138.56915283203125,179.43052673339844,86.29773712158203
0,cut2,0,POPC,486,93.31039428710938,132.21861267089844,79.23191833496094
0,cut2,0,POPC,487,175.91127014160156,81.85794830322266,97.97863006591797
0,cut2,0,POPC,488,18.405941009521484,166.5533905029297,89.5877685546875
0,cut2,0,POPC,489,30.103641510009766,54.66609573364258,98.12622833251953
0,cut2,0,POPC,490,36.399356842041016,205.6302947998047,93.27301025390625
0,cut2,0,POPC,491,123.76213073730469,194.92575073242188,83.3453826904297
0,cut2,0,POPC,492,137.6370849609375,56.65768814086914,88.90962982177734
0,cut2,0,POPC,493,40.207908630371094,137.56565856933594,75.03247833251953
0,cut2,0,POPC,494,172.40106201171875,155.81227111816406,94.9045181274414
0,cut2,0,POPC,495,114.06446075439453,149.55474853515628,72.07051849365234
0,cut2,0,POPC,496,75.36683654785156,220.2093963623047,94.47259521484375
0,cut2,0,POPC,497,75.79854583740234,153.94053649902344,76.89596557617188
0,cut2,0,POPC,498,164.17405700683594,196.32467651367188,90.12702178955078
0,cut2,0,POPC,499,121.68541717529297,97.45701599121094,81.81993103027344
0,cut2,0,POPC,500,46.19291305541992,122.81845092773438,69.21401977539062
0,cut2,0,POPC,501,192.26025390625,91.21932220458984,99.55805969238281
0,cut2,0,POPC,502,116.68597412109375,242.21670532226562,99.49179077148438
0,cut2,0,POPC,503,21.16024398803711,198.53724670410156,91.8812026977539
0,cut2,0,POPC,504,58.93936538696289,73.99840545654297,88.01226043701172
0,cut2,0,POPC,505,58.531890869140625,168.3293914794922,86.1581802368164
0,cut2,0,POPC,506,112.09757232666016,191.92059326171875,78.88958740234375
0,cut2,0,POPC,507,148.55682373046875,162.53457641601562,90.04781341552734
0,cut2,0,POPC,508,59.20926284790039,28.73790168762207,57.37975692749024
0,cut2,0,POPC,509,62.29607391357422,68.02622985839844,86.68629455566406
0,cut2,0,POPC,510,30.41462326049805,72.41907501220703,97.55696868896484
0,cut2,0,POPC,511,135.38784790039062,134.95098876953125,86.6436996459961
0,cut2,0,POPC,512,60.875499725341804,4.188740253448486,97.6153564453125
0,cut2,0,POPC,513,74.96546173095703,239.2764892578125,98.515869140625
0,cut2,0,POPC,514,9.178412437438965,237.9359893798828,98.23419952392578
0,cut2,0,POPC,515,161.54124450683594,200.51280212402344,93.5406494140625
0,cut2,0,POPC,516,6.955520153045654,184.7897186279297,93.42872619628906
0,cut2,0,POPC,517,188.09011840820312,186.1127166748047,91.8740234375
0,cut2,0,POPC,518,36.18288040161133,132.30787658691406,72.45108795166016
0,cut2,0,POPC,519,95.11194610595703,82.8897933959961,76.3447494506836
0,cut2,0,POPC,520,183.81993103027344,211.53245544433594,95.69108581542969
0,cut2,0,POPC,521,101.12276458740234,97.53549194335938,77.0372085571289
0,cut2,0,POPC,522,109.40432739257812,74.8681869506836,84.99687194824219
0,cut2,0,POPC,523,28.337873458862305,11.896710395812988,95.30551147460936
0,cut2,0,POPC,524,158.03919982910156,140.8752899169922,87.36795043945312
0,cut2,0,POPC,525,38.420013427734375,178.25872802734375,89.09616088867188
0,cut2,0,POPC,526,157.336181640625,8.708389282226562,101.19349670410158
0,cut2,0,POPC,527,66.74562835693361,130.0756378173828,74.63409423828125
0,cut2,0,POPC,528,46.52248764038086,11.051932334899902,90.77155303955078
0,cut2,0,POPC,529,14.573287963867188,9.151518821716309,97.08908081054688
0,cut2,0,POPC,530,65.83907318115234,175.93414306640625,90.50374603271484
0,cut2,0,POPC,531,176.16470336914062,75.9939956665039,98.80894470214844
0,cut2,0,POPC,532,22.5041446685791,75.28888702392578,97.51640319824219
0,cut2,0,POPC,533,6.452750205993652,45.42839050292969,103.19573211669922
0,cut2,0,POPC,534,117.5272445678711,205.57400512695312,84.79914093017578
0,cut2,0,POPC,535,191.54010009765622,163.40399169921875,91.71370697021484
0,cut2,0,POPC,536,81.28237915039062,27.2646427154541,100.12625122070312
0,cut2,0,POPC,537,161.54920959472656,12.49365520477295,103.81456756591797
0,cut2,0,POPC,538,39.999671936035156,184.13851928710938,92.12332153320312
0,cut2,0,POPC,539,163.51637268066406,83.97088623046875,97.29023742675781
0,cut2,0,POPC,540,164.4749298095703,215.82327270507812,95.44329071044922
0,cut2,0,POPC,541,153.0917510986328,196.78187561035156,86.07775115966797
0,cut2,0,POPC,542,92.26143646240234,69.30958557128906,80.43190765380858
0,cut2,0,POPC,543,192.73146057128906,42.886260986328125,103.4970703125
0,cut2,0,POPC,544,167.947998046875,127.17691040039062,92.31129455566406
0,cut2,0,POPC,545,58.867965698242195,10.995100975036621,95.57653045654297
0,cut2,0,POPC,546,50.23442077636719,17.486509323120117,89.57449340820312
0,cut2,0,POPC,547,29.181039810180664,147.99867248535156,82.12931060791016
0,cut2,0,POPC,548,81.48100280761719,75.70378112792969,82.28636169433594
0,cut2,0,POPC,549,81.07618713378906,88.9998550415039,79.98382568359375
0,cut2,0,POPC,550,10.557820320129395,135.0671844482422,74.80365753173828
0,cut2,0,POPC,551,81.68098449707031,1.5045807361602783,99.12458038330078
0,cut2,0,POPC,552,185.80262756347656,177.48397827148438,91.71178436279297
0,cut2,0,POPC,553,62.6313133239746,42.92917251586914,90.77346801757812
0,cut2,0,POPC,554,80.15045166015625,200.2729034423828,88.67655181884766
0,cut2,0,POPC,555,76.03176879882812,214.20767211914062,97.69869995117188
0,cut2,0,POPC,556,193.61546325683594,107.31802368164062,96.6924819946289
0,cut2,0,POPC,557,42.313175201416016,207.00279235839844,93.01261901855469
0,cut2,0,POPC,558,101.1357192993164,80.1185531616211,76.69316101074219
0,cut2,0,POPC,559,126.04127502441406,167.49024963378906,77.96126556396484
0,cut2,0,POPC,560,13.989225387573242,189.51580810546878,93.29239654541016
0,cut2,0,POPC,561,1.579813003540039,38.25516891479492,103.0833969116211
0,cut2,0,POPC,562,5.847864627838135,62.22769546508789,101.50418090820312
0,cut2,0,POPC,563,170.35377502441406,176.69732666015625,91.4504623413086
0,cut2,0,POPC,564,13.011499404907227,67.17070770263672,100.32234191894531
0,cut2,0,POPC,565,57.89790725708008,216.65924072265625,92.74055480957031
0,cut2,0,POPC,566,92.80393981933594,138.86148071289062,77.74600982666016
0,cut2,0,POPC,567,47.576866149902344,161.110107421875,85.82727813720703
0,cut2,0,POPC,568,18.865642547607422,53.37321472167969,101.92054748535156
0,cut2,0,POPC,569,157.08792114257812,0.2170526683330536,99.28751373291016
0,cut2,0,POPC,570,187.59886169433594,232.7377166748047,97.38225555419922
0,cut2,0,POPC,571,47.222721099853516,106.64163970947266,43.65313720703125
0,cut2,0,POPC,572,19.70047950744629,39.48158264160156,102.91028594970703
0,cut2,0,POPC,573,119.5075912475586,19.390262603759766,104.13851928710938
0,cut2,0,POPC,574,176.81558227539062,16.298974990844727,103.29647827148438
0,cut2,0,POPC,575,56.58721923828125,69.8958969116211,92.79150390625
0,cut2,0,POPC,576,158.1084747314453,131.2798309326172,86.03461456298828
0,cut2,0,POPC,577,126.38630676269531,184.70059204101562,77.70413970947266
0,cut2,0,POPC,578,44.30146789550781,168.15975952148438,85.99636840820312
0,cut2,0,POPC,579,167.51834106445312,134.80398559570312,91.21094512939453
0,cut2,0,POPC,580,136.0271759033203,129.1840057373047,87.09928131103516
0,cut2,0,POPC,581,103.32493591308594,181.4058380126953,73.24197387695312
0,cut2,0,POPC,582,27.835941314697266,235.3714599609375,96.88675689697266
0,cut2,0,POPC,583,181.76187133789062,202.72613525390625,92.35838317871094
0,cut2,0,POPC,584,171.90403747558594,105.60941314697266,62.8232307434082
0,cut2,0,POPC,585,60.635746002197266,-2.140373468399048,94.86857604980469
0,cut2,0,POPC,586,142.629638671875,8.348647117614746,99.27816772460938
0,cut2,0,POPC,587,97.86137390136719,-1.2709324359893799,99.74011993408203
0,cut2,0,POPC,588,21.152292251586914,222.69107055664062,95.68636322021484
0,cut2,0,POPC,589,181.27420043945312,64.87972259521484,102.259521484375
0,cut2,0,POPC,590,52.970096588134766,136.3120880126953,78.68885040283203
0,cut2,0,POPC,591,86.96321868896484,151.8715057373047,72.2358169555664
0,cut2,0,POPC,592,67.21350860595703,211.81411743164062,53.34046936035157
0,cut2,0,POPC,593,8.534404754638672,31.807489395141598,100.04834747314453
0,cut2,0,POPC,594,153.95736694335938,233.1663818359375,97.84819030761719
0,cut2,0,POPC,595,65.00855255126953,20.849668502807617,96.23904418945312
0,cut2,0,POPC,596,110.73902893066406,204.9864044189453,84.74412536621094
0,cut2,0,POPC,597,107.05709075927734,148.7620849609375,68.56755828857422
0,cut2,0,POPC,598,31.821456909179688,172.62496948242188,88.91407012939453
0,cut2,0,POPC,599,112.9764175415039,12.526196479797363,102.67781066894531
0,cut2,0,POPC,600,28.138090133666992,125.15200042724608,72.5236587524414
0,cut2,0,POPC,601,7.931356430053711,178.16893005371094,92.46021270751953
0,cut2,0,POPC,602,179.4596405029297,111.65203094482422,96.22543334960938
0,cut2,0,POPC,603,86.50892639160156,236.35720825195312,97.85689544677734
0,cut2,0,POPC,604,191.2692413330078,227.12554931640625,95.30455780029295
0,cut2,0,POPC,605,119.9427490234375,1.9559972286224365,97.2450942993164
0,cut2,0,POPC,606,143.61761474609375,-3.015256643295288,100.30606842041016
0,cut2,0,POPC,607,75.2651138305664,142.07525634765625,77.86638641357422
0,cut2,0,POPC,608,60.389034271240234,209.96749877929688,95.07367706298828
0,cut2,0,POPC,609,6.257724285125732,212.66270446777344,92.5576171875
0,cut2,0,POPC,610,33.43102264404297,185.5990447998047,91.78998565673828
0,cut2,0,POPC,611,189.82618713378906,213.4140625,93.23388671875
0,cut2,0,POPC,612,27.360380172729492,191.23692321777344,86.5546875
0,cut2,0,POPC,613,172.8225860595703,208.35299682617188,56.43922424316406
0,cut2,0,POPC,614,120.70664978027344,214.40695190429688,88.90111541748047
0,cut2,0,POPC,615,194.52040100097656,176.8987579345703,94.01844787597656
0,cut2,0,POPC,616,196.95480346679688,13.806281089782715,99.48697662353516
0,cut2,0,POPC,617,163.6453094482422,229.200439453125,96.22667694091797
0,cut2,0,POPC,618,8.62614917755127,149.33035278320312,82.66019439697266
0,cut2,0,POPC,619,57.93779373168945,158.53042602539062,80.90838623046875
0,cut2,0,POPC,620,30.694555282592773,205.63375854492188,93.78650665283203
0,cut2,0,POPC,621,180.5364532470703,22.1860294342041,102.88296508789062
0,cut2,0,POPC,622,164.73036193847656,174.31875610351562,90.02513885498047
0,cut2,0,POPC,623,124.15731048583984,63.92874526977539,87.68228149414062
0,cut2,0,POPC,624,145.56930541992188,180.8203125,86.36538696289062
0,cut2,0,POPC,625,132.7734375,176.51712036132812,80.58989715576172
0,cut2,0,POPC,626,131.42665100097656,99.97172546386719,41.79766845703125
0,cut2,0,POPC,627,37.02871322631836,230.12991333007812,53.3101921081543
0,cut2,0,POPC,628,68.34539794921875,196.20956420898438,52.366546630859375
0,cut2,0,POPC,629,149.32333374023438,170.30288696289062,47.152809143066406
0,cut2,0,POPC,630,115.98207092285156,65.93108367919922,51.325618743896484
0,cut2,0,POPC,631,175.9310302734375,246.49684143066406,66.36116790771484
0,cut2,0,POPC,632,125.25811767578125,200.8136444091797,45.006683349609375
0,cut2,0,POPC,633,135.73190307617188,158.58309936523438,44.73503112792969
0,cut2,0,POPC,634,73.6373519897461,236.8246307373047,57.7772216796875
0,cut2,0,POPC,635,138.67559814453125,13.597094535827637,57.61003494262695
0,cut2,0,POPC,636,26.505613327026367,152.46669006347656,43.120052337646484
0,cut2,0,POPC,637,38.538108825683594,221.09219360351562,57.42453002929688
0,cut2,0,POPC,638,94.6886215209961,50.29045486450195,51.08058166503906
0,cut2,0,POPC,639,74.9011459350586,192.72463989257812,49.9829216003418
0,cut2,0,POPC,640,193.21920776367188,225.11656188964844,59.01669692993164
0,cut2,0,POPC,641,3.8183863162994385,164.2811279296875,45.32822036743164
0,cut2,0,POPC,642,185.75241088867188,179.82110595703125,50.10630416870117
0,cut2,0,POPC,643,64.60281372070312,216.80128479003906,54.14363098144531
0,cut2,0,POPC,644,42.812686920166016,87.35438537597656,53.920387268066406
0,cut2,0,POPC,645,9.15959644317627,86.5662841796875,59.26464080810547
0,cut2,0,POPC,646,183.26971435546875,2.9182441234588623,67.8858413696289
0,cut2,0,POPC,647,2.568824291229248,24.4460506439209,59.822967529296875
0,cut2,0,POPC,648,168.0399627685547,149.12254333496094,58.839134216308594
0,cut2,0,POPC,649,184.29379272460938,75.19602966308594,67.01732635498048
0,cut2,0,POPC,650,191.19874572753906,192.0899658203125,46.628807067871094
0,cut2,0,POPC,651,156.2131805419922,165.8047332763672,45.6833610534668
0,cut2,0,POPC,652,163.92457580566406,189.42837524414062,51.010074615478516
0,cut2,0,POPC,653,185.45042419433594,201.0882873535156,52.93437957763672
0,cut2,0,POPC,654,52.22923278808594,180.60647583007812,47.90874099731445
0,cut2,0,POPC,655,36.96693801879883,28.252267837524414,50.85783767700195
0,cut2,0,POPC,656,188.16537475585938,6.785010814666748,62.98903274536133
0,cut2,0,POPC,657,25.490692138671875,159.72666931152344,46.72016906738281
0,cut2,0,POPC,658,89.4511947631836,124.40251922607422,49.214839935302734
0,cut2,0,POPC,659,59.73612594604492,169.2432861328125,43.67389678955078
0,cut2,0,POPC,660,76.9431381225586,46.53452301025391,53.24760055541992
0,cut2,0,POPC,661,33.30228042602539,58.635379791259766,56.25071716308594
0,cut2,0,POPC,662,166.78955078125,52.273311614990234,65.75685119628906
0,cut2,0,POPC,663,137.5740966796875,187.7616729736328,50.38538360595703
0,cut2,0,POPC,664,21.26195526123047,40.7452507019043,56.915767669677734
0,cut2,0,POPC,665,187.01475524902344,231.91868591308594,60.65336608886719
0,cut2,0,POPC,666,148.97084045410156,136.37124633789062,48.04302978515625
0,cut2,0,POPC,667,0.6516615748405457,100.05961608886719,59.86037063598633
0,cut2,0,POPC,668,164.89920043945312,145.3629608154297,50.37083053588867
0,cut2,0,POPC,669,140.86004638671875,134.9840545654297,43.67220687866211
0,cut2,0,POPC,670,183.2524871826172,26.947263717651367,64.9735107421875
0,cut2,0,POPC,671,62.047203063964844,75.0001220703125,44.1376838684082
0,cut2,0,POPC,672,2.597676992416382,205.17640686035156,51.45306396484375
0,cut2,0,POPC,673,124.2872543334961,10.670554161071777,59.37205505371094
0,cut2,0,POPC,674,188.4407501220703,57.76215362548828,62.388492584228516
0,cut2,0,POPC,675,61.0949592590332,176.63894653320312,48.64388656616211
0,cut2,0,POPC,676,70.48963165283203,85.36009216308594,40.18535614013672
0,cut2,0,POPC,677,143.9236602783203,183.11268615722656,54.16826629638672
0,cut2,0,POPC,678,36.9214859008789,6.478830814361572,55.547813415527344
0,cut2,0,POPC,679,95.96150207519531,21.110782623291016,57.257205963134766
0,cut2,0,POPC,680,136.1367645263672,175.69664001464844,45.5776481628418
0,cut2,0,POPC,681,5.083018779754639,24.723453521728516,54.927310943603516
0,cut2,0,POPC,682,117.1865463256836,76.1775665283203,52.37183380126953
0,cut2,0,POPC,683,157.8463134765625,225.99591064453125,61.27988815307617
0,cut2,0,POPC,684,113.58602142333984,136.14749145507812,42.83427047729492
0,cut2,0,POPC,685,94.98786926269531,60.232120513916016,52.36130142211914
0,cut2,0,POPC,686,70.76508331298828,163.51715087890625,43.684913635253906
0,cut2,0,POPC,687,13.996962547302246,183.1055450439453,48.32847213745117
0,cut2,0,POPC,688,55.60690689086914,186.62400817871094,50.0545654296875
0,cut2,0,POPC,689,62.172943115234375,198.7196502685547,56.5308723449707
0,cut2,0,POPC,690,191.9066619873047,170.82513427734375,48.503597259521484
0,cut2,0,POPC,691,196.51856994628906,88.54183959960938,65.36962127685547
0,cut2,0,POPC,692,189.82345581054688,206.27664184570312,53.275333404541016
0,cut2,0,POPC,693,126.13180541992188,147.6536865234375,40.1550407409668
0,cut2,0,POPC,694,167.01185607910156,163.9825286865234,50.5720100402832
0,cut2,0,POPC,695,159.1182861328125,195.95327758789062,50.378623962402344
0,cut2,0,POPC,696,106.90576934814453,41.756980895996094,57.33268356323242
0,cut2,0,POPC,697,58.145423889160156,226.23825073242188,59.14032745361328
0,cut2,0,POPC,698,86.46430969238281,41.5283317565918,50.46833801269531
0,cut2,0,POPC,699,192.8409423828125,11.002169609069824,62.95857620239258
0,cut2,0,POPC,700,100.88448333740234,17.477643966674805,64.27224731445312
0,cut2,0,POPC,701,126.9655532836914,191.3433380126953,44.96416473388672
0,cut2,0,POPC,702,41.13341522216797,62.06291580200195,53.830177307128906
0,cut2,0,POPC,703,50.846351623535156,45.21315383911133,54.112823486328125
0,cut2,0,POPC,704,86.77515411376953,219.253662109375,52.944766998291016
0,cut2,0,POPC,705,82.4749984741211,229.58042907714844,57.768619537353516
0,cut2,0,POPC,706,52.98130416870117,208.45187377929688,53.17120361328125
0,cut2,0,POPC,707,191.505126953125,26.857519149780273,60.07638931274414
0,cut2,0,POPC,708,51.63911437988282,142.55972290039062,79.88050842285156
0,cut2,0,POPC,709,177.83807373046875,20.601766586303707,63.55656051635742
0,cut2,0,POPC,710,179.84783935546875,221.41592407226562,59.65086364746094
0,cut2,0,POPC,711,44.94062423706055,93.19525909423828,52.35322570800781
0,cut2,0,POPC,712,51.22307205200195,7.337095737457275,50.40737533569336
0,cut2,0,POPC,713,30.023269653320312,20.097366333007812,52.60258483886719
0,cut2,0,POPC,714,147.29063415527344,17.634138107299805,59.59387969970703
0,cut2,0,POPC,715,17.693235397338867,173.87503051757812,45.973907470703125
0,cut2,0,POPC,716,196.38162231445312,41.47642517089844,64.29741668701172
0,cut2,0,POPC,717,181.7660369873047,94.67079162597656,65.80284881591797
0,cut2,0,POPC,718,74.4789810180664,217.1139373779297,51.96307373046875
0,cut2,0,POPC,719,19.25753402709961,50.36491012573242,56.20053863525391
0,cut2,0,POPC,720,12.082063674926758,163.9092559814453,44.109169006347656
0,cut2,0,POPC,721,110.76529693603516,100.46271514892578,37.9166259765625
0,cut2,0,POPC,722,151.89651489257812,208.62252807617188,55.04900360107422
0,cut2,0,POPC,723,102.2074966430664,168.63890075683594,36.37800979614258
0,cut2,0,POPC,724,98.41802978515625,3.085222005844116,64.95496368408203
0,cut2,0,POPC,725,197.2609405517578,237.2086639404297,61.29115676879883
0,cut2,0,POPC,726,90.89777374267578,63.162052154541016,49.06869888305664
0,cut2,0,POPC,727,32.92878341674805,215.02694702148438,55.916385650634766
0,cut2,0,POPC,728,52.03191375732422,66.2376937866211,52.28532028198242
0,cut2,0,POPC,729,25.841447830200195,12.611735343933105,54.40132141113281
0,cut2,0,POPC,730,55.413379669189446,10.382771492004395,51.480499267578125
0,cut2,0,POPC,731,67.28980255126953,180.49949645996094,47.12870407104492
0,cut2,0,POPC,732,192.7449951171875,159.58653259277344,46.30318069458008
0,cut2,0,POPC,733,132.92979431152344,17.93451690673828,55.07754898071289
0,cut2,0,POPC,734,144.70755004882812,148.27215576171875,51.1190299987793
0,cut2,0,POPC,735,41.787261962890625,186.3635559082031,50.0251350402832
0,cut2,0,POPC,736,8.67182731628418,218.96624755859375,52.634971618652344
0,cut2,0,POPC,737,4.748257637023926,76.56993865966797,61.341773986816406
0,cut2,0,POPC,738,191.86160278320312,220.9358673095703,53.87855911254883
0,cut2,0,POPC,739,181.57626342773438,134.40602111816406,56.414302825927734
0,cut2,0,POPC,740,33.06273651123047,13.654997825622559,55.80544662475586
0,cut2,0,POPC,741,183.615478515625,158.48822021484375,52.220703125
0,cut2,0,POPC,742,9.29218578338623,227.2796630859375,55.085853576660156
0,cut2,0,POPC,743,87.47270965576172,224.658935546875,55.695377349853516
0,cut2,0,POPC,744,109.71951293945312,17.209197998046875,63.359188079833984
0,cut2,0,POPC,745,64.6617202758789,187.66015625000003,48.077545166015625
0,cut2,0,POPC,746,158.8734130859375,158.26573181152344,54.11180114746094
0,cut2,0,POPC,747,0.7490145564079285,153.1695098876953,47.50626754760743
0,cut2,0,POPC,748,112.73114013671875,50.93686294555664,53.32716369628906
0,cut2,0,POPC,749,32.630123138427734,206.9736785888672,52.21251678466797
0,cut2,0,POPC,750,101.3460693359375,69.52186584472656,43.023399353027344
0,cut2,0,POPC,751,75.57421112060547,231.1764678955078,57.22181701660156
0,cut2,0,POPC,752,67.5394515991211,22.828277587890625,59.49429702758789
0,cut2,0,POPC,753,10.328226089477539,41.88227462768555,58.388404846191406
0,cut2,0,POPC,754,143.52639770507812,224.72633361816406,58.405277252197266
0,cut2,0,POPC,755,124.75506591796875,209.01007080078125,50.62284469604492
0,cut2,0,POPC,756,17.05168342590332,187.0778045654297,52.6031379699707
0,cut2,0,POPC,757,0.8857876658439636,82.89659118652344,63.63383865356445
0,cut2,0,POPC,758,8.827129364013672,188.26321411132812,49.29747009277344
0,cut2,0,POPC,759,106.19367218017578,22.885635375976562,61.54551696777344
0,cut2,0,POPC,760,168.5570831298828,121.6981201171875,50.69733428955078
0,cut2,0,POPC,761,167.0521240234375,72.55831909179688,57.43123245239258
0,cut2,0,POPC,762,8.497279167175293,237.8812255859375,57.65262222290039
0,cut2,0,POPC,763,160.95179748535156,106.4764175415039,63.9747428894043
0,cut2,0,POPC,764,53.22093200683594,78.158203125,48.10760498046875
0,cut2,0,POPC,765,24.405677795410156,93.88813781738281,55.35787582397461
0,cut2,0,POPC,766,65.83740234375,156.4385681152344,40.76264953613281
0,cut2,0,POPC,767,69.35130310058594,168.9838104248047,42.40736770629883
0,cut2,0,POPC,768,68.68486022949219,64.09005737304688,47.410552978515625
0,cut2,0,POPC,769,188.60116577148438,69.42667388916016,69.33432006835938
0,cut2,0,POPC,770,102.12967681884766,29.158018112182617,57.81076812744141
0,cut2,0,POPC,771,-2.0158941745758057,47.84822082519531,65.4668197631836
0,cut2,0,POPC,772,172.79840087890625,17.305171966552734,63.4119758605957
0,cut2,0,POPC,773,39.3658447265625,44.3260498046875,51.31344985961914
0,cut2,0,POPC,774,13.585054397583008,21.514354705810547,56.53278350830078
0,cut2,0,POPC,775,165.55593872070312,130.58050537109375,44.411312103271484
0,cut2,0,POPC,776,-0.09464483708143234,19.650226593017578,60.9376220703125
0,cut2,0,POPC,777,147.4473114013672,158.48944091796875,49.36711883544922
0,cut2,0,POPC,778,171.57876586914062,190.38851928710938,46.64749526977539
0,cut2,0,POPC,779,19.818803787231445,242.49319458007812,56.81459426879883
0,cut2,0,POPC,780,11.177481651306152,170.7890167236328,44.947811126708984
0,cut2,0,POPC,781,85.11467742919922,240.9103546142578,63.0090217590332
0,cut2,0,POPC,782,142.23423767089844,120.79476165771484,49.143306732177734
0,cut2,0,POPC,783,51.322811126708984,159.8878631591797,50.44330978393555
0,cut2,0,POPC,784,103.7759017944336,46.82744598388672,49.56660461425781
0,cut2,0,POPC,785,1.40966796875,10.582289695739746,58.69017791748047
0,cut2,0,POPC,786,193.03225708007812,185.0921173095703,48.47788619995117
0,cut2,0,POPC,787,151.29905700683594,200.2813720703125,53.27307891845703
0,cut2,0,POPC,788,44.29832458496094,207.7790069580078,54.40681838989258
0,cut2,0,POPC,789,116.14942932128906,10.211913108825684,59.093719482421875
0,cut2,0,POPC,790,98.47236633300781,7.8744893074035645,59.983638763427734
0,cut2,0,POPC,791,97.38435363769531,64.71012115478516,48.20534896850586
0,cut2,0,POPC,792,78.48341369628906,27.919363021850586,56.554931640625
0,cut2,0,POPC,793,163.80186462402344,-1.50545334815979,62.90285873413086
0,cut2,0,POPC,794,87.37710571289062,30.81825828552246,56.491214752197266
0,cut2,0,POPC,795,66.868408203125,51.69291687011719,50.5439453125
0,cut2,0,POPC,796,170.0994873046875,98.36339569091797,63.32734298706055
0,cut2,0,POPC,797,19.79709815979004,227.36717224121094,56.60514831542969
0,cut2,0,POPC,798,39.72772216796874,52.67618942260742,54.509403228759766
0,cut2,0,POPC,799,179.18516540527344,59.231143951416016,65.71392059326172
0,cut2,0,POPC,800,100.28773498535156,91.8805923461914,38.21037292480469
0,cut2,0,POPC,801,30.11024284362793,238.07347106933594,51.56524658203125
0,cut2,0,POPC,802,26.16426658630371,64.1424331665039,53.63873291015625
0,cut2,0,POPC,803,154.34840393066406,18.574060440063477,60.77326583862305
0,cut2,0,POPC,804,123.16041564941406,158.81304931640625,37.462886810302734
0,cut2,0,POPC,805,155.17478942871094,10.493746757507324,62.76962661743164
0,cut2,0,POPC,806,72.98262786865234,17.99529266357422,61.06159591674805
0,cut2,0,POPC,807,112.58195495605469,12.30854320526123,62.23954391479492
0,cut2,0,POPC,808,26.104066848754883,48.22805404663086,57.34235763549805
0,cut2,0,POPC,809,173.95758056640625,46.051719665527344,65.10655975341797
0,cut2,0,POPC,810,33.163970947265625,200.5292205810547,51.327693939208984
0,cut2,0,POPC,811,152.20755004882812,152.42660522460938,49.85603713989258
0,cut2,0,POPC,812,142.21505737304688,8.171051979064941,60.832183837890625
0,cut2,0,POPC,813,20.987272262573242,21.4468994140625,54.83141326904297
0,cut2,0,POPC,814,190.85824584960938,119.09452819824219,53.790950775146484
0,cut2,0,POPC,815,24.836835861206055,138.79209899902344,39.25304412841797
0,cut2,0,POPC,816,-4.261012077331543,231.82925415039062,59.71382522583008
0,cut2,0,POPC,817,165.17105102539062,23.219482421875,63.820919036865234
0,cut2,0,POPC,818,51.70267868041992,218.41990661621094,56.34827423095703
0,cut2,0,POPC,819,95.30503845214844,106.8286361694336,40.60200119018555
0,cut2,0,POPC,820,30.46089744567871,111.1072006225586,43.6844482421875
0,cut2,0,POPC,821,135.7423858642578,193.49391174316406,47.93400573730469
0,cut2,0,POPC,822,7.05763578414917,138.22726440429688,48.106101989746094
0,cut2,0,POPC,823,86.56043243408203,35.940914154052734,52.897705078125
0,cut2,0,POPC,824,83.26185607910156,138.07516479492188,80.6258544921875
0,cut2,0,POPC,825,92.74923706054688,2.102576971054077,61.07769775390625
0,cut2,0,POPC,826,165.7490692138672,81.0463638305664,61.526023864746094
0,cut2,0,POPC,827,175.65879821777344,91.68077087402344,64.17476654052734
0,cut2,0,POPC,828,195.59390258789062,64.16930389404297,62.729869842529304
0,cut2,0,POPC,829,18.67697525024414,69.2478256225586,56.68642044067383
0,cut2,0,POPC,830,43.84138488769531,170.75619506835938,46.44871139526367
0,cut2,0,POPC,831,167.2460479736328,42.0164680480957,65.38692474365234
0,cut2,0,POPC,832,180.22892761230472,74.33364868164062,60.15865707397461
0,cut2,0,POPC,833,176.03436279296875,80.9198226928711,61.551719665527344
0,cut2,0,POPC,834,53.27664566040039,170.76966857910156,47.147010803222656
0,cut2,0,POPC,835,15.231511116027834,27.10759162902832,57.18398666381836
0,cut2,0,POPC,836,27.51313018798828,55.95187759399414,58.595706939697266
0,cut2,0,POPC,837,181.2993927001953,35.93136978149414,66.08683013916016
0,cut2,0,POPC,838,104.91313171386719,5.7158637046813965,63.06546401977539
0,cut2,0,POPC,839,150.83746337890625,129.32757568359375,47.88390350341797
0,cut2,0,POPC,840,75.94144439697266,225.5258026123047,53.629371643066406
0,cut2,0,POPC,841,12.75928783416748,205.75714111328125,50.877105712890625
0,cut2,0,POPC,842,14.661310195922852,222.37191772460938,52.41874313354493
0,cut2,0,POPC,843,20.063674926757812,7.174696445465088,55.336891174316406
0,cut2,0,POPC,844,60.33639144897461,54.933982849121094,52.373435974121094
0,cut2,0,POPC,845,96.07755279541016,15.51134967803955,59.9376335144043
0,cut2,0,POPC,846,172.275146484375,59.46463394165039,61.92413330078125
0,cut2,0,POPC,847,6.115580081939697,16.28316307067871,56.5279426574707
0,cut2,0,POPC,848,173.76080322265625,38.03781509399414,64.39462280273438
0,cut2,0,POPC,849,178.76515197753906,65.33527374267578,64.06255340576172
0,cut2,0,POPC,850,171.4042510986328,85.84886932373047,59.7459831237793
0,cut2,0,POPC,851,78.65596771240236,33.77842330932617,55.046287536621094
0,cut2,0,POPC,852,150.09864807128906,180.78695678710938,54.38460922241211
0,cut2,0,POPC,853,37.00190353393555,183.34645080566406,53.628944396972656
0,cut2,0,POPC,854,20.029993057250977,55.78485107421875,55.401275634765625
0,cut2,0,POPC,855,24.86264991760254,84.74169921875,58.485774993896484
0,cut2,0,POPC,856,128.29969787597656,183.13108825683594,41.09953308105468
0,cut2,0,POPC,857,120.61088562011719,100.63522338867188,38.25054168701172
0,cut2,0,POPC,858,12.712213516235352,177.4918975830078,48.35893249511719
0,cut2,0,POPC,859,99.86834716796875,36.38788986206055,55.56394577026367
0,cut2,0,POPC,860,56.20378494262695,236.69949340820312,56.826316833496094
0,cut2,0,POPC,861,5.922626495361328,183.02418518066406,47.68643569946289
0,cut2,0,POPC,862,19.946969985961914,75.88418579101562,58.45526885986328
0,cut2,0,POPC,863,188.01513671875,78.99835968017578,66.13763427734375
0,cut2,0,POPC,864,65.77960205078125,42.38755416870117,56.892704010009766
0,cut2,0,POPC,865,34.13359832763672,94.00358581542969,53.51266098022461
0,cut2,0,POPC,866,29.542526245117188,64.17520904541016,94.94619750976562
0,cut2,0,POPC,867,13.893990516662598,147.76605224609372,46.73012161254883
0,cut2,0,POPC,868,35.52553176879883,170.0820770263672,53.945560455322266
0,cut2,0,POPC,869,166.52867126464844,110.88711547851562,55.3153190612793
0,cut2,0,POPC,870,62.132896423339844,146.96624755859375,43.39086151123047
0,cut2,0,POPC,871,172.1076202392578,220.81045532226562,59.09305191040039
0,cut2,0,POPC,872,141.77113342285156,175.9325714111328,50.26880645751953
0,cut2,0,POPC,873,52.78720474243164,145.65975952148438,41.50757598876953
0,cut2,0,POPC,874,57.92564392089844,152.22262573242188,45.73880386352539
0,cut2,0,POPC,875,196.68882751464844,177.95668029785156,49.72012710571289
0,cut2,0,POPC,876,107.59040832519531,44.40867233276367,61.730655670166016
0,cut2,0,POPC,877,29.80435562133789,195.0276336669922,50.03750228881836
0,cut2,0,POPC,878,137.47129821777344,147.60842895507812,46.76382827758789
0,cut2,0,POPC,879,26.849504470825195,104.2396011352539,93.30049133300781
0,cut2,0,POPC,880,63.527931213378906,126.81050872802734,37.10996627807617
0,cut2,0,POPC,881,177.783203125,51.907470703125,62.8925666809082
0,cut2,0,POPC,882,104.02786254882812,111.54551696777344,40.251853942871094
0,cut2,0,POPC,883,116.9317626953125,31.570981979370117,62.43649673461914
0,cut2,0,POPC,884,177.2144012451172,240.45223999023438,63.965763092041016
0,cut2,0,POPC,885,47.0374755859375,157.85549926757812,44.482818603515625
0,cut2,0,POPC,886,46.45838165283203,183.32379150390625,49.157745361328125
0,cut2,0,POPC,887,80.97432708740234,235.00604248046875,62.866458892822266
0,cut2,0,POPC,888,174.6707763671875,225.67408752441406,57.83642578125
0,cut2,0,POPC,889,62.30519485473633,0.9168912768363953,53.905120849609375
0,cut2,0,POPC,890,171.74722290039062,8.575953483581543,66.81731414794922
0,cut2,0,POPC,891,182.5477294921875,227.10047912597656,58.223533630371094
0,cut2,0,POPC,892,185.6072540283203,218.76882934570312,56.35981750488281
0,cut2,0,POPC,893,29.30458641052246,185.96054077148438,49.43033218383789
0,cut2,0,POPC,894,9.268049240112305,69.88461303710938,59.013118743896484
0,cut2,0,POPC,895,98.62261199951172,43.976070404052734,51.25213623046875
0,cut2,0,POPC,896,138.35414123535156,205.552001953125,53.66799545288086
0,cut2,0,POPC,897,196.69053649902344,54.051544189453125,63.3057746887207
0,cut2,0,POPC,898,72.64663696289062,207.11505126953125,54.799434661865234
0,cut2,0,POPC,899,98.3790283203125,104.19145202636719,37.68189239501953
0,cut2,0,POPC,900,88.19705963134766,15.85438060760498,58.75831985473633
0,cut2,0,POPC,901,22.271909713745117,26.270174026489258,51.84706115722656
0,cut2,0,POPC,902,22.608078002929688,214.40704345703125,56.778865814208984
0,cut2,0,POPC,903,186.1907196044922,131.1315460205078,56.92617416381836
0,cut2,0,POPC,904,26.40529441833496,229.41014099121094,56.01365280151367
0,cut2,0,POPC,905,159.83148193359375,179.70457458496094,53.50669479370117
0,cut2,0,POPC,906,35.5335693359375,237.8948516845703,53.38357925415039
0,cut2,0,POPC,907,46.82621765136719,194.305908203125,50.407466888427734
0,cut2,0,POPC,908,28.568246841430664,180.86134338378906,52.955570220947266
0,cut2,0,POPC,909,197.44715881347653,212.1587677001953,52.21180725097656
0,cut2,0,POPC,910,185.1243133544922,173.4410705566406,48.87744903564453
0,cut2,0,POPC,911,182.10694885253906,146.02291870117188,58.017818450927734
0,cut2,0,POPC,912,15.235745429992676,81.71387481689453,59.237422943115234
0,cut2,0,POPC,913,116.27787017822266,94.3448257446289,38.1170654296875
0,cut2,0,POPC,914,1.2805249691009521,44.20920181274414,59.698482513427734
0,cut2,0,POPC,915,169.23904418945312,157.479248046875,54.587345123291016
0,cut2,0,POPC,916,147.1699676513672,3.5230824947357178,59.63376235961914
0,cut2,0,POPC,917,161.42303466796875,207.24301147460938,54.575775146484375
0,cut2,0,POPC,918,189.43527221679688,46.68183517456055,67.34587097167969
0,cut2,0,POPC,919,194.522705078125,201.65907287597656,52.326480865478516
0,cut2,0,POPC,920,65.7098617553711,29.85256004333496,56.60453796386719
0,cut2,0,POPC,921,52.68598175048828,37.98103713989258,54.55506896972656
0,cut2,0,POPC,922,114.94405364990234,141.42185974121094,40.06997299194336
0,cut2,0,POPC,923,20.05900764465332,141.84190368652344,41.37006759643555
0,cut2,0,POPC,924,192.92292785644528,18.383420944213867,59.860172271728516
0,cut2,0,POPC,925,14.174213409423828,65.40766906738281,59.77436828613281
0,cut2,0,POPC,926,133.68417358398438,202.7105255126953,47.08460235595703
0,cut2,0,POPC,927,167.7242431640625,182.34747314453125,51.62187576293945
0,cut2,0,POPC,928,9.32443618774414,61.0905647277832,62.800838470458984
0,cut2,0,POPC,929,179.01437377929688,163.2142333984375,51.976844787597656
0,cut2,0,POPC,930,82.6020278930664,75.20968627929686,49.269798278808594
0,cut2,0,POPC,931,51.545692443847656,114.47821044921875,37.16240310668945
0,cut2,0,POPC,932,56.492156982421875,60.4419059753418,51.6252326965332
0,cut2,0,POPC,933,46.398677825927734,26.23289680480957,56.27136993408203
0,cut2,0,POPC,934,35.55463409423828,64.11306762695312,52.95890426635742
0,cut2,0,POPC,935,83.27620697021484,65.4567642211914,48.73701477050781
0,cut2,0,POPC,936,81.96721649169922,213.30615234375,51.13291549682617
0,cut2,0,POPC,937,60.208881378173835,19.116012573242188,57.20773696899414
0,cut2,0,POPC,938,43.08423614501953,220.61773681640625,54.3941650390625
0,cut2,0,POPC,939,52.81315231323242,193.65065002441406,51.027626037597656
0,cut2,0,POPC,940,37.17720413208008,85.12897491455078,56.96273422241211
0,cut2,0,POPC,941,60.28211975097656,63.83253860473633,46.7382698059082
0,cut2,0,POPC,942,55.85866165161133,51.340206146240234,55.006099700927734
0,cut2,0,POPC,943,120.24166870117188,17.347732543945312,61.60853576660156
0,cut2,0,POPC,944,56.88154220581055,141.1117706298828,36.66474533081055
0,cut2,0,POPC,945,127.71321105957031,50.83671188354492,55.95663070678711
0,cut2,0,POPC,946,69.71322631835938,243.3451385498047,57.613162994384766
0,cut2,0,POPC,947,174.52301025390625,101.18050384521484,60.959896087646484
0,cut2,0,POPC,948,77.32572174072266,84.81292724609375,41.89031982421875
0,cut2,0,POPC,949,120.12516784667969,69.57691955566406,52.9178466796875
0,cut2,0,POPC,950,19.99641227722168,149.492919921875,46.42184066772461
0,cut2,0,POPC,951,22.47120666503906,182.40855407714844,52.96063995361328
0,cut2,0,POPC,952,164.1401824951172,203.08444213867188,56.00385284423828
0,cut2,0,POPC,953,160.8614959716797,237.1089630126953,65.0892105102539
0,cut2,0,POPC,954,15.872525215148926,211.3438262939453,51.62983703613281
0,cut2,0,POPC,955,27.593046188354492,173.4480438232422,56.084556579589844
0,cut2,0,POPC,956,48.998016357421875,201.35231018066406,50.17569351196289
0,cut2,0,POPC,957,171.26934814453125,32.99811553955078,63.35414505004883
0,cut2,0,POPC,958,155.28468322753906,139.8201141357422,46.659263610839844
0,cut2,0,POPC,959,151.8682098388672,223.44578552246094,59.825191497802734
0,cut2,0,POPC,960,64.35749816894531,81.97654724121094,40.003421783447266
0,cut2,0,POPC,961,178.55613708496094,215.65606689453125,57.77561950683594
0,cut2,0,POPC,962,76.08663940429688,66.57965850830078,48.84695053100586
0,cut2,0,POPC,963,33.98835372924805,53.38410949707031,53.53021240234375
0,cut2,0,POPC,964,28.27400779724121,143.48085021972656,41.0677490234375
0,cut2,0,POPC,965,24.10889434814453,192.28433227539062,50.294246673583984
0,cut2,0,POPC,966,160.3574981689453,31.95091438293457,69.20526123046875
0,cut2,0,POPC,967,188.64149475097656,64.8019027709961,64.66085052490234
0,cut2,0,POPC,968,45.55198287963867,230.80435180664062,55.336299896240234
0,cut2,0,POPC,969,78.95417785644531,10.075499534606934,59.9007453918457
0,cut2,0,POPC,970,10.013463973999023,78.1815185546875,61.8416633605957
0,cut2,0,POPC,971,110.2272720336914,63.837032318115234,53.942039489746094
0,cut2,0,POPC,972,157.56243896484375,3.4730708599090576,63.90169143676758
0,cut2,0,POPC,973,85.96615600585938,123.4499282836914,44.351619720458984
0,cut2,0,POPC,974,159.48341369628906,16.599842071533203,64.45728302001953
0,cut2,0,POPC,975,166.4088134765625,10.56852054595947,65.20610809326172
0,cut2,0,POPC,976,170.5184783935547,243.09620666503906,66.42520141601562
0,cut2,0,POPC,977,91.97433471679688,226.51983642578125,59.01091003417969
0,cut2,0,POPC,978,-1.0411641597747803,35.962921142578125,60.59693908691406
0,cut2,0,POPC,979,170.16415405273438,130.5735626220703,53.18684387207031
0,cut2,0,POPC,980,126.66191101074219,3.599102735519409,56.6492805480957
0,cut2,0,POPC,981,22.213787078857422,222.91188049316406,52.047725677490234
0,cut2,0,POPC,982,39.685569763183594,159.38442993164062,44.927528381347656
0,cut2,0,POPC,983,96.45455932617188,79.93232727050781,41.401573181152344
0,cut2,0,POPC,984,60.7431755065918,117.48910522460938,40.99539566040039
0,cut2,0,POPC,985,187.18617248535156,13.35621166229248,63.03010940551758
0,cut2,0,POPC,986,180.01963806152344,236.48056030273438,60.173606872558594
0,cut2,0,POPC,987,0.9943444132804871,69.09449005126953,62.74850082397461
0,cut2,0,POPC,988,47.18327713012695,11.234910011291504,53.35093307495117
0,cut2,0,POPC,989,131.67176818847656,11.120543479919434,54.47294998168945
0,cut2,0,POPC,990,85.71230316162111,135.64993286132812,39.377281188964844
0,cut2,0,POPC,991,156.69647216796875,23.891983032226562,63.38106155395508
0,cut2,0,POPC,992,73.1344985961914,42.7091178894043,57.06217956542969
0,cut2,0,POPC,993,65.10093688964844,35.7209358215332,57.34357452392578
0,cut2,0,POPC,994,70.6072998046875,150.4936065673828,41.75259780883789
0,cut2,0,POPC,995,67.04923248291016,204.1022186279297,56.519996643066406
0,cut2,0,POPC,996,39.4697380065918,79.49282836914062,55.41192626953125
0,cut2,0,POPC,997,151.63070678710938,187.2516326904297,55.948326110839844
0,cut2,0,POPC,998,144.74644470214844,172.2229461669922,45.69814682006836
0,cut2,0,POPC,999,109.59635925292969,70.19898223876952,49.27079391479492
0,cut2,0,POPC,1000,48.53329086303711,166.91688537597656,48.96552658081055
0,cut2,0,POPC,1001,102.86522674560547,116.68492889404297,44.703529357910156
0,cut2,0,POPC,1002,31.639507293701172,79.51659393310547,56.28202438354492
0,cut2,0,POPC,1003,122.36327362060547,166.49996948242188,34.60016632080078
0,cut2,0,POPC,1004,109.4052734375,37.60796356201172,62.64579391479492
0,cut2,0,POPC,1005,101.62425231933594,121.2898178100586,49.55084228515625
0,cut2,0,POPC,1006,157.34609985351562,89.96171569824219,56.93191146850586
0,cut2,0,POPC,1007,177.1001434326172,30.19020652770996,64.4636001586914
0,cut2,0,POPC,1008,49.2296028137207,51.69620132446289,55.01639938354492
0,cut2,0,POPC,1009,176.5783233642578,202.96145629882812,51.07128143310547
0,cut2,0,POPC,1010,5.523674011230469,48.51899337768555,60.09914779663086
0,cut2,0,POPC,1011,55.52724075317383,164.775146484375,46.64619445800781
0,cut2,0,POPC,1012,15.576436042785645,195.27391052246094,51.234649658203125
0,cut2,0,POPC,1013,34.27737808227539,161.5582733154297,48.015769958496094
0,cut2,0,POPC,1014,47.80846405029297,71.132568359375,50.230159759521484
0,cut2,0,POPC,1015,180.41995239257812,210.62294006347656,55.17786407470703
0,cut2,0,POPC,1016,3.113548517227173,194.03396606445312,48.804683685302734
0,cut2,0,POPC,1017,32.845428466796875,137.6015167236328,45.05894470214844
0,cut2,0,POPC,1018,51.95869064331055,131.8505096435547,33.711875915527344
0,cut2,0,POPC,1019,177.28321838378906,148.40414428710938,62.70589828491211
0,cut2,0,POPC,1020,81.0070571899414,41.12274932861328,55.383174896240234
0,cut2,0,POPC,1021,136.9647674560547,96.61760711669922,49.43130111694336
0,cut2,0,POPC,1022,150.29058837890625,144.66859436035156,47.45661163330078
0,cut2,0,POPC,1023,187.50540161132812,101.43742370605469,64.0266342163086
0,cut2,0,POPC,1024,144.67092895507812,237.0977783203125,59.58403778076172
0,cut2,0,POPC,1025,187.447021484375,32.00723648071289,62.7906608581543
0,cut2,0,POPC,1026,92.35552978515625,31.717023849487305,53.3996696472168
0,cut2,0,POPC,1027,3.2805728912353516,173.60350036621094,48.73733901977539
0,cut2,0,POPC,1028,160.07044982910156,37.56098937988281,67.07035064697266
0,cut2,0,POPC,1029,53.58968734741211,23.28209114074707,57.8255615234375
0,cut2,0,POPC,1030,188.88088989257812,88.2647933959961,64.74729919433594
0,cut2,0,POPC,1031,31.13973617553711,26.728246688842773,51.4050407409668
0,cut2,0,POPC,1032,97.23267364501953,87.80998229980469,40.17115020751953
0,cut2,0,POPC,1033,13.5637731552124,243.12680053710938,61.608402252197266
0,cut2,0,POPC,1034,54.120643615722656,242.76837158203125,50.552974700927734
0,cut2,0,POPC,1035,172.79872131347656,162.19602966308594,52.9246940612793
0,cut2,0,POPC,1036,75.6786880493164,13.4730863571167,62.488826751708984
0,cut2,0,POPC,1037,2.1956870555877686,3.011212110519409,60.16838836669922
0,cut2,0,POPC,1038,179.72047424316406,170.71900939941406,52.42577362060547
0,cut2,0,POPC,1039,151.12657165527344,216.38973999023438,60.477317810058594
0,cut2,0,POPC,1040,153.85482788085938,177.58876037597656,48.430091857910156
0,cut2,0,POPC,1041,8.824539184570312,55.792266845703125,63.43239212036133
0,cut2,0,POPC,1042,15.688364028930664,36.33393859863281,52.01354217529297
0,cut2,0,POPC,1043,182.37149047851562,154.2551727294922,57.397857666015625
0,cut2,0,POPC,1044,20.17422103881836,158.9414825439453,44.68247985839844
0,cut2,0,POPC,1045,67.13407897949219,94.03213500976562,44.90159606933594
0,cut2,0,POPC,1046,63.17384338378906,191.63243103027344,53.526546478271484
0,cut2,0,POPC,1047,41.86619186401367,73.37762451171875,54.27904510498047
0,cut2,0,POPC,1048,35.153987884521484,35.0540885925293,51.77767562866211
0,cut2,0,POPC,1049,32.758277893066406,177.83178710937497,50.563262939453125
0,cut2,0,POPC,1050,170.46444702148438,24.009796142578125,63.77809524536133
0,cut2,0,POPC,1051,132.66812133789062,184.76283264160156,44.897377014160156
0,cut2,0,POPC,1052,173.96786499023438,134.44305419921875,59.52849578857422
0,cut2,0,POPC,1053,174.59951782226562,129.0067901611328,55.81471252441406
0,cut2,0,POPC,1054,178.8578643798828,188.5679931640625,48.994903564453125
0,cut2,0,POPC,1055,162.16586303710938,99.74740600585938,60.266456604003906
0,cut2,0,POPC,1056,32.69443893432617,227.31788635253906,55.9450569152832
0,cut2,0,POPC,1057,138.84188842773438,153.10675048828125,46.245304107666016
0,cut2,0,POPC,1058,42.55909729003906,151.51193237304688,43.88979721069336
0,cut2,0,POPC,1059,177.031494140625,230.6588134765625,58.810028076171875
0,cut2,0,POPC,1060,9.734086036682129,36.9337158203125,57.495689392089844
0,cut2,0,POPC,1061,192.38722229003906,75.23220825195312,65.8934326171875
0,cut2,0,POPC,1062,180.9612579345703,83.73014831542969,64.12479400634766
0,cut2,0,POPC,1063,9.688919067382812,214.5117645263672,49.985469818115234
0,cut2,0,POPC,1064,41.2401008605957,197.40721130371094,47.78523635864258
0,cut2,0,POPC,1065,19.54766082763672,13.019267082214355,55.21939468383789
0,cut2,0,POPC,1066,37.40584182739258,210.28213500976562,54.87861633300781
0,cut2,0,POPC,1067,45.7569580078125,37.821346282958984,52.680294036865234
0,cut2,0,POPC,1068,59.327232360839844,37.61478042602539,54.83944320678711
0,cut2,0,POPC,1069,119.49718475341797,53.3142433166504,52.711669921875
0,cut2,0,POPC,1070,106.62592315673828,81.63764190673828,39.87694549560547
0,cut2,0,POPC,1071,41.08014678955078,245.09242248535156,53.0763053894043
0,cut2,0,POPC,1072,139.6275177001953,142.53466796875,44.84312057495117
0,cut2,0,POPC,1073,84.34707641601562,49.34252166748047,52.10951232910156
0,cut2,0,POPC,1074,166.7279815673828,233.44361877441406,60.635459899902344
0,cut2,0,POPC,1075,82.74871826171875,202.32763671875,54.79960632324219
0,cut2,0,POPC,1076,38.222869873046875,22.978853225708008,55.04961395263672
0,cut2,0,POPC,1077,143.5679473876953,22.625629425048828,61.06328582763672
0,cut2,0,POPC,1078,159.94886779785156,217.2539825439453,58.91303634643555
0,cut2,0,POPC,1079,14.277450561523438,7.009840488433838,57.449302673339844
0,cut2,0,POPC,1080,54.060508728027344,30.15760612487793,52.954769134521484
0,cut2,0,POPC,1081,-2.983175039291382,99.91400146484375,65.24699401855469
0,cut2,0,POPC,1082,51.93024826049805,229.04653930664062,58.519752502441406
0,cut2,0,POPC,1083,70.21764373779297,188.6011199951172,47.12348175048828
0,cut2,0,POPC,1084,150.69444274902344,237.95321655273438,61.53921890258789
0,cut2,0,POPC,1085,183.04660034179688,48.25617599487305,68.72183990478514
0,cut2,0,POPC,1086,162.663818359375,176.67271423339844,46.176761627197266
0,cut2,0,POPC,1087,170.09161376953125,173.74732971191406,50.22869110107422
0,cut2,0,POPC,1088,167.58087158203125,138.83160400390625,49.622440338134766
0,cut2,0,POPC,1089,30.512292861938477,86.63394165039062,56.72030258178711
0,cut2,0,POPC,1090,179.21575927734375,176.65771484375,48.574981689453125
0,cut2,0,POPC,1091,181.67959594726562,15.953471183776855,61.273616790771484
0,cut2,0,POPC,1092,151.91261291503906,35.83762741088867,69.60942077636719
0,cut2,0,POPC,1093,94.5789108276367,183.66485595703125,41.50931167602539
0,cut2,0,POPC,1094,59.47600555419922,72.2692108154297,50.33266067504883
0,cut2,0,POPC,1095,114.0191421508789,23.583097457885742,61.45750045776367
0,cut2,0,POPC,1096,132.8772735595703,137.10235595703125,43.38443374633789
0,cut2,0,POPC,1097,171.04635620117188,112.1266860961914,59.704559326171875
0,cut2,0,POPC,1098,64.92565155029297,236.86154174804688,56.588199615478516
0,cut2,0,POPC,1099,188.1615447998047,188.3235321044922,49.88773727416992
0,cut2,0,POPC,1100,66.77642059326172,5.344761371612549,54.80506896972656
0,cut2,0,POPC,1101,57.892581939697266,45.03379440307617,57.258636474609375
0,cut2,0,POPC,1102,150.9683837890625,231.3524169921875,61.68717956542969
0,cut2,0,POPC,1103,161.668212890625,232.05609130859375,59.38898468017578
0,cut2,0,POPC,1104,121.89630889892578,28.669771194458008,61.64801788330078
0,cut2,0,POPC,1105,72.83033752441406,72.86882781982422,42.43779373168945
0,cut2,0,POPC,1106,28.055938720703125,210.00994873046875,56.19496154785156
0,cut2,0,POPC,1107,117.0941162109375,173.4060821533203,35.017696380615234
0,cut2,0,POPC,1108,160.34317016601562,150.58921813964844,51.53092193603515
0,cut2,0,POPC,1109,203.04959106445312,108.94647216796875,54.10735321044922
0,cut2,0,POPC,1110,140.7993621826172,-1.1000134944915771,61.535640716552734
0,cut2,0,POPC,1111,77.22620391845703,149.32211303710938,44.26549530029297
0,cut2,0,POPC,1112,11.568861961364746,96.2269515991211,50.00879669189453
0,cut2,0,POPC,1113,15.018702507019043,234.27804565429688,57.89768600463867
0,cut2,0,POPC,1114,5.735081195831299,200.59524536132812,48.303157806396484
0,cut2,0,POPC,1115,30.898277282714844,166.23558044433594,53.637847900390625
0,cut2,0,POPC,1116,191.70260620117188,241.02835083007812,62.31949234008789
0,cut2,0,POPC,1117,149.7077178955078,11.62637996673584,59.75250244140625
0,cut2,0,POPC,1118,49.68791198730469,58.17153549194336,53.24309539794922
0,cut2,0,POPC,1119,33.12570571899414,72.83857727050781,55.275970458984375
0,cut2,0,POPC,1120,138.43264770507812,181.25701904296875,53.424072265625
0,cut2,0,POPC,1121,109.07684326171875,92.3196563720703,38.543331146240234
0,cut2,0,POPC,1122,85.89524841308594,58.49551773071289,47.81975173950195
0,cut2,0,POPC,1123,145.855224609375,225.71937561035156,62.246952056884766
0,cut2,0,POPC,1124,20.059396743774414,201.78607177734375,51.64559555053711
0,cut2,0,POPC,1125,54.96266174316406,136.1280517578125,37.74736785888671
0,cut2,0,POPC,1126,133.28672790527344,166.2418212890625,42.196929931640625
0,cut2,0,POPC,1127,5.439747333526611,31.003999710083008,57.10543441772461
0,cut2,0,POPC,1128,40.97088623046875,12.936480522155762,55.126243591308594
0,cut2,0,POPC,1129,70.2560806274414,56.89973449707031,47.929954528808594
0,cut2,0,POPC,1130,99.43765258789062,177.973388671875,36.88650131225586
0,cut2,0,POPC,1131,3.3763697147369385,90.67967224121094,61.5858154296875
0,cut2,0,POPC,1132,49.86225509643555,18.200668334960938,56.07178497314453
0,cut2,0,POPC,1133,48.855934143066406,213.04803466796875,55.79793930053711
0,cut2,0,POPC,1134,15.292826652526855,46.11574935913086,56.94863510131836
0,cut2,0,POPC,1135,81.35147094726562,54.71443557739258,51.13323974609374
0,cut2,0,POPC,1136,144.64511108398438,153.0498504638672,46.16957092285156
0,cut2,0,POPC,1137,16.039520263671875,90.49650573730469,56.06892776489258
0,cut2,0,POPC,1138,182.476806640625,115.45458221435547,61.35285186767578
0,cut2,0,POPC,1139,46.96591567993164,175.04708862304688,45.1509895324707
0,cut2,0,POPC,1140,72.37186431884766,6.776002407073975,60.17120361328125
0,cut2,0,POPC,1141,92.30333709716797,128.7522430419922,48.98173522949219
0,cut2,0,POPC,1142,83.15513610839844,24.054296493530273,57.97499084472656
0,cut2,0,POPC,1143,184.70751953125,196.35459899902344,49.615379333496094
0,cut2,0,SAPI,1144,76.8969497680664,22.684032440185547,61.37455749511719
0,cut2,0,SAPI,1145,67.1336441040039,138.4331817626953,39.64354705810547
0,cut2,0,SAPI,1146,117.20489501953125,38.50019073486328,63.6764030456543
0,cut2,0,SAPI,1147,30.761722564697266,45.869388580322266,53.23200225830078
0,cut2,0,SAPI,1148,37.21995544433594,148.24351501464844,44.50233459472656
0,cut2,0,SAPI,1149,8.483428001403809,159.23318481445312,47.89529037475586
0,cut2,0,SAPI,1150,176.6359405517578,156.0836639404297,55.387596130371094
0,cut2,0,SAPI,1151,116.31878662109375,166.4482421875,35.8734245300293
0,cut2,0,SAPI,1152,11.432280540466309,141.028076171875,47.087406158447266
0,cut2,0,SAPI,1153,74.92353820800781,199.34332275390625,51.40332794189453
0,cut2,0,SAPI,1154,82.2117691040039,4.195671558380127,62.882564544677734
0,cut2,0,SAPI,1155,146.22634887695312,33.20758819580078,67.28072357177734
0,cut2,0,SAPI,1156,128.50440979003906,142.52838134765625,39.743682861328125
0,cut2,0,SAPI,1157,123.4902572631836,20.45131492614746,57.38361358642578
0,cut2,0,SAPI,1158,189.47390747070312,94.82986450195312,63.366939544677734
0,cut2,0,SAPI,1159,81.13322448730469,90.88651275634766,41.69681167602539
0,cut2,0,SAPI,1160,129.32923889160156,212.4647216796875,53.26028060913086
0,cut2,0,SAPI,1161,71.3814697265625,91.61488342285156,40.837711334228516
0,cut2,0,SAPI,1162,135.1578826904297,124.48542022705078,45.11433029174805
0,cut2,0,SAPI,1163,166.5741424560547,92.31453704833984,57.545753479003906
0,cut2,0,SAPI,1164,152.1436767578125,122.57353210449219,44.454490661621094
0,cut2,0,SAPI,1165,152.74185180664062,101.87488555908203,57.2946891784668
0,cut2,0,SAPI,1166,3.3304991722106934,101.53569793701172,54.11184310913086
0,cut2,0,SAPI,1167,165.86007690429688,195.9112091064453,47.92982482910156
0,cut2,0,SAPI,1168,168.49412536621094,215.9356689453125,58.05369186401367
0,cut2,0,SAPI,1169,164.72557067871094,56.964324951171875,63.91910934448242
0,cut2,0,SAPI,1170,78.42183685302734,186.2372589111328,44.55076599121094
0,cut2,0,SAPI,1171,87.68213653564453,234.95301818847656,61.967594146728516
0,cut2,0,SAPI,1172,110.90538787841797,165.30880737304688,33.27488708496094
0,cut2,0,SAPI,1173,136.73666381835938,26.974538803100586,59.723819732666016
0,cut2,0,SAPI,1174,85.11994934082031,85.69157409667969,44.06406784057617
0,cut2,0,SAPI,1175,88.51089477539062,206.24110412597656,50.13037109375
0,cut2,0,SAPI,1176,130.4290771484375,-0.6130397915840149,59.196006774902344
0,cut2,0,SAPI,1177,5.426239967346191,6.4287428855896,54.72329711914063
0,cut2,0,SAPI,1178,76.07118225097656,161.1018524169922,39.89339065551758
0,cut2,0,SAPI,1179,111.52743530273438,1.9977328777313232,59.68425369262695
0,cut2,0,SAPI,1180,132.77696228027344,152.5929412841797,43.259849548339844
0,cut2,0,SAPI,1181,59.96037292480469,121.8388671875,34.10487365722656
