,System,Frame,Resname,Resnum,X,Y,Z
3399,cut2,3399,POPC,0,176.60914611816406,81.6968994140625,93.8580551147461
3399,cut2,3399,POPC,1,23.386722564697266,232.46775817871094,91.93778228759766
3399,cut2,3399,POPC,2,154.19354248046875,28.947660446166992,95.21538543701172
3399,cut2,3399,POPC,3,137.1421203613281,145.4161834716797,82.76470184326172
3399,cut2,3399,POPC,4,7.015408515930176,210.14366149902344,89.74267578125
3399,cut2,3399,POPC,5,166.82241821289062,202.5177001953125,89.61783599853516
3399,cut2,3399,POPC,6,203.06622314453125,224.8968048095703,90.10663604736328
3399,cut2,3399,POPC,7,29.511262893676758,35.08086013793945,97.45447540283203
3399,cut2,3399,POPC,8,36.438941955566406,206.1986541748047,87.7043685913086
3399,cut2,3399,POPC,9,152.37716674804688,140.2671661376953,86.92687225341797
3399,cut2,3399,POPC,10,111.68733978271484,185.84629821777344,77.09524536132812
3399,cut2,3399,POPC,11,3.224667549133301,162.06820678710938,81.59366607666016
3399,cut2,3399,POPC,12,197.89083862304688,173.4086151123047,86.10073852539062
3399,cut2,3399,POPC,13,151.67828369140625,214.99205017089844,88.26604461669922
3399,cut2,3399,POPC,14,126.11469268798828,164.73521423339844,76.33888244628906
3399,cut2,3399,POPC,15,183.96580505371094,230.2574920654297,89.23554229736328
3399,cut2,3399,POPC,16,86.01701354980469,154.7495880126953,74.27107238769533
3399,cut2,3399,POPC,17,95.95425415039062,95.94157409667969,84.58311462402344
3399,cut2,3399,POPC,18,10.19230842590332,70.21617126464844,95.44905090332031
3399,cut2,3399,POPC,19,95.81397247314453,15.877668380737305,95.41027069091797
3399,cut2,3399,POPC,20,131.0244903564453,217.1450958251953,85.54633331298828
3399,cut2,3399,POPC,21,116.4140625,77.08714294433594,80.66692352294922
3399,cut2,3399,POPC,22,103.5687026977539,4.0443525314331055,94.60787963867188
3399,cut2,3399,POPC,23,93.26944732666016,48.10129928588867,85.58975982666016
3399,cut2,3399,POPC,24,23.881956100463867,58.76383972167969,88.43038940429688
3399,cut2,3399,POPC,25,183.96058654785156,218.34725952148438,94.8348388671875
3399,cut2,3399,POPC,26,73.19493865966797,165.1080322265625,76.92677307128906
3399,cut2,3399,POPC,27,35.37801361083984,145.5966033935547,80.48820495605469
3399,cut2,3399,POPC,28,50.38295364379883,153.85557556152344,79.35044097900389
3399,cut2,3399,POPC,29,92.12698364257812,81.78156280517578,82.56362915039062
3399,cut2,3399,POPC,30,84.70522308349611,212.67758178710938,90.42069244384767
3399,cut2,3399,POPC,31,146.34707641601562,225.13352966308594,89.08487701416016
3399,cut2,3399,POPC,32,16.537052154541016,243.11444091796875,88.3609848022461
3399,cut2,3399,POPC,33,103.4884262084961,103.68010711669922,80.03815460205078
3399,cut2,3399,POPC,34,61.29059982299805,167.0640411376953,81.89154052734375
3399,cut2,3399,POPC,35,167.8898162841797,65.59979248046875,90.68672943115234
3399,cut2,3399,POPC,36,65.84777069091797,51.73237991333008,89.7880630493164
3399,cut2,3399,POPC,37,172.1154632568359,225.16329956054688,89.62368774414062
3399,cut2,3399,POPC,38,28.888843536376953,210.39453125,87.73511505126953
3399,cut2,3399,POPC,39,55.82500457763672,35.00658416748047,94.29045104980469
3399,cut2,3399,POPC,40,107.0078353881836,96.7918472290039,80.37272644042969
3399,cut2,3399,POPC,41,113.28662109375,34.18730545043945,87.2734146118164
3399,cut2,3399,POPC,42,158.3094482421875,135.41415405273438,88.155029296875
3399,cut2,3399,POPC,43,36.388206481933594,40.71167755126953,96.29151916503906
3399,cut2,3399,POPC,44,21.985124588012695,209.373779296875,87.9741439819336
3399,cut2,3399,POPC,45,34.77042770385742,7.4181389808654785,96.3837890625
3399,cut2,3399,POPC,46,65.3633804321289,204.17137145996094,89.41780853271484
3399,cut2,3399,POPC,47,193.42840576171875,82.1763916015625,92.53877258300781
3399,cut2,3399,POPC,48,80.53282928466797,31.57648658752441,93.1297378540039
3399,cut2,3399,POPC,49,28.109838485717773,5.92747163772583,93.9532012939453
3399,cut2,3399,POPC,50,83.96329498291016,188.0934600830078,84.36963653564453
3399,cut2,3399,POPC,51,106.757568359375,191.69073486328125,71.2926254272461
3399,cut2,3399,POPC,52,135.1100311279297,63.972679138183594,84.26646423339844
3399,cut2,3399,POPC,53,184.42901611328125,20.95995330810547,97.61842346191406
3399,cut2,3399,POPC,54,123.94007110595703,183.24429321289062,80.90353393554688
3399,cut2,3399,POPC,55,159.47459411621094,208.59915161132812,88.87229919433594
3399,cut2,3399,POPC,56,51.19929504394531,44.989559173583984,93.58930969238281
3399,cut2,3399,POPC,57,33.671913146972656,185.3471221923828,89.03673553466797
3399,cut2,3399,POPC,58,7.627242565155029,155.20506286621094,82.73228454589844
3399,cut2,3399,POPC,59,187.78758239746094,166.677978515625,82.41386413574219
3399,cut2,3399,POPC,60,130.1969757080078,198.47164916992188,82.02835845947264
3399,cut2,3399,POPC,61,10.097333908081055,234.1845245361328,85.88424682617188
3399,cut2,3399,POPC,62,62.67955017089844,73.92546081542969,85.94219207763672
3399,cut2,3399,POPC,63,173.8577117919922,7.354910850524902,92.36980438232422
3399,cut2,3399,POPC,64,107.98046875,142.8534698486328,74.97309875488281
3399,cut2,3399,POPC,65,62.558650970458984,66.01329803466797,89.31695556640625
3399,cut2,3399,POPC,66,10.605700492858887,214.29052734375,86.54917907714844
3399,cut2,3399,POPC,67,195.9527130126953,160.55322265625,79.12342071533203
3399,cut2,3399,POPC,68,122.15380859375,198.02481079101562,81.0676040649414
3399,cut2,3399,POPC,69,98.81441497802734,87.34772491455078,83.2245864868164
3399,cut2,3399,POPC,70,108.10746002197266,200.76516723632812,48.356571197509766
3399,cut2,3399,POPC,71,170.4926300048828,91.78975677490234,97.1672592163086
3399,cut2,3399,POPC,72,168.6885528564453,109.10287475585938,94.80578613281249
3399,cut2,3399,POPC,73,198.7073974609375,128.98724365234375,79.9699935913086
3399,cut2,3399,POPC,74,160.07339477539062,222.1814727783203,90.0992431640625
3399,cut2,3399,POPC,75,30.094125747680664,139.6751251220703,81.43148040771484
3399,cut2,3399,POPC,76,140.6804962158203,175.16636657714844,85.09424591064453
3399,cut2,3399,POPC,77,138.86264038085938,-4.595830917358398,90.7970199584961
3399,cut2,3399,POPC,78,174.10598754882812,171.316650390625,87.85883331298828
3399,cut2,3399,POPC,79,21.212478637695312,81.4059829711914,55.70454788208008
3399,cut2,3399,POPC,80,76.20996856689453,8.100467681884766,91.8041763305664
3399,cut2,3399,POPC,81,68.7129135131836,185.8529510498047,89.26300811767578
3399,cut2,3399,POPC,82,18.42305564880371,53.30250930786133,90.84791564941406
3399,cut2,3399,POPC,83,7.627076148986816,227.5892791748047,88.05419921875
3399,cut2,3399,POPC,84,76.03018951416016,145.74285888671875,74.84182739257812
3399,cut2,3399,POPC,85,113.78076934814453,85.32669830322266,78.81937408447266
3399,cut2,3399,POPC,86,42.05339813232422,107.49639892578125,82.2336196899414
3399,cut2,3399,POPC,87,34.679962158203125,30.89900779724121,97.1412582397461
3399,cut2,3399,POPC,88,176.82777404785156,229.96397399902344,90.51360321044922
3399,cut2,3399,POPC,89,186.58349609375,3.708493947982788,95.5973129272461
3399,cut2,3399,POPC,90,32.54878616333008,23.622241973876957,95.43914794921875
3399,cut2,3399,POPC,91,110.7991714477539,159.1373291015625,67.2276611328125
3399,cut2,3399,POPC,92,176.65432739257812,238.77952575683594,95.697998046875
3399,cut2,3399,POPC,93,189.17050170898438,14.018857955932617,94.25794982910156
3399,cut2,3399,POPC,94,117.89437866210938,185.25047302246094,78.6214599609375
3399,cut2,3399,POPC,95,141.81044006347656,115.12500762939453,82.33385467529297
3399,cut2,3399,POPC,96,107.7050552368164,126.8100357055664,50.144378662109375
3399,cut2,3399,POPC,97,61.323387145996094,101.43854522705078,82.19230651855469
3399,cut2,3399,POPC,98,71.09966278076172,48.962974548339844,90.3125991821289
3399,cut2,3399,POPC,99,6.343171119689941,76.88057708740234,95.32650756835938
3399,cut2,3399,POPC,100,29.584428787231445,56.85444259643555,88.48316192626953
3399,cut2,3399,POPC,101,96.98475646972656,137.05148315429688,82.17510223388672
3399,cut2,3399,POPC,102,121.88410949707031,190.852294921875,81.73973846435547
3399,cut2,3399,POPC,103,52.809417724609375,50.52623748779297,89.99262237548828
3399,cut2,3399,POPC,104,182.64764404296878,241.0986785888672,91.44400024414062
3399,cut2,3399,POPC,105,23.74063491821289,91.74698638916016,94.09153747558594
3399,cut2,3399,POPC,106,148.9999542236328,205.00596618652344,85.18907165527344
3399,cut2,3399,POPC,107,92.47909545898438,23.30176544189453,93.21672821044922
3399,cut2,3399,POPC,108,123.19853210449219,40.0772705078125,89.13443756103516
3399,cut2,3399,POPC,109,143.81350708007812,23.657791137695316,92.78395080566406
3399,cut2,3399,POPC,110,18.77879524230957,17.6717472076416,95.78227233886719
3399,cut2,3399,POPC,111,127.46601867675781,93.90047454833984,73.83657836914062
3399,cut2,3399,POPC,112,53.006553649902344,68.64976501464844,89.06339263916016
3399,cut2,3399,POPC,113,100.3445816040039,24.787195205688477,89.39997100830078
3399,cut2,3399,POPC,114,46.22290802001953,225.68707275390625,95.4319076538086
3399,cut2,3399,POPC,115,178.88182067871094,40.32252502441406,92.49343872070312
3399,cut2,3399,POPC,116,118.78060913085938,86.02022552490234,78.61067199707031
3399,cut2,3399,POPC,117,118.06230163574219,214.41175842285156,79.01176452636719
3399,cut2,3399,POPC,118,183.95652770996094,75.572998046875,93.60493469238281
3399,cut2,3399,POPC,119,79.63818359375,65.84127044677734,86.60913848876953
3399,cut2,3399,POPC,120,183.70016479492188,211.8234405517578,93.58048248291016
3399,cut2,3399,POPC,121,12.481853485107422,219.5543670654297,87.07543182373047
3399,cut2,3399,POPC,122,98.24691772460938,61.234886169433594,87.7877426147461
3399,cut2,3399,POPC,123,175.2314453125,200.01089477539062,89.62568664550781
3399,cut2,3399,POPC,124,120.7743377685547,136.40415954589844,83.43750762939453
3399,cut2,3399,POPC,125,55.11174011230469,233.3913116455078,91.63308715820312
3399,cut2,3399,POPC,126,66.03966522216797,22.793479919433594,91.65110778808594
3399,cut2,3399,POPC,127,27.538362503051758,156.1262969970703,80.58840942382811
3399,cut2,3399,POPC,128,147.02764892578125,150.71681213378906,82.23677062988281
3399,cut2,3399,POPC,129,18.906198501586914,200.96475219726562,89.0179443359375
3399,cut2,3399,POPC,130,67.20220947265625,237.968505859375,55.65043258666992
3399,cut2,3399,POPC,131,102.91204071044922,140.74740600585938,46.58736801147461
3399,cut2,3399,POPC,132,88.77815246582031,230.19351196289062,93.57795715332031
3399,cut2,3399,POPC,133,5.294291973114014,17.24052619934082,91.28193664550781
3399,cut2,3399,POPC,134,-2.021233081817627,41.583988189697266,90.80332946777344
3399,cut2,3399,POPC,135,153.4674072265625,194.37899780273438,86.36811065673828
3399,cut2,3399,POPC,136,44.245784759521484,58.76737594604492,90.86458587646484
3399,cut2,3399,POPC,137,62.193363189697266,30.478899002075195,89.94203186035156
3399,cut2,3399,POPC,138,7.581539630889893,173.5218963623047,86.6235580444336
3399,cut2,3399,POPC,139,184.35520935058594,164.0047149658203,88.25933074951172
3399,cut2,3399,POPC,140,5.116891384124756,95.9263916015625,95.3411865234375
3399,cut2,3399,POPC,141,183.3389434814453,35.85688781738281,94.18821716308594
3399,cut2,3399,POPC,142,34.69581985473633,151.51304626464844,82.52899932861328
3399,cut2,3399,POPC,143,162.09059143066406,177.6214599609375,91.7775650024414
3399,cut2,3399,POPC,144,128.54861450195312,117.93963623046875,81.07025146484375
3399,cut2,3399,POPC,145,-3.4340834617614746,103.06362915039062,94.52999877929688
3399,cut2,3399,POPC,146,92.15229797363281,55.67776870727539,87.71471405029297
3399,cut2,3399,POPC,147,171.78524780273438,99.39159393310547,93.68916320800781
3399,cut2,3399,POPC,148,185.32257080078125,30.38118553161621,95.72941589355469
3399,cut2,3399,POPC,149,24.649555206298828,224.46043395996094,91.91705322265625
3399,cut2,3399,POPC,150,141.94972229003906,73.48184204101562,76.40359497070312
3399,cut2,3399,POPC,151,12.1193208694458,60.90135192871094,95.60865020751953
3399,cut2,3399,POPC,152,-2.7260231971740723,27.517913818359375,90.52548217773438
3399,cut2,3399,POPC,153,164.425048828125,103.23213195800781,92.02850341796875
3399,cut2,3399,POPC,154,152.6787872314453,156.72384643554688,84.76199340820312
3399,cut2,3399,POPC,155,43.56217575073242,167.30494689941406,82.78844451904297
3399,cut2,3399,POPC,156,12.266629219055176,96.85067749023438,94.73277282714844
3399,cut2,3399,POPC,157,70.56456756591797,97.45681762695312,80.487060546875
3399,cut2,3399,POPC,158,3.6193575859069824,10.146469116210938,90.9238510131836
3399,cut2,3399,POPC,159,21.924510955810547,135.2007293701172,78.74649810791016
3399,cut2,3399,POPC,160,191.2836151123047,71.6853256225586,98.52620697021484
3399,cut2,3399,POPC,161,24.90256690979004,203.73394775390625,87.26484680175781
3399,cut2,3399,POPC,162,105.27848815917969,108.39738464355469,75.20306396484375
3399,cut2,3399,POPC,163,44.977378845214844,147.08026123046875,79.06375122070312
3399,cut2,3399,POPC,164,128.70803833007812,4.236247539520264,95.66536712646484
3399,cut2,3399,POPC,165,71.12135314941406,193.28395080566406,85.42931365966797
3399,cut2,3399,POPC,166,171.29257202148438,54.98589324951172,91.6186752319336
3399,cut2,3399,POPC,167,179.30789184570312,2.9775712490081787,93.77632904052734
3399,cut2,3399,POPC,168,37.90249252319336,163.28663635253906,80.37614440917969
3399,cut2,3399,POPC,169,51.82114028930664,167.056884765625,83.20733642578125
3399,cut2,3399,POPC,170,49.980125427246094,231.56361389160156,92.9261703491211
3399,cut2,3399,POPC,171,145.1572723388672,122.6008529663086,87.93746948242188
3399,cut2,3399,POPC,172,46.15497970581055,77.8465576171875,91.2197036743164
3399,cut2,3399,POPC,173,89.3371810913086,74.25062561035156,86.0279769897461
3399,cut2,3399,POPC,174,196.960693359375,139.11569213867188,87.30241394042969
3399,cut2,3399,POPC,175,126.62866973876953,172.85655212402344,76.87271118164062
3399,cut2,3399,POPC,176,17.776508331298828,90.04134368896484,95.02477264404297
3399,cut2,3399,POPC,177,116.64608001708983,62.770286560058594,82.58283233642578
3399,cut2,3399,POPC,178,103.44831848144531,41.01750183105469,89.41038513183594
3399,cut2,3399,POPC,179,6.038668155670166,188.67332458496094,90.3639144897461
3399,cut2,3399,POPC,180,50.81686019897461,212.69349670410156,88.99536895751953
3399,cut2,3399,POPC,181,102.1564712524414,47.94572830200195,89.83346557617188
3399,cut2,3399,POPC,182,113.65116119384766,68.81794738769531,83.35237884521484
3399,cut2,3399,POPC,183,170.3680419921875,122.3711166381836,88.18205261230469
3399,cut2,3399,POPC,184,112.36703491210938,52.54798126220703,87.11968994140625
3399,cut2,3399,POPC,185,4.395642280578613,85.31979370117188,98.7880859375
3399,cut2,3399,POPC,186,102.77869415283203,128.13394165039062,80.4551010131836
3399,cut2,3399,POPC,187,168.96534729003906,214.06410217285156,93.16111755371094
3399,cut2,3399,POPC,188,53.890098571777344,92.07432556152344,89.29405212402344
3399,cut2,3399,POPC,189,129.42294311523438,60.44535827636719,87.2621078491211
3399,cut2,3399,POPC,190,191.92807006835938,174.09788513183594,86.21009063720703
3399,cut2,3399,POPC,191,134.52362060546875,81.06884765625,76.19771575927734
3399,cut2,3399,POPC,192,60.6414680480957,243.63226318359375,56.03846359252929
3399,cut2,3399,POPC,193,179.49964904785156,85.7271957397461,98.36860656738281
3399,cut2,3399,POPC,194,196.41329956054688,19.29926872253418,92.25808715820312
3399,cut2,3399,POPC,195,62.44013595581055,212.07810974121094,89.16081237792969
3399,cut2,3399,POPC,196,37.267425537109375,69.56781005859375,93.5711898803711
3399,cut2,3399,POPC,197,182.83792114257812,62.59700012207031,95.55735778808594
3399,cut2,3399,POPC,198,26.819229125976562,178.35726928710938,90.54299926757812
3399,cut2,3399,POPC,199,95.54161834716797,72.78976440429688,87.9296875
3399,cut2,3399,POPC,200,21.4815559387207,217.1961212158203,87.92185974121094
3399,cut2,3399,POPC,201,104.12186431884766,28.134662628173828,86.8353271484375
3399,cut2,3399,POPC,202,153.48281860351562,15.625896453857422,56.565860748291016
3399,cut2,3399,POPC,203,80.45093536376953,91.9675064086914,79.96419525146484
3399,cut2,3399,POPC,204,123.16691589355469,178.0517578125,77.56893920898438
3399,cut2,3399,POPC,205,189.23907470703125,210.74639892578125,94.3804931640625
3399,cut2,3399,POPC,206,179.524169921875,15.939536094665527,96.58366394042969
3399,cut2,3399,POPC,207,132.7532501220703,175.0355224609375,80.99942016601562
3399,cut2,3399,POPC,208,192.52127075195312,200.56765747070312,91.00611877441406
3399,cut2,3399,POPC,209,64.279052734375,12.318684577941895,96.1369857788086
3399,cut2,3399,POPC,210,84.09831237792969,195.02667236328125,89.27056884765625
3399,cut2,3399,POPC,211,186.363525390625,99.06816101074219,98.7767333984375
3399,cut2,3399,POPC,212,123.03245544433594,168.9467315673828,71.75566864013672
3399,cut2,3399,POPC,213,174.87196350097656,48.00467300415039,90.10669708251953
3399,cut2,3399,POPC,214,188.58851623535156,158.04637145996094,82.71546173095703
3399,cut2,3399,POPC,215,92.99134063720703,10.069127082824707,94.83528137207031
3399,cut2,3399,POPC,216,154.84344482421875,19.371013641357422,93.1768798828125
3399,cut2,3399,POPC,217,30.849834442138672,75.40840148925781,94.18376159667969
3399,cut2,3399,POPC,218,140.38858032226562,125.54345703125,84.83859252929688
3399,cut2,3399,POPC,219,80.38977813720703,-0.05452598258852959,93.74518585205078
3399,cut2,3399,POPC,220,93.35524749755858,28.84805679321289,90.43644714355469
3399,cut2,3399,POPC,221,149.6453094482422,145.3812713623047,84.18817138671875
3399,cut2,3399,POPC,222,59.04370880126953,96.13915252685547,84.50679016113281
3399,cut2,3399,POPC,223,91.7982406616211,121.26299285888672,82.2977066040039
3399,cut2,3399,POPC,224,185.76622009277344,57.22199249267578,93.46269989013672
3399,cut2,3399,POPC,225,173.23341369628906,193.37850952148438,87.29573059082031
3399,cut2,3399,POPC,226,194.86532592773438,191.87147521972656,90.58382415771484
3399,cut2,3399,POPC,227,11.805431365966797,128.45481872558594,77.42507171630858
3399,cut2,3399,POPC,228,175.8221435546875,29.99385643005371,99.05905151367188
3399,cut2,3399,POPC,229,79.2647705078125,101.32099151611328,78.2876205444336
3399,cut2,3399,POPC,230,184.3898162841797,170.1753692626953,89.36682891845703
3399,cut2,3399,POPC,231,184.61280822753906,105.84788513183594,96.20512390136719
3399,cut2,3399,POPC,232,151.90921020507812,204.11700439453125,51.30754089355469
3399,cut2,3399,POPC,233,178.19639587402344,163.35519409179688,89.74860382080078
3399,cut2,3399,POPC,234,49.28681945800781,201.25732421875,86.41153717041016
3399,cut2,3399,POPC,235,196.87832641601562,214.47970581054688,91.36124420166016
3399,cut2,3399,POPC,236,75.59524536132812,57.97095489501953,88.54261779785156
3399,cut2,3399,POPC,237,141.16891479492188,135.4517059326172,83.60026550292969
3399,cut2,3399,POPC,238,81.48654174804688,74.98946380615234,85.32445526123045
3399,cut2,3399,POPC,239,60.20176696777344,144.0216064453125,79.92927551269531
3399,cut2,3399,POPC,240,66.57398223876953,152.45794677734375,80.1501235961914
3399,cut2,3399,POPC,241,171.33294677734375,20.82118034362793,96.49323272705078
3399,cut2,3399,POPC,242,40.143192291259766,83.33534240722656,91.86088562011719
3399,cut2,3399,POPC,243,127.73328399658203,85.1436996459961,74.22953796386719
3399,cut2,3399,POPC,244,84.93629455566406,150.72645568847653,78.04358673095703
3399,cut2,3399,POPC,245,1.4990077018737793,168.6189727783203,84.45002746582031
3399,cut2,3399,POPC,246,96.7579345703125,67.619384765625,86.52437591552734
3399,cut2,3399,POPC,247,87.32804107666016,230.28634643554688,53.202293395996094
3399,cut2,3399,POPC,248,19.642168045043945,75.94741821289062,93.9500961303711
3399,cut2,3399,POPC,249,62.11321258544922,59.8410758972168,86.78311920166016
3399,cut2,3399,POPC,250,12.073100090026855,46.841651916503906,92.0835952758789
3399,cut2,3399,POPC,251,127.33002471923828,45.810089111328125,85.78858184814453
3399,cut2,3399,POPC,252,144.8802947998047,100.42089080810547,71.81014251708984
3399,cut2,3399,POPC,253,186.06187438964844,89.3553695678711,98.57794189453125
3399,cut2,3399,POPC,254,17.37075424194336,120.74044036865234,74.85064697265625
3399,cut2,3399,POPC,255,48.512176513671875,220.4466552734375,92.70780181884764
3399,cut2,3399,POPC,256,129.70465087890625,145.08811950683594,78.98833465576172
3399,cut2,3399,POPC,257,83.11791229248047,82.2383041381836,83.03012084960938
3399,cut2,3399,POPC,258,70.87801361083984,203.31854248046875,84.8664779663086
3399,cut2,3399,POPC,259,41.031917572021484,141.46994018554688,76.97056579589844
3399,cut2,3399,POPC,260,49.54744338989258,56.077301025390625,89.80833435058595
3399,cut2,3399,POPC,261,85.67011260986328,67.49723815917969,85.07892608642578
3399,cut2,3399,POPC,262,61.00078582763672,90.07958984375,86.24725341796875
3399,cut2,3399,POPC,263,100.02294921875,33.161312103271484,91.01829528808594
3399,cut2,3399,POPC,264,84.09390258789062,95.97242736816406,78.5701675415039
3399,cut2,3399,POPC,265,44.44100570678711,3.64705753326416,96.29733276367186
3399,cut2,3399,POPC,266,161.86532592773438,122.34580993652344,89.78044128417969
3399,cut2,3399,POPC,267,82.88520812988281,238.20008850097656,91.05936431884766
3399,cut2,3399,POPC,268,140.32301330566406,165.7141571044922,85.63477325439453
3399,cut2,3399,POPC,269,105.5845947265625,169.57806396484375,68.63768768310547
3399,cut2,3399,POPC,270,135.76988220214844,23.897218704223633,94.22444152832031
3399,cut2,3399,POPC,271,23.719356536865234,141.632080078125,77.86109924316406
3399,cut2,3399,POPC,272,2.1659207344055176,152.4552001953125,79.61907196044922
3399,cut2,3399,POPC,273,3.254286766052246,69.55126953125,91.96180725097656
3399,cut2,3399,POPC,274,60.12038803100586,49.489749908447266,90.9363021850586
3399,cut2,3399,POPC,275,127.5488052368164,139.33595275878906,80.411376953125
3399,cut2,3399,POPC,276,154.35986328125,124.65922546386719,41.492130279541016
3399,cut2,3399,POPC,277,90.95320892333984,239.3665771484375,94.25483703613281
3399,cut2,3399,POPC,278,110.70085906982422,104.4977035522461,77.455322265625
3399,cut2,3399,POPC,279,164.3834686279297,1.7497256994247437,94.986328125
3399,cut2,3399,POPC,280,202.2176971435547,215.09439086914062,89.48625183105469
3399,cut2,3399,POPC,281,79.07839965820312,208.05865478515625,93.74665069580078
3399,cut2,3399,POPC,282,108.80702209472656,196.04110717773438,73.3697280883789
3399,cut2,3399,POPC,283,89.46871185302734,91.2241439819336,79.985107421875
3399,cut2,3399,POPC,284,18.666030883789062,194.55487060546875,89.81427764892578
3399,cut2,3399,POPC,285,117.72285461425781,160.01039123535156,71.88728332519531
3399,cut2,3399,POPC,286,175.35855102539062,177.55926513671875,87.46437072753906
3399,cut2,3399,POPC,287,49.24031448364258,136.95404052734375,78.41602325439453
3399,cut2,3399,POPC,288,49.8641357421875,23.93545150756836,92.24732208251953
3399,cut2,3399,POPC,289,3.465834140777588,234.9678192138672,88.1532211303711
3399,cut2,3399,POPC,290,121.40104675292969,208.06040954589844,81.33683013916016
3399,cut2,3399,POPC,291,38.61036682128906,52.398555755615234,93.02075958251953
3399,cut2,3399,POPC,292,164.70774841308594,147.34339904785156,86.19205474853516
3399,cut2,3399,POPC,293,19.926298141479492,161.60299682617188,83.49937438964844
3399,cut2,3399,POPC,294,53.52779769897461,216.9554901123047,92.94261932373047
3399,cut2,3399,POPC,295,132.6622314453125,225.58456420898435,81.53192901611328
3399,cut2,3399,POPC,296,142.2041015625,82.53847503662111,49.9625129699707
3399,cut2,3399,POPC,297,36.946758270263665,61.4568977355957,88.30863952636719
3399,cut2,3399,POPC,298,15.24467945098877,31.72854995727539,93.89341735839844
3399,cut2,3399,POPC,299,184.8446044921875,153.068603515625,89.45274353027344
3399,cut2,3399,POPC,300,25.676788330078125,73.6984634399414,91.59449768066406
3399,cut2,3399,POPC,301,30.908187866210938,63.086448669433594,90.98153686523438
3399,cut2,3399,POPC,302,59.178443908691406,18.055816650390625,91.83721923828125
3399,cut2,3399,POPC,303,126.54388427734375,74.66233825683594,78.93418884277344
3399,cut2,3399,POPC,304,137.62254333496094,188.4738006591797,83.25765991210938
3399,cut2,3399,POPC,305,101.14496612548828,230.89329528808594,88.49044036865234
3399,cut2,3399,POPC,306,52.33402633666992,183.09927368164062,81.7207260131836
3399,cut2,3399,POPC,307,97.6493148803711,102.51889038085938,82.12166595458984
3399,cut2,3399,POPC,308,109.94249725341797,44.944114685058594,89.61957550048828
3399,cut2,3399,POPC,309,107.08212280273438,82.99758911132812,82.2652816772461
3399,cut2,3399,POPC,310,87.48156738281249,46.43495178222656,87.7682113647461
3399,cut2,3399,POPC,311,14.84227466583252,150.7542266845703,82.66838836669922
3399,cut2,3399,POPC,312,70.29428100585938,12.936570167541504,95.80208587646484
3399,cut2,3399,POPC,313,1.718651294708252,54.58292770385742,93.07723999023438
3399,cut2,3399,POPC,314,166.83966064453125,138.7120819091797,86.892578125
3399,cut2,3399,POPC,315,48.1523551940918,94.6351089477539,90.23639678955078
3399,cut2,3399,POPC,316,183.41778564453125,199.19219970703125,89.93795013427734
3399,cut2,3399,POPC,317,138.95094299316406,215.59652709960938,87.1032943725586
3399,cut2,3399,POPC,318,31.435537338256836,17.070575714111328,93.7618408203125
3399,cut2,3399,POPC,319,84.39950561523438,182.7052764892578,80.40454864501953
3399,cut2,3399,POPC,320,86.42436981201172,4.592205047607422,95.47107696533203
3399,cut2,3399,POPC,321,101.24964141845703,115.8203125,79.94268798828125
3399,cut2,3399,POPC,322,81.89270782470703,8.867462158203125,93.16168212890625
3399,cut2,3399,POPC,323,48.24485397338867,10.368446350097656,94.36487579345703
3399,cut2,3399,POPC,324,45.09204101562501,69.79637908935547,91.17291259765625
3399,cut2,3399,POPC,325,7.920868873596191,0.7612484693527222,92.07579040527344
3399,cut2,3399,POPC,326,151.64259338378906,232.43199157714844,91.36856842041016
3399,cut2,3399,POPC,327,61.22132873535156,43.610626220703125,89.21461486816406
3399,cut2,3399,POPC,328,95.22635650634764,114.33161163330078,83.3869857788086
3399,cut2,3399,POPC,329,6.650099277496338,25.124982833862305,92.2059097290039
3399,cut2,3399,POPC,330,71.47319030761717,230.93515014648438,96.89808654785156
3399,cut2,3399,POPC,331,41.209163665771484,187.90791320800784,88.49800872802734
3399,cut2,3399,POPC,332,146.0535888671875,132.05072021484375,86.26050567626953
3399,cut2,3399,POPC,333,143.06927490234375,3.3626701831817627,98.27774047851562
3399,cut2,3399,POPC,334,128.870849609375,210.8734130859375,82.90567016601562
3399,cut2,3399,POPC,335,190.11764526367188,241.20880126953125,91.4990463256836
3399,cut2,3399,POPC,336,24.44759750366211,83.53919219970703,91.46004486083984
3399,cut2,3399,POPC,337,63.924137115478516,127.14804077148436,73.23439025878906
3399,cut2,3399,POPC,338,-0.36904284358024597,202.21359252929688,92.29456329345705
3399,cut2,3399,POPC,339,164.8251495361328,195.4446563720703,84.30853271484375
3399,cut2,3399,POPC,340,73.96768951416016,79.08671569824219,83.10624694824219
3399,cut2,3399,POPC,341,8.986533164978027,239.98997497558594,91.12683868408203
3399,cut2,3399,POPC,342,8.031235694885254,179.52439880371094,85.62236022949219
3399,cut2,3399,POPC,343,170.67428588867188,160.83863830566406,88.05103302001953
3399,cut2,3399,POPC,344,197.07533264160156,34.83253860473633,91.33282470703125
3399,cut2,3399,POPC,345,140.427001953125,84.88086700439453,77.0008773803711
3399,cut2,3399,POPC,346,170.81069946289062,131.18409729003906,91.03686523437499
3399,cut2,3399,POPC,347,174.1707305908203,201.86404418945312,47.74454879760742
3399,cut2,3399,POPC,348,89.54951477050781,101.33464813232422,83.08092498779297
3399,cut2,3399,POPC,349,169.89019775390625,237.03213500976562,94.99449920654297
3399,cut2,3399,POPC,350,9.647310256958008,6.656155109405518,93.93102264404297
3399,cut2,3399,POPC,351,54.7903938293457,199.17298889160156,87.99502563476562
3399,cut2,3399,POPC,352,137.73382568359375,15.633147239685059,97.93863677978516
3399,cut2,3399,POPC,353,145.2688446044922,179.92823791503906,86.9248275756836
3399,cut2,3399,POPC,354,61.341670989990234,233.46832275390625,95.34756469726562
3399,cut2,3399,POPC,355,84.73764801025392,172.10995483398438,77.32359313964844
3399,cut2,3399,POPC,356,114.17524719238281,10.984251976013184,94.64569091796875
3399,cut2,3399,POPC,357,160.6119384765625,216.66998291015625,89.76408386230469
3399,cut2,3399,POPC,358,154.03440856933594,123.6574478149414,88.8774642944336
3399,cut2,3399,POPC,359,125.1451644897461,219.6992950439453,81.28730010986328
3399,cut2,3399,POPC,360,133.71743774414062,162.76612854003906,79.21221160888672
3399,cut2,3399,POPC,361,17.293155670166016,22.942588806152344,96.0885772705078
3399,cut2,3399,POPC,362,118.38330841064453,147.890625,70.39392852783203
3399,cut2,3399,POPC,363,54.76723861694336,130.4577178955078,74.41343688964844
3399,cut2,3399,POPC,364,78.53018188476564,109.79806518554688,81.91967010498047
3399,cut2,3399,POPC,365,147.5218048095703,112.40770721435547,87.79513549804688
3399,cut2,3399,POPC,366,168.8301239013672,117.66717529296875,91.64877319335938
3399,cut2,3399,POPC,367,176.52444458007812,59.63737487792969,93.1606674194336
3399,cut2,3399,POPC,368,165.74432373046875,95.94505310058594,93.79872131347656
3399,cut2,3399,POPC,369,82.6065444946289,225.5034942626953,93.54808807373047
3399,cut2,3399,POPC,370,16.348018646240234,224.76126098632812,86.771484375
3399,cut2,3399,POPC,371,57.83783721923828,205.27011108398438,86.02851867675781
3399,cut2,3399,POPC,372,23.178199768066406,14.149165153503418,93.39289855957031
3399,cut2,3399,POPC,373,21.712568283081055,64.96540832519531,94.06561279296875
3399,cut2,3399,POPC,374,191.4483489990234,51.51675796508789,93.84918212890625
3399,cut2,3399,POPC,375,86.75566864013672,18.688331604003906,96.75643920898438
3399,cut2,3399,POPC,376,73.88018798828125,70.2661361694336,83.77521514892578
3399,cut2,3399,POPC,377,133.66973876953125,132.57449340820312,84.10224151611328
3399,cut2,3399,POPC,378,38.722679138183594,76.32881164550781,92.09188079833984
3399,cut2,3399,POPC,379,192.4113311767578,37.95144271850586,91.04202270507812
3399,cut2,3399,POPC,380,41.4254264831543,13.915740966796875,94.44843292236328
3399,cut2,3399,POPC,381,76.7777099609375,127.98239135742188,68.81207275390625
3399,cut2,3399,POPC,382,39.33355712890625,218.56869506835938,91.16917419433594
3399,cut2,3399,POPC,383,90.06812286376953,163.511474609375,75.542236328125
3399,cut2,3399,POPC,384,8.535524368286133,195.88722229003906,92.68891143798828
3399,cut2,3399,POPC,385,85.89921569824219,54.84524154663086,87.53834533691406
3399,cut2,3399,POPC,386,66.2562026977539,81.79120635986328,87.56880950927734
3399,cut2,3399,POPC,387,68.24918365478516,132.88206481933594,73.35672760009766
3399,cut2,3399,POPC,388,52.843753814697266,15.573113441467285,95.71409606933594
3399,cut2,3399,POPC,389,149.3843994140625,6.216827392578125,95.3365707397461
3399,cut2,3399,POPC,390,190.31275939941406,218.31300354003906,92.96541595458984
3399,cut2,3399,POPC,391,93.68138122558594,145.61709594726562,74.23052978515625
3399,cut2,3399,POPC,392,141.06480407714844,208.34140014648438,86.7513427734375
3399,cut2,3399,POPC,393,73.79964447021484,222.537841796875,92.72293090820312
3399,cut2,3399,POPC,394,175.10626220703125,112.72779083251953,56.17787170410156
3399,cut2,3399,POPC,395,59.64729690551758,171.8124237060547,83.66358947753906
3399,cut2,3399,POPC,396,112.24234008789062,150.79461669921875,67.17699432373047
3399,cut2,3399,POPC,397,35.97968292236329,198.04180908203125,89.25125885009766
3399,cut2,3399,POPC,398,68.35079193115234,32.30481719970703,89.14602661132812
3399,cut2,3399,POPC,399,133.90989685058594,126.56889343261719,82.23697662353516
3399,cut2,3399,POPC,400,91.03743743896484,244.3962860107422,96.92990112304688
3399,cut2,3399,POPC,401,188.3741912841797,188.5922393798828,88.43054962158203
3399,cut2,3399,POPC,402,117.7358169555664,153.95349121093747,67.29839324951172
3399,cut2,3399,POPC,403,44.65920639038086,242.42642211914062,95.75997161865234
3399,cut2,3399,POPC,404,5.855599880218506,202.3264923095703,93.09175872802734
3399,cut2,3399,POPC,405,55.04197692871094,136.3686065673828,77.8888931274414
3399,cut2,3399,POPC,406,36.5960578918457,123.51485443115234,74.4466323852539
3399,cut2,3399,POPC,407,97.34717559814453,232.15013122558594,93.10658264160156
3399,cut2,3399,POPC,408,170.48924255371094,70.89332580566406,92.84335327148438
3399,cut2,3399,POPC,409,168.65187072753906,230.21182250976562,91.71440887451172
3399,cut2,3399,POPC,410,76.09619140625,44.925323486328125,91.52336120605469
3399,cut2,3399,POPC,411,74.2401351928711,33.727195739746094,91.61597442626953
3399,cut2,3399,POPC,412,71.95507049560547,105.02314758300781,79.33428192138672
3399,cut2,3399,POPC,413,49.19414520263672,206.21359252929688,90.32847595214844
3399,cut2,3399,POPC,414,146.38954162597656,18.523221969604492,94.8014907836914
3399,cut2,3399,POPC,415,11.520556449890137,37.919288635253906,93.25873565673828
3399,cut2,3399,POPC,416,25.04169464111328,168.78311157226562,81.86115264892578
3399,cut2,3399,POPC,417,160.96719360351562,189.4833526611328,90.12147521972656
3399,cut2,3399,POPC,418,25.554256439208984,46.031436920166016,92.48993682861328
3399,cut2,3399,POPC,419,77.45767211914062,84.38514709472656,81.71734619140625
3399,cut2,3399,POPC,420,59.295013427734375,81.6845932006836,88.07920837402344
3399,cut2,3399,POPC,421,40.314186096191406,32.65298080444336,97.60689544677734
3399,cut2,3399,POPC,422,14.18378734588623,166.25010681152344,83.08645629882812
3399,cut2,3399,POPC,423,30.827917098999023,222.7604522705078,92.23155212402344
3399,cut2,3399,POPC,424,172.02655029296875,184.18096923828125,91.14411163330078
3399,cut2,3399,POPC,425,135.4508056640625,155.9203643798828,79.25672149658203
3399,cut2,3399,POPC,426,54.130123138427734,4.70782995223999,92.44953155517578
3399,cut2,3399,POPC,427,120.44649505615234,90.6307144165039,75.29619598388672
3399,cut2,3399,POPC,428,167.50405883789062,220.74136352539062,90.39351654052734
3399,cut2,3399,POPC,429,23.892669677734375,34.386260986328125,92.41226959228516
3399,cut2,3399,POPC,430,178.1162109375,73.82994079589844,91.33378601074219
3399,cut2,3399,POPC,431,140.97470092773438,59.644290924072266,84.74762725830078
3399,cut2,3399,POPC,432,-3.2573275566101074,48.417030334472656,93.04840087890625
3399,cut2,3399,POPC,433,163.07908630371094,21.382490158081055,94.18952941894531
3399,cut2,3399,POPC,434,41.58856964111328,204.34986877441406,89.74954223632812
3399,cut2,3399,POPC,435,24.327852249145508,245.92739868164062,91.67750549316406
3399,cut2,3399,POPC,436,110.3807601928711,234.8527069091797,91.61334991455078
3399,cut2,3399,POPC,437,121.50565338134766,143.5539093017578,75.48259735107422
3399,cut2,3399,POPC,438,156.14707946777344,168.1114501953125,90.6351089477539
3399,cut2,3399,POPC,439,71.57906341552734,4.3214945793151855,93.0106430053711
3399,cut2,3399,POPC,440,39.831512451171875,193.46556091308594,89.86702728271484
3399,cut2,3399,POPC,441,127.77910614013672,130.3367156982422,83.21369171142578
3399,cut2,3399,POPC,442,77.74777221679688,167.88775634765625,75.97634887695312
3399,cut2,3399,POPC,443,42.47406768798828,27.405685424804688,94.60807037353516
3399,cut2,3399,POPC,444,189.58790588378906,25.602798461914062,91.35279083251953
3399,cut2,3399,POPC,445,131.761962890625,74.01398468017578,81.37063598632812
3399,cut2,3399,POPC,446,147.32081604003906,191.86878967285156,81.68351745605469
3399,cut2,3399,POPC,447,19.991559982299805,236.3307647705078,91.50926208496094
3399,cut2,3399,POPC,448,121.40892028808594,157.41293334960938,75.00292205810547
3399,cut2,3399,POPC,449,39.0173225402832,135.13525390625,76.30630493164062
3399,cut2,3399,POPC,450,145.17823791503906,173.72381591796875,88.9989013671875
3399,cut2,3399,POPC,451,65.45044708251953,93.5541000366211,81.43972778320312
3399,cut2,3399,POPC,452,30.280906677246094,162.5722198486328,83.0257339477539
3399,cut2,3399,POPC,453,134.11343383789062,90.20805358886719,73.06832122802734
3399,cut2,3399,POPC,454,168.88987731933594,26.509662628173828,99.6785659790039
3399,cut2,3399,POPC,455,19.028324127197266,185.70445251464844,90.005859375
3399,cut2,3399,POPC,456,103.85884857177734,18.74394989013672,91.56598663330078
3399,cut2,3399,POPC,457,121.71704864501953,78.75006103515625,78.42310333251953
3399,cut2,3399,POPC,458,88.52655029296875,176.63926696777344,76.27998352050781
3399,cut2,3399,POPC,459,57.42420959472656,25.113523483276367,92.33084869384766
3399,cut2,3399,POPC,460,129.60060119628906,14.25676155090332,97.32139587402344
3399,cut2,3399,POPC,461,66.83200073242188,38.11794662475586,89.5682144165039
3399,cut2,3399,POPC,462,62.23685073852539,179.83349609375,84.72921752929688
3399,cut2,3399,POPC,463,75.07809448242188,18.195180892944336,56.3858528137207
3399,cut2,3399,POPC,464,41.00471115112305,96.02127075195312,89.64037322998047
3399,cut2,3399,POPC,465,103.73503875732423,57.472110748291016,88.92927551269531
3399,cut2,3399,POPC,466,51.86891555786133,99.4975814819336,86.14624786376953
3399,cut2,3399,POPC,467,147.15902709960938,191.17306518554688,47.51650619506836
3399,cut2,3399,POPC,468,121.20738983154297,17.566354751586914,92.51717376708984
3399,cut2,3399,POPC,469,60.22499465942383,-2.8421671390533447,94.19533538818361
3399,cut2,3399,POPC,470,116.37326049804688,166.24169921875,69.5918197631836
3399,cut2,3399,POPC,471,181.4652099609375,69.74887084960938,94.04541778564453
3399,cut2,3399,POPC,472,44.11753845214844,20.069032669067383,95.29068756103516
3399,cut2,3399,POPC,473,82.42139434814453,161.69375610351562,75.65847778320312
3399,cut2,3399,POPC,474,178.294189453125,118.02887725830078,89.4321517944336
3399,cut2,3399,POPC,475,193.82641601562503,98.14019775390625,97.8644027709961
3399,cut2,3399,POPC,476,161.43470764160156,54.85289764404297,91.02923583984374
3399,cut2,3399,POPC,477,36.12554550170899,221.73301696777344,95.85601043701172
3399,cut2,3399,POPC,478,77.30352783203125,50.23337173461914,88.39155578613281
3399,cut2,3399,POPC,479,80.37586212158203,191.40162658691406,87.41429138183594
3399,cut2,3399,POPC,480,47.292152404785156,37.21218490600586,98.80657958984375
3399,cut2,3399,POPC,481,75.6204605102539,25.0645694732666,93.0978012084961
3399,cut2,3399,POPC,482,51.36800003051758,123.16975402832031,71.63426208496092
3399,cut2,3399,POPC,483,154.7036590576172,13.141315460205078,93.96166229248047
3399,cut2,3399,POPC,484,164.62635803222656,209.04928588867188,93.20440673828125
3399,cut2,3399,POPC,485,155.35577392578125,179.05125427246094,88.58450317382812
3399,cut2,3399,POPC,486,88.30392456054688,132.14981079101562,78.6913070678711
3399,cut2,3399,POPC,487,188.44813537597656,41.678958892822266,93.66961669921875
3399,cut2,3399,POPC,488,38.546791076660156,180.19076538085938,87.64161682128906
3399,cut2,3399,POPC,489,34.543392181396484,86.90504455566406,93.6966323852539
3399,cut2,3399,POPC,490,73.80587768554686,187.62042236328125,84.57583618164062
3399,cut2,3399,POPC,491,135.63661193847656,168.27108764648438,82.23345184326172
3399,cut2,3399,POPC,492,141.0633087158203,63.79869079589844,80.14271545410156
3399,cut2,3399,POPC,493,56.493125915527344,148.00979614257815,77.35649871826172
3399,cut2,3399,POPC,494,163.28140258789062,156.4978790283203,90.30204010009766
3399,cut2,3399,POPC,495,113.79084777832031,138.01385498046875,79.22279357910156
3399,cut2,3399,POPC,496,78.39811706542969,231.2900390625,94.28008270263672
3399,cut2,3399,POPC,497,66.53815460205078,158.15966796875,78.08031463623047
3399,cut2,3399,POPC,498,166.2129364013672,191.4865264892578,88.6142807006836
3399,cut2,3399,POPC,499,121.52289581298828,97.92072296142578,73.14840698242188
3399,cut2,3399,POPC,500,40.66693878173828,126.33303833007812,68.97795104980469
3399,cut2,3399,POPC,501,199.18313598632812,79.03645324707031,96.68114471435547
3399,cut2,3399,POPC,502,125.11604309082031,246.2763214111328,98.36157989501953
3399,cut2,3399,POPC,503,42.94369125366211,210.9133758544922,88.20722198486328
3399,cut2,3399,POPC,504,81.69062805175781,41.15665817260742,90.75304412841797
3399,cut2,3399,POPC,505,70.87120819091797,171.4918670654297,81.77002716064453
3399,cut2,3399,POPC,506,128.802001953125,188.8104248046875,80.70671844482422
3399,cut2,3399,POPC,507,188.8592529296875,195.9087371826172,88.6029281616211
3399,cut2,3399,POPC,508,66.95087432861328,55.48325729370117,47.849998474121094
3399,cut2,3399,POPC,509,19.63642692565918,43.34064865112305,91.76985168457031
3399,cut2,3399,POPC,510,1.2435102462768555,90.88909912109375,95.41091918945312
3399,cut2,3399,POPC,511,153.7903289794922,130.8374481201172,88.3697509765625
3399,cut2,3399,POPC,512,87.71367645263672,30.18358039855957,91.36891174316406
3399,cut2,3399,POPC,513,68.63438415527344,236.63027954101562,96.8231430053711
3399,cut2,3399,POPC,514,196.88800048828125,224.88343811035156,90.66921997070312
3399,cut2,3399,POPC,515,155.83047485351562,200.745849609375,86.62914276123047
3399,cut2,3399,POPC,516,179.80218505859375,194.51927185058594,86.42366027832031
3399,cut2,3399,POPC,517,13.024258613586426,188.14730834960938,87.8379135131836
3399,cut2,3399,POPC,518,14.070056915283203,134.060791015625,80.19816589355469
3399,cut2,3399,POPC,519,108.43782043457031,90.66100311279297,79.22289276123047
3399,cut2,3399,POPC,520,173.11273193359375,2.425684928894043,93.48828125
3399,cut2,3399,POPC,521,95.46940612792969,131.23611450195312,83.75714874267578
3399,cut2,3399,POPC,522,118.3180923461914,68.50958251953125,80.09823608398438
3399,cut2,3399,POPC,523,23.83684539794922,22.5394344329834,94.12451171875
3399,cut2,3399,POPC,524,160.24514770507812,142.12240600585935,85.74927520751953
3399,cut2,3399,POPC,525,53.30849075317383,172.4285125732422,83.4740219116211
3399,cut2,3399,POPC,526,123.7658920288086,13.622485160827637,95.39757537841797
3399,cut2,3399,POPC,527,56.108909606933594,161.19126892089844,78.37088012695312
3399,cut2,3399,POPC,528,26.32720375061035,240.64193725585938,93.17183685302734
3399,cut2,3399,POPC,529,32.777130126953125,233.3833770751953,92.47486114501953
3399,cut2,3399,POPC,530,59.69974136352539,192.48236083984375,85.64385223388672
3399,cut2,3399,POPC,531,166.7297821044922,81.27874755859375,91.72130584716797
3399,cut2,3399,POPC,532,4.858654022216797,43.79048156738281,93.41070556640625
3399,cut2,3399,POPC,533,186.35308837890625,50.21320343017578,94.60730743408203
3399,cut2,3399,POPC,534,114.63611602783203,203.17852783203125,77.31322479248047
3399,cut2,3399,POPC,535,49.03550720214844,162.45541381835938,78.23168182373048
3399,cut2,3399,POPC,536,91.04627990722656,39.87698745727539,90.58204650878906
3399,cut2,3399,POPC,537,176.18003845214844,207.10987854003906,93.44294738769531
3399,cut2,3399,POPC,538,71.00050354003906,179.15882873535156,80.61289978027344
3399,cut2,3399,POPC,539,160.02517700195312,89.74254608154297,89.7779312133789
3399,cut2,3399,POPC,540,135.55850219726562,203.6956787109375,84.1788101196289
3399,cut2,3399,POPC,541,158.65077209472656,160.7869873046875,90.57038879394531
3399,cut2,3399,POPC,542,124.19461822509766,57.73574447631836,84.67575836181642
3399,cut2,3399,POPC,543,162.37799072265625,13.50223159790039,93.96505737304688
3399,cut2,3399,POPC,544,162.34780883789062,111.81613159179688,94.16996002197266
3399,cut2,3399,POPC,545,68.3132553100586,225.01559448242188,91.7157211303711
3399,cut2,3399,POPC,546,65.74388885498047,244.35589599609375,96.1217269897461
3399,cut2,3399,POPC,547,15.302550315856934,171.19650268554688,80.90118408203125
3399,cut2,3399,POPC,548,69.47222900390625,87.57492828369142,83.7539291381836
3399,cut2,3399,POPC,549,104.53396606445312,70.71396636962889,86.61231231689453
3399,cut2,3399,POPC,550,3.51138973236084,137.52919006347656,78.74979400634766
3399,cut2,3399,POPC,551,82.60668182373047,20.156984329223633,92.9125747680664
3399,cut2,3399,POPC,552,33.04865264892578,176.94740295410156,87.93428802490234
3399,cut2,3399,POPC,553,67.72880554199219,65.03929901123047,85.00617218017578
3399,cut2,3399,POPC,554,87.71661376953125,206.24969482421875,85.989990234375
3399,cut2,3399,POPC,555,80.80297088623047,203.11219787597656,88.72002410888672
3399,cut2,3399,POPC,556,177.689697265625,99.96308135986328,96.04756164550781
3399,cut2,3399,POPC,557,44.59234619140625,195.2166748046875,86.01732635498047
3399,cut2,3399,POPC,558,89.32406616210936,110.15581512451172,84.6183090209961
3399,cut2,3399,POPC,559,128.3253631591797,156.5840606689453,74.74783325195312
3399,cut2,3399,POPC,560,37.1269645690918,172.8936767578125,84.10375213623045
3399,cut2,3399,POPC,561,7.459240436553955,31.77971839904785,94.9902114868164
3399,cut2,3399,POPC,562,173.3577423095703,43.41947937011719,93.60028076171875
3399,cut2,3399,POPC,563,15.287229537963867,178.85874938964844,83.86138153076172
3399,cut2,3399,POPC,564,23.813697814941406,51.34086227416992,89.04024505615234
3399,cut2,3399,POPC,565,42.8431282043457,233.7250518798828,94.06172180175783
3399,cut2,3399,POPC,566,89.81513214111328,141.45266723632812,78.84876251220703
3399,cut2,3399,POPC,567,55.746742248535156,154.79954528808594,78.23401641845703
3399,cut2,3399,POPC,568,196.6590576171875,68.36799621582031,97.01978302001953
3399,cut2,3399,POPC,569,160.6529083251953,229.84800720214844,93.15858459472656
3399,cut2,3399,POPC,570,15.01065731048584,208.4843292236328,87.28050231933594
3399,cut2,3399,POPC,571,47.756195068359375,103.16141510009766,47.84280776977539
3399,cut2,3399,POPC,572,32.86990737915039,49.60185623168945,92.30535888671875
3399,cut2,3399,POPC,573,107.67762756347655,23.974899291992188,89.75245666503906
3399,cut2,3399,POPC,574,198.09579467773438,239.77801513671875,90.7000732421875
3399,cut2,3399,POPC,575,52.76490020751953,29.2952938079834,93.88418579101562
3399,cut2,3399,POPC,576,155.33692932128906,151.4686737060547,86.0395736694336
3399,cut2,3399,POPC,577,144.55178833007812,186.66136169433594,85.7439727783203
3399,cut2,3399,POPC,578,26.701553344726562,174.5752716064453,85.96771240234375
3399,cut2,3399,POPC,579,174.47012329101562,126.07231903076172,90.09502410888672
3399,cut2,3399,POPC,580,135.008056640625,150.26657104492188,81.34363555908203
3399,cut2,3399,POPC,581,108.74461364746094,174.45733642578125,75.9365234375
3399,cut2,3399,POPC,582,1.2971739768981934,5.196212291717529,89.50520324707031
3399,cut2,3399,POPC,583,0.9687924981117249,183.5947265625,88.06491088867188
3399,cut2,3399,POPC,584,160.5788116455078,99.80591583251953,53.960365295410156
3399,cut2,3399,POPC,585,49.64876174926758,0.6631854772567749,93.24748992919922
3399,cut2,3399,POPC,586,150.738525390625,0.41551053524017334,91.52864074707031
3399,cut2,3399,POPC,587,110.48175048828125,6.652135848999023,91.40968322753906
3399,cut2,3399,POPC,588,195.00355529785156,205.2544708251953,90.70952606201172
3399,cut2,3399,POPC,589,201.1366424560547,61.04570770263672,96.32582092285156
3399,cut2,3399,POPC,590,33.9156379699707,127.63045501708984,80.34004974365234
3399,cut2,3399,POPC,591,75.19969177246094,155.06402587890625,75.45430755615234
3399,cut2,3399,POPC,592,53.30191421508789,203.69493103027344,50.95050811767578
3399,cut2,3399,POPC,593,4.696864604949951,37.654624938964844,92.08509826660156
3399,cut2,3399,POPC,594,187.4720001220703,235.29336547851562,89.71004486083984
3399,cut2,3399,POPC,595,61.94955825805664,217.76583862304688,91.65912628173828
3399,cut2,3399,POPC,596,114.35134124755861,171.47607421875,72.03115844726562
3399,cut2,3399,POPC,597,109.8281021118164,145.36517333984375,68.37747955322266
3399,cut2,3399,POPC,598,44.651023864746094,178.64634704589844,84.04666900634766
3399,cut2,3399,POPC,599,113.5201187133789,26.21722412109375,91.24677276611327
3399,cut2,3399,POPC,600,24.74549102783203,123.42518615722656,75.72344970703125
3399,cut2,3399,POPC,601,20.369186401367188,148.51806640625,82.26669311523438
3399,cut2,3399,POPC,602,163.48887634277344,128.03887939453125,89.57007598876953
3399,cut2,3399,POPC,603,100.77835845947266,12.743803024291992,90.65845489501953
3399,cut2,3399,POPC,604,34.94085693359375,243.40586853027344,95.42887115478516
3399,cut2,3399,POPC,605,137.1113739013672,2.1181628704071045,96.693359375
3399,cut2,3399,POPC,606,157.3731231689453,6.894336223602295,90.92520904541016
3399,cut2,3399,POPC,607,79.3134994506836,139.26332092285156,73.64614868164062
3399,cut2,3399,POPC,608,58.83939743041992,227.5379638671875,90.155029296875
3399,cut2,3399,POPC,609,13.506510734558105,14.229935646057129,95.38034057617188
3399,cut2,3399,POPC,610,30.549869537353516,216.35760498046875,87.48816680908203
3399,cut2,3399,POPC,611,187.7423858642578,180.99526977539062,87.82909393310547
3399,cut2,3399,POPC,612,52.00156021118163,190.61647033691406,86.68672180175781
3399,cut2,3399,POPC,613,182.17227172851562,215.24063110351562,52.67853927612305
3399,cut2,3399,POPC,614,139.94415283203125,220.45751953125,87.83963775634766
3399,cut2,3399,POPC,615,27.557907104492188,195.37310791015625,87.22093963623047
3399,cut2,3399,POPC,616,193.3260040283203,6.142037391662598,93.02279663085938
3399,cut2,3399,POPC,617,152.40689086914062,198.35337829589844,82.09016418457031
3399,cut2,3399,POPC,618,9.910755157470703,141.0904998779297,81.17562103271484
3399,cut2,3399,POPC,619,197.1844482421875,165.9856414794922,82.39827728271484
3399,cut2,3399,POPC,620,158.1695556640625,243.1046905517578,96.20237731933594
3399,cut2,3399,POPC,621,190.19039916992188,228.9479522705078,88.29440307617188
3399,cut2,3399,POPC,622,181.31973266601562,185.22874450683594,87.87629699707031
3399,cut2,3399,POPC,623,118.30522155761719,45.94546127319336,87.78565216064453
3399,cut2,3399,POPC,624,145.71954345703125,160.54180908203125,81.632080078125
3399,cut2,3399,POPC,625,150.5248260498047,169.69346618652344,88.1105728149414
3399,cut2,3399,POPC,626,128.28114318847656,104.26351165771484,36.26499557495117
3399,cut2,3399,POPC,627,44.69471740722656,185.3340301513672,43.553764343261726
3399,cut2,3399,POPC,628,65.13445281982422,199.87855529785156,45.84810256958008
3399,cut2,3399,POPC,629,150.40292358398438,165.54603576660156,47.58781433105469
3399,cut2,3399,POPC,630,111.38813018798828,63.5623893737793,50.37717819213867
3399,cut2,3399,POPC,631,25.966306686401367,8.624082565307617,58.351280212402344
3399,cut2,3399,POPC,632,140.18934631347656,197.96530151367188,44.407936096191406
3399,cut2,3399,POPC,633,142.265625,150.97923278808594,43.515907287597656
3399,cut2,3399,POPC,634,56.170284271240234,222.05747985839847,54.58977508544922
3399,cut2,3399,POPC,635,158.7326202392578,6.730241298675537,54.948795318603516
3399,cut2,3399,POPC,636,18.60738754272461,176.04627990722656,45.37299346923828
3399,cut2,3399,POPC,637,10.623635292053223,2.7242605686187744,51.845455169677734
3399,cut2,3399,POPC,638,98.67219543457031,29.322956085205078,55.701683044433594
3399,cut2,3399,POPC,639,78.53376770019531,194.22219848632812,47.3673095703125
3399,cut2,3399,POPC,640,203.44740295410156,215.82223510742188,53.352783203125
3399,cut2,3399,POPC,641,159.3470458984375,167.66180419921872,49.132362365722656
3399,cut2,3399,POPC,642,178.1968994140625,184.67152404785156,49.5947265625
3399,cut2,3399,POPC,643,72.41569519042969,200.0741729736328,46.65338134765625
3399,cut2,3399,POPC,644,35.80626678466797,88.72244262695312,55.306434631347656
3399,cut2,3399,POPC,645,187.99017333984375,56.9580192565918,56.479965209960945
3399,cut2,3399,POPC,646,186.9375762939453,5.54116153717041,48.72170639038086
3399,cut2,3399,POPC,647,175.84535217285156,57.337791442871094,58.12791061401367
3399,cut2,3399,POPC,648,165.2765350341797,144.75521850585938,51.133888244628906
3399,cut2,3399,POPC,649,183.48146057128906,60.31786346435547,58.729793548583984
3399,cut2,3399,POPC,650,195.33970642089844,207.12979125976562,50.83864212036133
3399,cut2,3399,POPC,651,172.5360870361328,161.4073944091797,51.37392044067383
3399,cut2,3399,POPC,652,188.55812072753906,185.2523956298828,49.075870513916016
3399,cut2,3399,POPC,653,11.824777603149414,184.63917541503906,44.703983306884766
3399,cut2,3399,POPC,654,58.823219299316406,200.59115600585938,46.71017837524414
3399,cut2,3399,POPC,655,37.38237762451172,28.17791175842285,55.71271514892578
3399,cut2,3399,POPC,656,41.622920989990234,237.32371520996094,51.46749496459961
3399,cut2,3399,POPC,657,19.680925369262695,152.18992614746094,44.318912506103516
3399,cut2,3399,POPC,658,86.02863311767578,126.66416931152344,46.549015045166016
3399,cut2,3399,POPC,659,55.30937194824219,154.9315185546875,48.630889892578125
3399,cut2,3399,POPC,660,96.2500228881836,21.47159194946289,56.188087463378906
3399,cut2,3399,POPC,661,23.280736923217773,54.82932662963867,53.03351974487305
3399,cut2,3399,POPC,662,166.81063842773438,49.691890716552734,61.1324462890625
3399,cut2,3399,POPC,663,137.1519317626953,180.6654815673828,36.59197998046875
3399,cut2,3399,POPC,664,5.628003120422363,51.96840286254883,56.89221954345703
3399,cut2,3399,POPC,665,12.381221771240234,203.6426544189453,46.26869583129883
3399,cut2,3399,POPC,666,143.6758575439453,144.92726135253906,41.25436019897461
3399,cut2,3399,POPC,667,-2.3498177528381348,100.20602416992188,57.39131164550781
3399,cut2,3399,POPC,668,166.78440856933594,156.6849822998047,46.02247619628906
3399,cut2,3399,POPC,669,148.10223388671875,133.24636840820312,40.75605392456055
3399,cut2,3399,POPC,670,198.56907653808594,18.025514602661133,51.99099349975586
3399,cut2,3399,POPC,671,77.1015625,83.47116851806642,41.696922302246094
3399,cut2,3399,POPC,672,188.65245056152344,167.06407165527344,51.66937255859375
3399,cut2,3399,POPC,673,114.69583892822266,6.483484268188477,53.560707092285156
3399,cut2,3399,POPC,674,178.52395629882815,50.35589599609376,59.50358581542969
3399,cut2,3399,POPC,675,67.82581329345703,181.54855346679688,44.158775329589844
3399,cut2,3399,POPC,676,64.93637084960938,86.26034545898438,42.813899993896484
3399,cut2,3399,POPC,677,158.92681884765625,193.09771728515625,53.22529602050781
3399,cut2,3399,POPC,678,46.27998352050781,242.74325561523438,51.06332015991211
3399,cut2,3399,POPC,679,61.83177947998047,224.58071899414062,55.01128387451172
3399,cut2,3399,POPC,680,135.77951049804688,170.94972229003906,37.87286376953125
3399,cut2,3399,POPC,681,71.80447387695312,45.70970153808594,51.02702713012695
3399,cut2,3399,POPC,682,114.1215057373047,74.50083923339844,46.96309280395508
3399,cut2,3399,POPC,683,193.14923095703125,215.95809936523438,48.85140609741211
3399,cut2,3399,POPC,684,108.57460021972656,138.43197631835938,39.078861236572266
3399,cut2,3399,POPC,685,109.76287841796875,19.181209564208984,53.525150299072266
3399,cut2,3399,POPC,686,72.2303695678711,170.3831787109375,39.22652053833008
3399,cut2,3399,POPC,687,186.5106658935547,208.46066284179688,53.25497817993164
3399,cut2,3399,POPC,688,51.21370315551758,216.19017028808594,54.82644271850586
3399,cut2,3399,POPC,689,48.81221008300781,157.44232177734375,50.263641357421875
3399,cut2,3399,POPC,690,188.23402404785156,160.6035919189453,49.08722686767578
3399,cut2,3399,POPC,691,192.57948303222656,68.490966796875,58.722816467285156
3399,cut2,3399,POPC,692,195.38848876953125,191.3130340576172,51.08944320678711
3399,cut2,3399,POPC,693,129.86732482910156,157.27903747558594,35.57926940917969
3399,cut2,3399,POPC,694,154.98394775390625,174.41065979003906,50.80990219116211
3399,cut2,3399,POPC,695,176.77105712890625,219.46481323242188,50.57044219970703
3399,cut2,3399,POPC,696,117.98702239990234,27.037446975708008,48.937721252441406
3399,cut2,3399,POPC,697,71.15851593017578,15.033763885498047,54.37330627441406
3399,cut2,3399,POPC,698,88.76996612548828,20.926464080810547,53.835575103759766
3399,cut2,3399,POPC,699,-2.5482687950134277,35.64864730834961,53.799869537353516
3399,cut2,3399,POPC,700,113.76795196533203,3.174365282058716,57.65690231323242
3399,cut2,3399,POPC,701,146.19841003417966,204.39102172851562,48.11103057861328
3399,cut2,3399,POPC,702,86.49725341796875,61.953765869140625,51.88844680786133
3399,cut2,3399,POPC,703,49.70003128051758,66.92825317382812,53.32762908935547
3399,cut2,3399,POPC,704,91.05009460449219,223.5253143310547,56.16969299316406
3399,cut2,3399,POPC,705,94.38068389892578,219.1358642578125,53.03937530517578
3399,cut2,3399,POPC,706,51.06806945800781,176.41534423828125,46.466670989990234
3399,cut2,3399,POPC,707,8.655685424804688,29.395910263061523,49.65793991088867
3399,cut2,3399,POPC,708,61.61019515991211,136.53854370117188,76.25751495361328
3399,cut2,3399,POPC,709,13.958484649658203,218.19374084472656,53.78788375854492
3399,cut2,3399,POPC,710,195.14572143554688,13.029224395751953,52.22038650512695
3399,cut2,3399,POPC,711,42.95215606689453,94.15621948242188,53.82645034790039
3399,cut2,3399,POPC,712,44.511966705322266,197.1620330810547,47.96441650390625
3399,cut2,3399,POPC,713,38.104103088378906,10.235921859741211,57.061607360839844
3399,cut2,3399,POPC,714,170.22288513183594,10.7551851272583,55.17671203613281
3399,cut2,3399,POPC,715,10.898076057434082,189.67526245117188,48.19364929199219
3399,cut2,3399,POPC,716,182.78038024902344,30.339576721191406,57.19219970703125
3399,cut2,3399,POPC,717,178.59539794921875,77.23065948486328,56.291439056396484
3399,cut2,3399,POPC,718,81.26336669921875,236.59402465820312,54.46620559692383
3399,cut2,3399,POPC,719,191.04771423339844,77.18567657470703,56.81837844848633
3399,cut2,3399,POPC,720,196.56222534179688,161.1838531494141,49.1719970703125
3399,cut2,3399,POPC,721,105.63025665283203,100.86264038085938,39.592071533203125
3399,cut2,3399,POPC,722,161.73870849609375,206.3875274658203,51.415443420410156
3399,cut2,3399,POPC,723,102.26937103271484,168.9708709716797,34.36074447631836
3399,cut2,3399,POPC,724,104.52642059326172,237.17857360839844,58.248809814453125
3399,cut2,3399,POPC,725,10.302593231201172,20.682201385498047,49.789615631103516
3399,cut2,3399,POPC,726,87.91093444824219,42.34287643432617,54.448875427246094
3399,cut2,3399,POPC,727,51.64567565917969,225.8540496826172,50.5070915222168
3399,cut2,3399,POPC,728,63.917327880859375,78.293212890625,45.14613723754883
3399,cut2,3399,POPC,729,40.976593017578125,23.67289924621582,56.93351364135742
3399,cut2,3399,POPC,730,71.93063354492188,39.71623611450195,51.3005485534668
3399,cut2,3399,POPC,731,68.39078521728516,220.5265655517578,53.12685775756836
3399,cut2,3399,POPC,732,2.2657155990600586,189.2310791015625,51.38776397705078
3399,cut2,3399,POPC,733,105.31681823730469,27.683740615844727,57.34736633300781
3399,cut2,3399,POPC,734,137.71372985839844,139.62568664550778,39.10251235961914
3399,cut2,3399,POPC,735,51.224143981933594,192.01504516601562,47.640323638916016
3399,cut2,3399,POPC,736,3.4756388664245605,238.17185974121094,51.14369583129883
3399,cut2,3399,POPC,737,43.41188049316406,41.99936294555664,54.07078552246094
3399,cut2,3399,POPC,738,37.55816650390625,197.31256103515625,46.169010162353516
3399,cut2,3399,POPC,739,180.8222198486328,131.6353759765625,52.531673431396484
3399,cut2,3399,POPC,740,54.24918746948242,27.433799743652344,56.92104721069336
3399,cut2,3399,POPC,741,195.94775390625,180.9514923095703,52.6051139831543
3399,cut2,3399,POPC,742,10.710525512695312,232.10079956054688,52.819984436035156
3399,cut2,3399,POPC,743,88.63758850097656,216.162109375,53.37446975708008
3399,cut2,3399,POPC,744,100.82572937011719,5.58248233795166,57.717105865478516
3399,cut2,3399,POPC,745,75.41488647460938,216.3749542236328,49.9482536315918
3399,cut2,3399,POPC,746,159.5109405517578,161.72940063476562,47.897789001464844
3399,cut2,3399,POPC,747,6.853084087371826,153.23216247558594,50.06304931640625
3399,cut2,3399,POPC,748,105.52631378173828,55.910335540771484,53.26696014404297
3399,cut2,3399,POPC,749,32.95252227783203,219.7672882080078,50.39223861694336
3399,cut2,3399,POPC,750,108.60603332519531,70.85208129882812,47.68254089355469
3399,cut2,3399,POPC,751,46.919715881347656,235.26129150390625,52.45881271362305
3399,cut2,3399,POPC,752,75.11917877197266,27.742273330688477,50.53825759887695
3399,cut2,3399,POPC,753,188.2000274658203,42.351409912109375,58.98743438720703
3399,cut2,3399,POPC,754,154.3054656982422,220.7695770263672,55.55504608154297
3399,cut2,3399,POPC,755,135.26873779296875,205.08065795898438,44.74616622924805
3399,cut2,3399,POPC,756,32.453208923339844,201.94879150390625,46.42996597290039
3399,cut2,3399,POPC,757,201.72482299804688,83.72347259521484,56.56136703491211
3399,cut2,3399,POPC,758,183.4727325439453,165.54051208496094,55.71971893310547
3399,cut2,3399,POPC,759,90.72010803222656,27.459760665893555,52.55380630493164
3399,cut2,3399,POPC,760,159.42694091796875,143.32228088378906,47.06129837036133
3399,cut2,3399,POPC,761,185.91122436523438,71.42757415771484,57.3672981262207
3399,cut2,3399,POPC,762,192.40673828125,239.54275512695312,46.79271697998047
3399,cut2,3399,POPC,763,163.87150573730472,108.98672485351562,56.277565002441406
3399,cut2,3399,POPC,764,30.03964042663574,64.40852355957031,51.63068771362305
3399,cut2,3399,POPC,765,5.759997367858887,65.3120346069336,54.55706787109375
3399,cut2,3399,POPC,766,55.541568756103516,168.95303344726562,46.361106872558594
3399,cut2,3399,POPC,767,61.50166320800781,177.00392150878906,43.38940429687499
3399,cut2,3399,POPC,768,79.72034454345703,60.0360221862793,53.44689178466797
3399,cut2,3399,POPC,769,180.43289184570312,43.413196563720696,61.35038757324219
3399,cut2,3399,POPC,770,92.34394073486328,7.985604286193848,56.211090087890625
3399,cut2,3399,POPC,771,170.88941955566406,44.350250244140625,61.15830993652344
3399,cut2,3399,POPC,772,203.96583557128906,232.25738525390625,53.1656608581543
3399,cut2,3399,POPC,773,48.507694244384766,30.282428741455078,59.21903610229492
3399,cut2,3399,POPC,774,85.72899627685547,0.5533460378646851,54.76420593261719
3399,cut2,3399,POPC,775,160.58285522460938,148.82772827148438,48.71821212768555
3399,cut2,3399,POPC,776,191.51609802246094,21.48688316345215,51.32978439331055
3399,cut2,3399,POPC,777,147.42535400390625,174.63665771484375,42.22846603393555
3399,cut2,3399,POPC,778,184.85232543945312,190.53652954101562,47.022544860839844
3399,cut2,3399,POPC,779,9.229230880737305,196.05841064453122,49.788726806640625
3399,cut2,3399,POPC,780,0.48570969700813293,162.65968322753906,44.76123809814453
3399,cut2,3399,POPC,781,94.86943054199219,1.6170233488082886,51.38696670532226
3399,cut2,3399,POPC,782,140.76922607421875,122.55223083496094,45.89296340942383
3399,cut2,3399,POPC,783,63.01995849609375,167.22488403320312,41.07417297363281
3399,cut2,3399,POPC,784,95.31970977783203,43.448829650878906,54.41318130493164
3399,cut2,3399,POPC,785,55.95279312133789,9.880574226379395,56.214111328125
3399,cut2,3399,POPC,786,172.05091857910156,168.20248413085938,51.52181243896485
3399,cut2,3399,POPC,787,166.0175018310547,235.7952117919922,56.43772888183594
3399,cut2,3399,POPC,788,13.833542823791504,172.76025390625,41.32398986816406
3399,cut2,3399,POPC,789,133.00985717773438,1.8745402097702026,51.78266525268555
3399,cut2,3399,POPC,790,76.95425415039062,223.05181884765625,53.99909210205078
3399,cut2,3399,POPC,791,99.36766052246094,67.24168395996094,50.188079833984375
3399,cut2,3399,POPC,792,45.700679779052734,19.7598934173584,55.216636657714844
3399,cut2,3399,POPC,793,126.53780364990234,18.798906326293945,50.835289001464844
3399,cut2,3399,POPC,794,89.01383972167969,14.026543617248533,56.954566955566406
3399,cut2,3399,POPC,795,48.73703384399415,74.01176452636719,51.05298614501953
3399,cut2,3399,POPC,796,182.6654510498047,101.98807525634766,59.61610412597656
3399,cut2,3399,POPC,797,68.24520874023438,3.5989036560058594,56.30128860473633
3399,cut2,3399,POPC,798,56.54511642456055,48.62116241455079,48.27284622192383
3399,cut2,3399,POPC,799,171.99710083007812,53.195858001708984,59.58030700683594
3399,cut2,3399,POPC,800,101.81925964355469,91.91780090332031,42.3177375793457
3399,cut2,3399,POPC,801,30.25107765197754,18.117746353149414,57.86968994140625
3399,cut2,3399,POPC,802,17.025171279907227,64.65343475341797,55.68281173706055
3399,cut2,3399,POPC,803,164.04733276367188,246.9464111328125,51.154396057128906
3399,cut2,3399,POPC,804,131.61843872070312,155.80752563476562,40.77033996582031
3399,cut2,3399,POPC,805,164.93350219726562,17.21963119506836,59.36855697631836
3399,cut2,3399,POPC,806,63.22343826293945,43.156578063964844,52.26456069946289
3399,cut2,3399,POPC,807,108.45138549804688,4.054268836975098,57.10675048828125
3399,cut2,3399,POPC,808,55.3822135925293,40.62106704711914,55.65092468261719
3399,cut2,3399,POPC,809,171.25059509277344,37.511329650878906,63.34673309326172
3399,cut2,3399,POPC,810,190.6650390625,201.03208923339844,50.05530548095703
3399,cut2,3399,POPC,811,141.0498046875,165.6031494140625,41.56694412231445
3399,cut2,3399,POPC,812,147.3036651611328,23.096532821655273,57.75713348388672
3399,cut2,3399,POPC,813,30.471094131469727,41.26750946044922,52.8314094543457
3399,cut2,3399,POPC,814,189.3299560546875,118.18862915039062,51.02437973022461
3399,cut2,3399,POPC,815,23.49508285522461,130.19168090820312,37.01740264892578
3399,cut2,3399,POPC,816,17.290630340576172,25.17319679260254,52.95936965942383
3399,cut2,3399,POPC,817,177.49362182617188,7.562774181365967,52.83468246459961
3399,cut2,3399,POPC,818,24.60893440246582,196.16986083984375,41.56011962890625
3399,cut2,3399,POPC,819,98.65951538085938,114.41341400146484,42.73990249633788
3399,cut2,3399,POPC,820,28.785184860229492,109.69319152832031,46.99277877807617
3399,cut2,3399,POPC,821,131.47134399414062,189.22665405273438,40.07094192504883
3399,cut2,3399,POPC,822,1.9141435623168945,133.63299560546875,50.92505645751953
3399,cut2,3399,POPC,823,82.82736206054688,222.48788452148438,54.278404235839844
3399,cut2,3399,POPC,824,69.37527465820312,142.48370361328125,78.29351043701172
3399,cut2,3399,POPC,825,71.14759826660156,31.933792114257812,50.959957122802734
3399,cut2,3399,POPC,826,187.6285858154297,87.35318756103516,55.882164001464844
3399,cut2,3399,POPC,827,161.27467346191406,87.59696197509764,51.36040496826172
3399,cut2,3399,POPC,828,6.319972515106201,71.36028289794922,61.300559997558594
3399,cut2,3399,POPC,829,38.66086959838867,49.44770812988281,52.78062438964844
3399,cut2,3399,POPC,830,37.13996505737305,150.5649871826172,45.03854751586914
3399,cut2,3399,POPC,831,164.37942504882812,44.83611297607422,62.06144714355469
3399,cut2,3399,POPC,832,186.02215576171875,80.62007904052734,56.081298828125
3399,cut2,3399,POPC,833,170.05062866210938,75.14649963378906,53.48434066772461
3399,cut2,3399,POPC,834,56.66729736328125,194.80435180664062,47.03855895996094
3399,cut2,3399,POPC,835,11.373726844787598,33.57535934448242,55.10978698730469
3399,cut2,3399,POPC,836,23.350900650024414,75.07316589355469,52.186614990234375
3399,cut2,3399,POPC,837,189.9968719482422,33.72847366333008,55.921810150146484
3399,cut2,3399,POPC,838,105.88700103759766,243.5748291015625,56.97920227050781
3399,cut2,3399,POPC,839,158.09193420410156,131.03802490234375,44.59767532348633
3399,cut2,3399,POPC,840,61.712276458740234,12.18228530883789,59.102668762207024
3399,cut2,3399,POPC,841,200.320068359375,205.87210083007812,52.993045806884766
3399,cut2,3399,POPC,842,11.293463706970215,211.6885223388672,51.47925567626953
3399,cut2,3399,POPC,843,57.89142990112305,208.38063049316406,51.598731994628906
3399,cut2,3399,POPC,844,58.09587478637695,71.46476745605469,49.98141098022461
3399,cut2,3399,POPC,845,77.90072631835938,233.3032989501953,57.8342170715332
3399,cut2,3399,POPC,846,192.7386932373047,62.12311935424805,55.44342803955078
3399,cut2,3399,POPC,847,35.75579071044922,231.92025756835938,50.43046188354492
3399,cut2,3399,POPC,848,189.20860290527344,48.27180862426758,57.28644943237305
3399,cut2,3399,POPC,849,173.02198791503906,68.849365234375,51.82323455810547
3399,cut2,3399,POPC,850,178.5726776123047,87.39262390136719,57.21673583984375
3399,cut2,3399,POPC,851,85.53408813476562,9.076979637145996,54.21926498413086
3399,cut2,3399,POPC,852,159.55438232421875,186.61180114746094,50.03671646118164
3399,cut2,3399,POPC,853,59.4466667175293,162.72622680664062,44.453216552734375
3399,cut2,3399,POPC,854,177.87307739257812,36.94483947753906,61.341407775878906
3399,cut2,3399,POPC,855,5.238211631774902,90.04961395263673,58.478546142578125
3399,cut2,3399,POPC,856,125.35364532470703,180.23155212402344,33.947784423828125
3399,cut2,3399,POPC,857,117.1567611694336,100.08731842041016,36.13098907470703
3399,cut2,3399,POPC,858,178.2726593017578,190.87828063964844,50.47237777709961
3399,cut2,3399,POPC,859,73.92501831054688,246.6891784667969,58.899078369140625
3399,cut2,3399,POPC,860,72.08189392089844,233.19825744628906,55.99412536621094
3399,cut2,3399,POPC,861,40.98225402832031,212.87783813476562,50.220176696777344
3399,cut2,3399,POPC,862,4.573066234588623,76.74163818359375,60.21760559082031
3399,cut2,3399,POPC,863,178.39491271972656,68.51372528076172,54.76633071899414
3399,cut2,3399,POPC,864,36.61128616333008,66.44412994384766,52.282814025878906
3399,cut2,3399,POPC,865,30.974613189697266,92.32026672363281,54.37918472290039
3399,cut2,3399,POPC,866,10.185073852539062,88.03330993652344,95.17893981933594
3399,cut2,3399,POPC,867,15.671496391296387,146.38613891601562,42.78481674194336
3399,cut2,3399,POPC,868,32.7947883605957,170.64590454101562,49.24626541137695
3399,cut2,3399,POPC,869,168.57310485839844,113.21965789794922,58.135982513427734
3399,cut2,3399,POPC,870,62.519004821777344,155.7480926513672,40.160728454589844
3399,cut2,3399,POPC,871,170.18460083007812,214.11729431152344,53.531192779541016
3399,cut2,3399,POPC,872,131.6732177734375,175.5297088623047,35.98500442504883
3399,cut2,3399,POPC,873,65.07240295410156,148.81045532226562,42.963809967041016
3399,cut2,3399,POPC,874,54.725341796875,145.06483459472656,42.80226135253906
3399,cut2,3399,POPC,875,188.42123413085938,177.1121063232422,53.23015213012695
3399,cut2,3399,POPC,876,110.00466918945312,33.808204650878906,52.610809326171875
3399,cut2,3399,POPC,877,53.16800308227539,183.62640380859375,47.74850082397462
3399,cut2,3399,POPC,878,141.8079376220703,131.1116485595703,39.05792236328125
3399,cut2,3399,POPC,879,18.38677978515625,98.7433853149414,92.91880798339844
3399,cut2,3399,POPC,880,62.29867935180664,127.30361938476562,34.00497817993164
3399,cut2,3399,POPC,881,185.6641845703125,49.234527587890625,61.62958526611328
3399,cut2,3399,POPC,882,99.21372985839844,107.02819061279297,42.24995040893555
3399,cut2,3399,POPC,883,119.92308807373047,35.035423278808594,52.752227783203125
3399,cut2,3399,POPC,884,183.8875274658203,244.7757110595703,51.458518981933594
3399,cut2,3399,POPC,885,39.02517318725586,172.89608764648438,46.96787643432617
3399,cut2,3399,POPC,886,57.149295806884766,187.95970153808594,47.981842041015625
3399,cut2,3399,POPC,887,37.749847412109375,206.9559326171875,49.04663848876953
3399,cut2,3399,POPC,888,17.774898529052734,232.3708953857422,49.831443786621094
3399,cut2,3399,POPC,889,49.381168365478516,5.205366134643555,53.304222106933594
3399,cut2,3399,POPC,890,0.5414748787879944,22.46474266052246,49.590389251708984
3399,cut2,3399,POPC,891,177.36871337890625,211.1287078857422,53.46820068359375
3399,cut2,3399,POPC,892,171.6327667236328,192.73953247070312,50.75875473022461
3399,cut2,3399,POPC,893,198.1286163330078,196.83160400390625,51.65828323364258
3399,cut2,3399,POPC,894,6.767081260681152,44.1558837890625,54.60478973388672
3399,cut2,3399,POPC,895,116.18644714355469,14.827102661132812,51.376556396484375
3399,cut2,3399,POPC,896,143.2914123535156,209.91104125976562,49.396751403808594
3399,cut2,3399,POPC,897,4.505345821380615,58.909828186035156,55.538665771484375
3399,cut2,3399,POPC,898,70.46280670166016,210.50146484375,49.639739990234375
3399,cut2,3399,POPC,899,94.61004638671875,101.95124053955078,39.9425048828125
3399,cut2,3399,POPC,900,96.56646728515625,233.02911376953125,54.793148040771484
3399,cut2,3399,POPC,901,20.079063415527344,19.336132049560547,52.55801773071289
3399,cut2,3399,POPC,902,30.179609298706055,196.08944702148438,45.59638595581055
3399,cut2,3399,POPC,903,186.71876525878906,132.1993408203125,54.57349395751953
3399,cut2,3399,POPC,904,43.60614013671875,229.1956787109375,48.903446197509766
3399,cut2,3399,POPC,905,165.50001525878906,188.84210205078125,49.841800689697266
3399,cut2,3399,POPC,906,48.38163757324219,11.059993743896484,57.359500885009766
3399,cut2,3399,POPC,907,68.45840454101562,205.31813049316406,48.319496154785156
3399,cut2,3399,POPC,908,196.25723266601562,186.6015167236328,54.263145446777344
3399,cut2,3399,POPC,909,180.28187561035156,172.98150634765625,52.64188003540039
3399,cut2,3399,POPC,910,179.19471740722656,157.13668823242188,52.011592864990234
3399,cut2,3399,POPC,911,187.1550750732422,140.6490936279297,57.989898681640625
3399,cut2,3399,POPC,912,19.85374641418457,93.0800552368164,59.51963806152344
3399,cut2,3399,POPC,913,115.38703918457031,91.98992156982422,41.49535369873047
3399,cut2,3399,POPC,914,34.56105422973633,57.162349700927734,52.451507568359375
3399,cut2,3399,POPC,915,185.482177734375,153.3994140625,57.57456588745117
3399,cut2,3399,POPC,916,148.31430053710938,241.2462615966797,52.865665435791016
3399,cut2,3399,POPC,917,163.1829833984375,228.74569702148438,51.092777252197266
3399,cut2,3399,POPC,918,31.622493743896484,46.844879150390625,53.15725326538086
3399,cut2,3399,POPC,919,45.9320068359375,215.70713806152344,51.887916564941406
3399,cut2,3399,POPC,920,62.428802490234375,50.02748489379883,49.7026252746582
3399,cut2,3399,POPC,921,74.33027648925781,54.15043640136719,48.91082763671875
3399,cut2,3399,POPC,922,116.50166320800781,147.2221221923828,34.51106643676758
3399,cut2,3399,POPC,923,13.933405876159668,136.92630004882812,42.19256591796875
3399,cut2,3399,POPC,924,19.839862823486328,52.65753936767578,56.56129455566406
3399,cut2,3399,POPC,925,197.5639190673828,80.64154815673828,57.986968994140625
3399,cut2,3399,POPC,926,139.80935668945312,204.03465270996094,49.20654296875
3399,cut2,3399,POPC,927,152.6960906982422,180.8789825439453,49.67652893066406
3399,cut2,3399,POPC,928,19.47441864013672,33.22941207885742,53.833045959472656
3399,cut2,3399,POPC,929,185.72808837890625,159.04925537109375,54.3449821472168
3399,cut2,3399,POPC,930,78.3364486694336,75.07047271728516,45.69847106933594
3399,cut2,3399,POPC,931,49.8157844543457,112.19131469726562,40.906402587890625
3399,cut2,3399,POPC,932,49.57435607910156,60.577178955078125,51.24617385864258
3399,cut2,3399,POPC,933,59.354644775390625,25.814987182617188,54.9453125
3399,cut2,3399,POPC,934,19.369340896606445,69.7748031616211,56.642024993896484
3399,cut2,3399,POPC,935,86.18382263183594,56.517581939697266,54.86802673339844
3399,cut2,3399,POPC,936,81.53462219238281,213.42779541015625,51.1892204284668
3399,cut2,3399,POPC,937,46.452938079833984,26.121973037719727,56.88970184326172
3399,cut2,3399,POPC,938,31.045236587524414,187.24609375,43.813655853271484
3399,cut2,3399,POPC,939,20.85076141357422,181.85015869140625,47.407676696777344
3399,cut2,3399,POPC,940,37.33644485473633,83.4029312133789,50.9897575378418
3399,cut2,3399,POPC,941,90.94265747070312,68.39514923095703,49.32617950439453
3399,cut2,3399,POPC,942,30.94687271118164,74.97161865234375,50.34590148925781
3399,cut2,3399,POPC,943,133.14227294921875,10.70966625213623,52.05704116821289
3399,cut2,3399,POPC,944,54.77031707763672,137.63528442382812,36.512657165527344
3399,cut2,3399,POPC,945,127.80274963378906,53.20068359375,56.220436096191406
3399,cut2,3399,POPC,946,57.42687225341797,237.6177978515625,53.89275360107422
3399,cut2,3399,POPC,947,177.27749633789062,107.5377197265625,58.73750305175781
3399,cut2,3399,POPC,948,80.70030975341797,71.72984313964844,49.542747497558594
3399,cut2,3399,POPC,949,115.22493743896484,68.34646606445312,45.876895904541016
3399,cut2,3399,POPC,950,30.339876174926758,147.7068328857422,45.90652084350586
3399,cut2,3399,POPC,951,19.11248207092285,165.8645782470703,42.336116790771484
3399,cut2,3399,POPC,952,158.3845672607422,215.68507385253906,53.032806396484375
3399,cut2,3399,POPC,953,159.0946044921875,28.949520111083984,61.390625
3399,cut2,3399,POPC,954,28.762468338012695,215.33070373535156,53.091590881347656
3399,cut2,3399,POPC,955,20.545475006103512,211.1529998779297,49.5655517578125
3399,cut2,3399,POPC,956,26.08258819580078,179.32655334472656,45.872806549072266
3399,cut2,3399,POPC,957,182.72061157226562,240.3470916748047,47.375396728515625
3399,cut2,3399,POPC,958,151.8223876953125,146.18177795410156,45.304954528808594
3399,cut2,3399,POPC,959,174.7652130126953,1.7766388654708862,51.5351448059082
3399,cut2,3399,POPC,960,41.54110336303711,79.60569763183594,51.897464752197266
3399,cut2,3399,POPC,961,191.7559356689453,228.2760467529297,48.008548736572266
3399,cut2,3399,POPC,962,98.70996856689453,59.70719528198242,50.96828079223633
3399,cut2,3399,POPC,963,25.24925422668457,86.06735229492188,55.337501525878906
3399,cut2,3399,POPC,964,23.263534545898438,144.22035217285156,41.891395568847656
3399,cut2,3399,POPC,965,24.713438034057617,204.33358764648438,47.99906921386719
3399,cut2,3399,POPC,966,154.68743896484375,26.354000091552734,59.419593811035156
3399,cut2,3399,POPC,967,0.20386174321174622,52.16224670410156,53.29384994506836
3399,cut2,3399,POPC,968,48.66651916503906,221.24131774902344,50.456146240234375
3399,cut2,3399,POPC,969,36.64111328125,239.35340881347656,55.39166259765625
3399,cut2,3399,POPC,970,178.62974548339844,26.2520809173584,58.504817962646484
3399,cut2,3399,POPC,971,118.51295471191406,58.78710174560547,49.03508758544922
3399,cut2,3399,POPC,972,139.76281738281247,16.20133399963379,53.73116683959961
3399,cut2,3399,POPC,973,81.36595153808594,129.8953094482422,42.01998519897461
3399,cut2,3399,POPC,974,170.14523315429688,244.27206420898438,51.7830810546875
3399,cut2,3399,POPC,975,171.76010131835938,232.27789306640625,51.13713073730469
3399,cut2,3399,POPC,976,200.33444213867188,243.44369506835938,48.85335922241211
3399,cut2,3399,POPC,977,86.97362518310547,236.45578002929688,51.55084228515625
3399,cut2,3399,POPC,978,167.12371826171875,28.35074234008789,61.86627197265625
3399,cut2,3399,POPC,979,177.67611694335938,124.45867919921874,52.77718734741211
3399,cut2,3399,POPC,980,154.66500854492188,240.18069458007812,54.11541748046875
3399,cut2,3399,POPC,981,14.653593063354492,227.29005432128906,56.51958084106445
3399,cut2,3399,POPC,982,38.30855941772461,159.17018127441406,45.82706832885742
3399,cut2,3399,POPC,983,93.3276901245117,81.3689193725586,48.50002670288086
3399,cut2,3399,POPC,984,58.6143798828125,115.35028076171875,42.815879821777344
3399,cut2,3399,POPC,985,173.20877075195312,30.347448348999023,60.06902313232422
3399,cut2,3399,POPC,986,187.87086486816406,14.381025314331055,51.67295455932617
3399,cut2,3399,POPC,987,23.53590965270996,13.811417579650879,54.24774932861328
3399,cut2,3399,POPC,988,43.067081451416016,4.426178932189941,54.417606353759766
3399,cut2,3399,POPC,989,104.568115234375,11.982322692871094,56.029937744140625
3399,cut2,3399,POPC,990,84.23777770996094,139.64097595214844,41.74917221069336
3399,cut2,3399,POPC,991,5.131123542785644,15.120997428894043,48.44667434692383
3399,cut2,3399,POPC,992,81.74744415283203,30.574142456054688,52.08905792236328
3399,cut2,3399,POPC,993,31.60586166381836,31.88850975036621,54.75443649291992
3399,cut2,3399,POPC,994,70.04557037353516,162.60159301757812,39.84406280517578
3399,cut2,3399,POPC,995,39.66205596923828,178.79547119140625,45.458892822265625
3399,cut2,3399,POPC,996,14.178686141967773,45.848812103271484,56.349212646484375
3399,cut2,3399,POPC,997,138.29922485351562,188.1719207763672,40.209163665771484
3399,cut2,3399,POPC,998,171.85812377929688,181.6715087890625,50.27720642089844
3399,cut2,3399,POPC,999,106.29090881347656,62.81049728393555,52.35059356689453
3399,cut2,3399,POPC,1000,51.66240692138672,163.3969268798828,48.939453125
3399,cut2,3399,POPC,1001,106.15980529785156,119.99034118652344,44.53994369506836
3399,cut2,3399,POPC,1002,15.156899452209473,72.50492858886719,55.52159118652344
3399,cut2,3399,POPC,1003,124.35567474365234,161.6261749267578,32.798248291015625
3399,cut2,3399,POPC,1004,110.2635726928711,14.455187797546387,56.34749221801758
3399,cut2,3399,POPC,1005,100.30948638916016,122.24974822998047,46.102203369140625
3399,cut2,3399,POPC,1006,169.0171661376953,97.74799346923828,54.55244827270508
3399,cut2,3399,POPC,1007,150.0979766845703,3.7942373752593994,53.76742935180664
3399,cut2,3399,POPC,1008,49.226619720458984,51.86090087890625,50.49308395385742
3399,cut2,3399,POPC,1009,179.8218231201172,201.0489959716797,52.157596588134766
3399,cut2,3399,POPC,1010,13.268827438354492,52.70064926147461,55.90626907348633
3399,cut2,3399,POPC,1011,57.83074951171875,150.8486328125,43.646427154541016
3399,cut2,3399,POPC,1012,6.4064040184021,201.09658813476562,52.09640121459962
3399,cut2,3399,POPC,1013,38.36503219604492,186.25164794921875,44.609256744384766
3399,cut2,3399,POPC,1014,51.14649200439454,80.90959930419923,52.87799072265625
3399,cut2,3399,POPC,1015,5.014662742614746,244.90682983398438,52.97181701660156
3399,cut2,3399,POPC,1016,9.594982147216797,170.0364227294922,37.58278274536133
3399,cut2,3399,POPC,1017,31.50901412963867,135.70883178710938,41.161014556884766
3399,cut2,3399,POPC,1018,47.245330810546875,133.2108917236328,37.95777130126953
3399,cut2,3399,POPC,1019,179.30162048339844,147.57467651367188,57.7276496887207
3399,cut2,3399,POPC,1020,66.23704528808594,70.59832000732422,47.349613189697266
3399,cut2,3399,POPC,1021,136.44166564941406,100.59012603759766,45.273040771484375
3399,cut2,3399,POPC,1022,168.49217224121094,133.9128875732422,50.68500900268555
3399,cut2,3399,POPC,1023,185.77676391601562,106.67680358886719,56.90009307861328
3399,cut2,3399,POPC,1024,140.36709594726562,9.469721794128418,51.69129180908203
3399,cut2,3399,POPC,1025,200.21539306640625,6.895909309387207,51.44327163696289
3399,cut2,3399,POPC,1026,101.57344818115234,34.259857177734375,55.96675109863281
3399,cut2,3399,POPC,1027,172.86013793945312,175.97091674804688,49.85295486450195
3399,cut2,3399,POPC,1028,163.32943725585938,38.52511215209961,64.07525634765625
3399,cut2,3399,POPC,1029,89.26729583740234,33.50239944458008,52.4853401184082
3399,cut2,3399,POPC,1030,170.46351623535156,106.85124206542969,54.93523025512695
3399,cut2,3399,POPC,1031,13.766542434692383,242.5796661376953,52.939762115478516
3399,cut2,3399,POPC,1032,97.97306060791016,84.3551254272461,43.74702453613281
3399,cut2,3399,POPC,1033,66.72377014160156,9.715827941894531,56.040340423583984
3399,cut2,3399,POPC,1034,60.82094955444336,232.7564697265625,57.35816192626953
3399,cut2,3399,POPC,1035,141.3571319580078,184.3956756591797,43.21731185913086
3399,cut2,3399,POPC,1036,73.8438720703125,239.76576232910156,56.86717224121094
3399,cut2,3399,POPC,1037,18.93558120727539,10.377933502197266,52.11599349975586
3399,cut2,3399,POPC,1038,162.76319885253906,171.96917724609375,50.373809814453125
3399,cut2,3399,POPC,1039,180.3399200439453,227.2736358642578,49.455177307128906
3399,cut2,3399,POPC,1040,149.15443420410156,151.82861328125,43.70870590209961
3399,cut2,3399,POPC,1041,44.3229866027832,62.62096405029297,52.25114059448242
3399,cut2,3399,POPC,1042,38.827415466308594,18.12308120727539,58.151771545410156
3399,cut2,3399,POPC,1043,0.10694268345832825,176.76815795898438,44.49061965942383
3399,cut2,3399,POPC,1044,29.469350814819336,154.0211181640625,46.02446365356445
3399,cut2,3399,POPC,1045,63.147098541259766,99.24443054199219,43.057979583740234
3399,cut2,3399,POPC,1046,49.94404220581055,208.61648559570312,52.43564987182617
3399,cut2,3399,POPC,1047,74.52032470703125,63.85286331176758,48.31709289550781
3399,cut2,3399,POPC,1048,24.994966506958008,26.39338493347168,52.878177642822266
3399,cut2,3399,POPC,1049,-5.147080898284912,168.11549377441406,45.60044479370117
3399,cut2,3399,POPC,1050,176.50578308105472,11.879145622253418,55.98257827758789
3399,cut2,3399,POPC,1051,129.73757934570312,198.13812255859375,38.516944885253906
3399,cut2,3399,POPC,1052,166.70372009277344,128.13783264160156,52.40652084350586
3399,cut2,3399,POPC,1053,173.98593139648438,132.63742065429688,53.98923873901367
3399,cut2,3399,POPC,1054,25.3231143951416,220.05239868164062,54.90868377685547
3399,cut2,3399,POPC,1055,175.62240600585938,94.07966613769531,57.61331558227539
3399,cut2,3399,POPC,1056,29.014328002929688,229.37051391601562,52.79653549194336
3399,cut2,3399,POPC,1057,152.39971923828125,136.76182556152344,44.51061248779297
3399,cut2,3399,POPC,1058,38.71724319458008,145.45562744140625,46.68901062011719
3399,cut2,3399,POPC,1059,199.18936157226562,233.95709228515625,44.7402458190918
3399,cut2,3399,POPC,1060,160.80950927734375,12.624856948852539,56.6717643737793
3399,cut2,3399,POPC,1061,8.581746101379395,81.72334289550781,59.502838134765625
3399,cut2,3399,POPC,1062,175.466064453125,82.5344467163086,54.2727165222168
3399,cut2,3399,POPC,1063,9.126998901367188,214.051513671875,57.05219268798828
3399,cut2,3399,POPC,1064,31.760560989379883,209.9115447998047,51.47121047973633
3399,cut2,3399,POPC,1065,14.107107162475586,39.700775146484375,55.60062026977539
3399,cut2,3399,POPC,1066,23.548725128173828,189.23609924316406,42.89882278442383
3399,cut2,3399,POPC,1067,46.80055618286133,46.05283737182617,54.59937286376953
3399,cut2,3399,POPC,1068,69.26071166992188,62.14910125732422,50.13186264038086
3399,cut2,3399,POPC,1069,120.13544464111328,50.34295654296875,53.4680061340332
3399,cut2,3399,POPC,1070,109.88156890869139,89.26925659179688,42.11630630493164
3399,cut2,3399,POPC,1071,59.252017974853516,4.450342655181885,54.32008361816406
3399,cut2,3399,POPC,1072,147.62120056152344,171.09568786621094,48.38987350463867
3399,cut2,3399,POPC,1073,59.545841217041016,34.653038024902344,55.69056701660156
3399,cut2,3399,POPC,1074,191.98196411132812,246.778564453125,50.96426773071289
3399,cut2,3399,POPC,1075,88.9016342163086,205.61459350585938,51.85392379760742
3399,cut2,3399,POPC,1076,5.190335750579834,35.03355026245117,51.60685729980469
3399,cut2,3399,POPC,1077,149.36557006835938,9.36983585357666,52.97621154785156
3399,cut2,3399,POPC,1078,7.040412902832031,223.45298767089844,54.347991943359375
3399,cut2,3399,POPC,1079,82.8324203491211,19.19557762145996,52.21158218383789
3399,cut2,3399,POPC,1080,54.91362380981445,17.066665649414062,55.2795524597168
3399,cut2,3399,POPC,1081,192.63809204101562,98.00116729736328,59.711219787597656
3399,cut2,3399,POPC,1082,55.901248931884766,212.7781982421875,54.37177658081055
3399,cut2,3399,POPC,1083,74.03665924072266,191.5532531738281,43.905677795410156
3399,cut2,3399,POPC,1084,171.66334533691406,239.2293701171875,53.755897521972656
3399,cut2,3399,POPC,1085,175.11270141601562,20.861560821533203,58.755577087402344
3399,cut2,3399,POPC,1086,154.7948455810547,190.0630645751953,50.796966552734375
3399,cut2,3399,POPC,1087,161.03936767578125,177.5153045654297,49.642520904541016
3399,cut2,3399,POPC,1088,162.01882934570312,134.71372985839844,47.652740478515625
3399,cut2,3399,POPC,1089,31.104312896728516,85.37581634521484,53.331077575683594
3399,cut2,3399,POPC,1090,169.4543914794922,148.03184509277344,52.29168701171875
3399,cut2,3399,POPC,1091,31.39555549621582,240.5343475341797,49.371726989746094
3399,cut2,3399,POPC,1092,148.24200439453125,40.851951599121094,60.905250549316406
3399,cut2,3399,POPC,1093,94.4646987915039,187.2126922607422,37.38722610473633
3399,cut2,3399,POPC,1094,84.97343444824219,79.96116638183594,46.84706497192383
3399,cut2,3399,POPC,1095,97.75865936279297,13.874464988708496,53.84739303588867
3399,cut2,3399,POPC,1096,132.38560485839844,135.93588256835938,37.344871520996094
3399,cut2,3399,POPC,1097,165.10597229003906,123.08541107177734,50.154510498046875
3399,cut2,3399,POPC,1098,74.9621353149414,7.627285480499268,55.30738067626953
3399,cut2,3399,POPC,1099,165.19688415527344,215.80714416503906,51.349552154541016
3399,cut2,3399,POPC,1100,63.22064971923828,29.271644592285153,55.65919494628906
3399,cut2,3399,POPC,1101,106.67150115966795,42.21017074584961,53.05174255371094
3399,cut2,3399,POPC,1102,158.96360778808594,235.24462890625,53.90528106689453
3399,cut2,3399,POPC,1103,182.4069366455078,233.01698303222656,46.33525085449219
3399,cut2,3399,POPC,1104,123.35542297363281,29.16505241394043,52.812183380126946
3399,cut2,3399,POPC,1105,88.2374267578125,79.26869201660156,52.984092712402344
3399,cut2,3399,POPC,1106,64.43853759765625,216.62252807617188,55.606544494628906
3399,cut2,3399,POPC,1107,108.34208679199219,174.03903198242188,30.615692138671875
3399,cut2,3399,POPC,1108,145.5584259033203,181.27474975585935,45.3098258972168
3399,cut2,3399,POPC,1109,192.48312377929688,112.44654083251953,55.05107498168945
3399,cut2,3399,POPC,1110,127.15007781982422,11.97862243652344,51.0742301940918
3399,cut2,3399,POPC,1111,77.09070587158203,153.22389221191406,41.472251892089844
3399,cut2,3399,POPC,1112,11.346390724182129,93.45226287841797,54.17326736450195
3399,cut2,3399,POPC,1113,199.3562469482422,220.4038848876953,50.45967483520508
3399,cut2,3399,POPC,1114,17.11602020263672,196.12364196777344,44.93025588989258
3399,cut2,3399,POPC,1115,46.287654876708984,171.32171630859375,46.422794342041016
3399,cut2,3399,POPC,1116,20.17170524597168,2.5010247230529785,55.28670883178711
3399,cut2,3399,POPC,1117,169.25210571289062,21.80889892578125,60.4305534362793
3399,cut2,3399,POPC,1118,14.374845504760742,58.45345687866211,55.856651306152344
3399,cut2,3399,POPC,1119,199.17518615722656,71.17780303955078,60.78387451171875
3399,cut2,3399,POPC,1120,149.28244018554688,186.45790100097656,49.5406608581543
3399,cut2,3399,POPC,1121,111.041259765625,96.94526672363281,38.5814094543457
3399,cut2,3399,POPC,1122,63.02228546142578,62.7584342956543,50.00886154174805
3399,cut2,3399,POPC,1123,156.22808837890625,228.91371154785156,53.63981246948242
3399,cut2,3399,POPC,1124,21.98763084411621,226.087890625,54.08768081665039
3399,cut2,3399,POPC,1125,58.62253189086914,134.03842163085938,33.63835525512695
3399,cut2,3399,POPC,1126,116.69625091552734,167.31063842773438,34.44606399536133
3399,cut2,3399,POPC,1127,30.04085922241211,25.125654220581055,55.64674377441406
3399,cut2,3399,POPC,1128,22.814035415649414,236.77415466308594,47.061466217041016
3399,cut2,3399,POPC,1129,85.91426849365234,50.58405685424805,58.16102600097656
3399,cut2,3399,POPC,1130,106.99519348144531,179.71669006347656,31.870849609375
3399,cut2,3399,POPC,1131,196.33120727539062,91.47430419921875,57.32740402221679
3399,cut2,3399,POPC,1132,57.468994140625,56.923118591308594,48.1464729309082
3399,cut2,3399,POPC,1133,5.754302978515625,185.36070251464844,47.02699279785156
3399,cut2,3399,POPC,1134,42.701988220214844,34.54689407348633,57.86119842529297
3399,cut2,3399,POPC,1135,82.32388305664062,49.04703140258789,52.715538024902344
3399,cut2,3399,POPC,1136,153.5828094482422,156.4288787841797,45.521759033203125
3399,cut2,3399,POPC,1137,13.305858612060547,81.99663543701172,59.18349075317383
3399,cut2,3399,POPC,1138,181.47227478027344,114.60633850097656,58.73283004760742
3399,cut2,3399,POPC,1139,39.589019775390625,164.8157958984375,48.909263610839844
3399,cut2,3399,POPC,1140,48.94725036621094,38.630245208740234,57.48571014404297
3399,cut2,3399,POPC,1141,97.24455261230469,127.84819030761719,48.71144104003906
3399,cut2,3399,POPC,1142,63.880985260009766,19.6761417388916,57.52874755859375
3399,cut2,3399,POPC,1143,183.93716430664062,21.430814743041992,56.253273010253906
3399,cut2,3399,SAPI,1144,80.65005493164062,41.773948669433594,51.13857650756836
3399,cut2,3399,SAPI,1145,65.32514190673828,140.2980194091797,40.06102752685547
3399,cut2,3399,SAPI,1146,117.80538177490234,41.38863754272461,57.194705963134766
3399,cut2,3399,SAPI,1147,23.582265853881836,43.41256332397461,53.28156280517578
3399,cut2,3399,SAPI,1148,32.530208587646484,142.34637451171875,42.61522674560547
3399,cut2,3399,SAPI,1149,9.495480537414553,156.28009033203125,43.39938735961914
3399,cut2,3399,SAPI,1150,176.62503051757812,145.15890502929685,52.414546966552734
3399,cut2,3399,SAPI,1151,112.89958190917969,161.67401123046875,31.535465240478516
3399,cut2,3399,SAPI,1152,9.08902645111084,140.1052703857422,46.03681564331055
3399,cut2,3399,SAPI,1153,79.74118041992188,201.81617736816406,49.81572723388672
3399,cut2,3399,SAPI,1154,96.24424743652344,241.58419799804688,55.141693115234375
3399,cut2,3399,SAPI,1155,143.8308868408203,31.067094802856445,58.13055419921875
3399,cut2,3399,SAPI,1156,126.7091522216797,142.47088623046875,36.839786529541016
3399,cut2,3399,SAPI,1157,131.91053771972656,23.005826950073242,51.63531494140625
3399,cut2,3399,SAPI,1158,186.93446350097656,92.84710693359375,59.12843322753906
3399,cut2,3399,SAPI,1159,77.42559051513672,88.77383422851562,43.655086517333984
3399,cut2,3399,SAPI,1160,136.443115234375,212.676513671875,49.96698760986328
3399,cut2,3399,SAPI,1161,72.50875854492188,91.56464385986328,43.49746322631836
3399,cut2,3399,SAPI,1162,135.8634490966797,124.97840118408203,40.42345428466797
3399,cut2,3399,SAPI,1163,171.6926727294922,89.12089538574219,54.73092651367188
3399,cut2,3399,SAPI,1164,168.20901489257815,119.54361724853516,53.91598129272461
3399,cut2,3399,SAPI,1165,153.04714965820312,104.41045379638672,54.17023849487305
3399,cut2,3399,SAPI,1166,2.4314889907836914,99.76887512207031,54.17365264892578
3399,cut2,3399,SAPI,1167,184.96807861328125,220.81607055664062,48.61127471923828
3399,cut2,3399,SAPI,1168,163.2698211669922,221.45445251464844,50.662994384765625
3399,cut2,3399,SAPI,1169,164.46958923339844,61.0542106628418,57.33388137817383
3399,cut2,3399,SAPI,1170,80.22867584228517,190.7106170654297,44.01560592651367
3399,cut2,3399,SAPI,1171,101.69306182861328,227.7412109375,54.2471923828125
3399,cut2,3399,SAPI,1172,105.95875549316406,162.90145874023438,31.193824768066403
3399,cut2,3399,SAPI,1173,142.43360900878906,26.363765716552734,55.07067108154297
3399,cut2,3399,SAPI,1174,89.1923828125,89.43705749511719,45.76470184326172
3399,cut2,3399,SAPI,1175,92.2198257446289,209.1133575439453,52.707271575927734
3399,cut2,3399,SAPI,1176,139.5225830078125,-4.865220069885254,51.61997604370117
3399,cut2,3399,SAPI,1177,35.835208892822266,3.8239288330078125,55.529415130615234
3399,cut2,3399,SAPI,1178,77.04267120361328,163.9536590576172,36.474246978759766
3399,cut2,3399,SAPI,1179,120.65217590332031,0.4048808813095093,53.88645553588867
3399,cut2,3399,SAPI,1180,129.51812744140625,149.34095764160156,38.038570404052734
3399,cut2,3399,SAPI,1181,57.832210540771484,122.25540924072266,33.102935791015625
