,System,Frame,Resname,Resnum,X,Y,Z
1100,cut2,1100,POPC,0,175.9735107421875,104.67628479003906,97.87902069091797
1100,cut2,1100,POPC,1,28.458641052246094,167.3791961669922,82.53317260742188
1100,cut2,1100,POPC,2,162.6962432861328,29.888771057128906,95.62010192871094
1100,cut2,1100,POPC,3,131.85931396484375,133.77236938476562,86.14552307128906
1100,cut2,1100,POPC,4,16.118120193481445,207.48423767089844,81.79923248291016
1100,cut2,1100,POPC,5,159.47828674316406,183.0588836669922,85.40859985351562
1100,cut2,1100,POPC,6,195.8185272216797,210.92434692382812,89.4931411743164
1100,cut2,1100,POPC,7,48.23082733154297,49.330299377441406,94.50757598876953
1100,cut2,1100,POPC,8,36.6983528137207,213.22567749023438,86.78050994873047
1100,cut2,1100,POPC,9,135.05767822265625,153.97984313964844,84.64337921142578
1100,cut2,1100,POPC,10,123.5694351196289,182.64280700683594,80.62762451171875
1100,cut2,1100,POPC,11,2.270318031311035,173.09735107421878,79.58186340332031
1100,cut2,1100,POPC,12,191.12721252441406,205.22943115234375,87.38431549072266
1100,cut2,1100,POPC,13,152.44168090820312,212.97750854492188,84.26493835449219
1100,cut2,1100,POPC,14,108.93038940429688,164.0150146484375,72.0907974243164
1100,cut2,1100,POPC,15,163.17701721191406,198.82791137695312,82.43547821044923
1100,cut2,1100,POPC,16,72.2635498046875,140.20787048339844,75.1844482421875
1100,cut2,1100,POPC,17,98.95218658447266,89.30967712402344,79.27281951904297
1100,cut2,1100,POPC,18,28.613059997558594,73.02618408203125,98.486572265625
1100,cut2,1100,POPC,19,93.58758544921875,22.334074020385742,95.82350158691406
1100,cut2,1100,POPC,20,135.8134002685547,213.4781036376953,84.35485076904297
1100,cut2,1100,POPC,21,114.72428131103516,91.51443481445312,78.1386947631836
1100,cut2,1100,POPC,22,100.62173461914062,237.8978729248047,95.45242309570312
1100,cut2,1100,POPC,23,96.71489715576172,32.66206359863281,100.31968688964844
1100,cut2,1100,POPC,24,16.53611183166504,40.622344970703125,94.88074493408203
1100,cut2,1100,POPC,25,167.21388244628906,206.2774658203125,85.51595306396484
1100,cut2,1100,POPC,26,67.82951354980469,161.2886505126953,81.29988861083984
1100,cut2,1100,POPC,27,25.063465118408203,137.60870361328125,80.81160736083984
1100,cut2,1100,POPC,28,60.487606048583984,137.9444122314453,70.1652603149414
1100,cut2,1100,POPC,29,85.21009826660156,84.33631134033203,84.23306274414062
1100,cut2,1100,POPC,30,67.45494079589844,211.8092498779297,92.62841796875
1100,cut2,1100,POPC,31,139.2236785888672,223.48553466796875,83.52247619628906
1100,cut2,1100,POPC,32,21.32484245300293,211.46836853027344,85.22521209716797
1100,cut2,1100,POPC,33,89.76950073242188,94.00562286376953,81.0345458984375
1100,cut2,1100,POPC,34,56.5875358581543,178.01229858398438,84.25081634521484
1100,cut2,1100,POPC,35,181.85093688964844,61.27388381958008,97.24485778808594
1100,cut2,1100,POPC,36,68.25437927246094,89.59745025634766,85.71923828125
1100,cut2,1100,POPC,37,181.20150756835938,215.8060760498047,89.4824752807617
1100,cut2,1100,POPC,38,32.6266975402832,2.2113373279571533,93.63406372070312
1100,cut2,1100,POPC,39,30.43642807006836,27.401840209960938,98.41422271728516
1100,cut2,1100,POPC,40,102.41529846191406,95.98665618896484,79.15563201904297
1100,cut2,1100,POPC,41,118.27071380615234,36.79643249511719,92.7077865600586
1100,cut2,1100,POPC,42,167.94081115722656,138.75228881835938,86.4707260131836
1100,cut2,1100,POPC,43,61.5304069519043,93.77542114257812,86.28424835205078
1100,cut2,1100,POPC,44,37.607444763183594,185.0307159423828,84.72095489501953
1100,cut2,1100,POPC,45,22.647865295410156,237.5240478515625,94.5811767578125
1100,cut2,1100,POPC,46,57.17232894897461,197.8452606201172,89.8092269897461
1100,cut2,1100,POPC,47,192.22557067871094,84.36886596679688,99.00450134277344
1100,cut2,1100,POPC,48,30.950668334960938,58.788150787353516,95.7972183227539
1100,cut2,1100,POPC,49,40.974464416503906,1.697287678718567,95.48431396484375
1100,cut2,1100,POPC,50,81.09820556640625,178.51123046875,81.93449401855469
1100,cut2,1100,POPC,51,102.78988647460938,186.8756561279297,70.66177368164062
1100,cut2,1100,POPC,52,140.44444274902344,70.96057891845703,86.54219818115233
1100,cut2,1100,POPC,53,1.2467288970947266,11.05664348602295,92.21739959716797
1100,cut2,1100,POPC,54,131.7410125732422,194.72982788085938,80.72248077392578
1100,cut2,1100,POPC,55,134.63121032714844,189.11669921875,81.75714111328125
1100,cut2,1100,POPC,56,43.0380744934082,56.31731033325195,96.5958251953125
1100,cut2,1100,POPC,57,-1.6811628341674805,201.86712646484375,88.82083129882812
1100,cut2,1100,POPC,58,7.073695182800293,169.08157348632812,78.7557373046875
1100,cut2,1100,POPC,59,186.6404266357422,187.78977966308594,86.55657196044922
1100,cut2,1100,POPC,60,176.35516357421875,189.38980102539062,86.24911499023438
1100,cut2,1100,POPC,61,0.9058408141136169,193.61761474609375,86.20836639404297
1100,cut2,1100,POPC,62,67.4819107055664,64.16169738769531,92.75287628173828
1100,cut2,1100,POPC,63,154.35275268554688,20.936342239379883,97.54069519042969
1100,cut2,1100,POPC,64,111.63455963134766,136.98001098632812,75.31652069091797
1100,cut2,1100,POPC,65,58.52092361450195,67.27690124511719,95.36328125
1100,cut2,1100,POPC,66,10.238604545593262,207.68136596679688,84.56871795654297
1100,cut2,1100,POPC,67,196.8596649169922,167.24803161621094,81.76270294189453
1100,cut2,1100,POPC,68,143.27464294433594,209.8135223388672,86.1898193359375
1100,cut2,1100,POPC,69,83.47100067138672,67.92372131347656,84.9627685546875
1100,cut2,1100,POPC,70,104.04788970947266,197.94618225097656,48.39724349975586
1100,cut2,1100,POPC,71,173.40330505371094,92.75434875488281,95.0750732421875
1100,cut2,1100,POPC,72,167.38063049316406,81.29579162597656,99.08441925048828
1100,cut2,1100,POPC,73,201.694580078125,131.95181274414062,78.99243927001953
1100,cut2,1100,POPC,74,158.5789337158203,239.8336944580078,91.56255340576172
1100,cut2,1100,POPC,75,50.6760025024414,166.42738342285156,78.87796020507812
1100,cut2,1100,POPC,76,126.40199279785156,160.51776123046875,83.37360382080078
1100,cut2,1100,POPC,77,134.47364807128906,-4.333022117614746,87.8895492553711
1100,cut2,1100,POPC,78,155.41119384765625,152.66021728515625,88.32283020019531
1100,cut2,1100,POPC,79,21.192291259765625,94.15176391601562,57.54950714111328
1100,cut2,1100,POPC,80,64.2879638671875,33.53393554687501,92.46151733398438
1100,cut2,1100,POPC,81,74.92559051513672,199.3569793701172,92.655517578125
1100,cut2,1100,POPC,82,38.33635330200195,37.40671157836914,95.02045440673828
1100,cut2,1100,POPC,83,39.49358367919922,206.09423828125,86.1299819946289
1100,cut2,1100,POPC,84,74.16857147216797,150.3572998046875,77.74706268310547
1100,cut2,1100,POPC,85,118.89614868164062,84.61968994140624,77.53575897216797
1100,cut2,1100,POPC,86,42.53432846069336,106.38589477539062,81.63504791259766
1100,cut2,1100,POPC,87,36.55615997314453,20.493520736694336,99.17326354980469
1100,cut2,1100,POPC,88,176.14234924316406,35.10069274902344,95.24239349365234
1100,cut2,1100,POPC,89,19.641756057739258,6.343996047973633,96.02828216552734
1100,cut2,1100,POPC,90,0.624626100063324,238.90438842773438,92.17085266113281
1100,cut2,1100,POPC,91,114.52774810791016,163.89898681640625,76.40885162353516
1100,cut2,1100,POPC,92,177.22218322753906,214.64234924316406,85.91268157958984
1100,cut2,1100,POPC,93,178.83934020996094,47.744422912597656,102.65132141113281
1100,cut2,1100,POPC,94,122.51761627197266,196.4599609375,78.61839294433594
1100,cut2,1100,POPC,95,143.72943115234375,136.96554565429688,88.35969543457031
1100,cut2,1100,POPC,96,107.34022521972656,122.8314437866211,51.55966567993164
1100,cut2,1100,POPC,97,59.658504486083984,101.8694076538086,84.61614990234375
1100,cut2,1100,POPC,98,87.382080078125,23.244367599487305,97.0704116821289
1100,cut2,1100,POPC,99,4.231443405151367,33.46735763549805,96.49288177490234
1100,cut2,1100,POPC,100,35.836875915527344,78.27413940429688,96.59062957763672
1100,cut2,1100,POPC,101,97.00112915039062,135.24710083007812,78.32886505126953
1100,cut2,1100,POPC,102,110.33599090576172,197.5832061767578,79.20853424072266
1100,cut2,1100,POPC,103,79.13675689697266,43.658329010009766,94.07376098632812
1100,cut2,1100,POPC,104,6.693551063537598,10.179047584533691,94.06417846679688
1100,cut2,1100,POPC,105,16.01234245300293,82.10942840576172,98.59917449951172
1100,cut2,1100,POPC,106,153.3179168701172,225.6996307373047,85.0136489868164
1100,cut2,1100,POPC,107,54.84489059448243,46.22995376586914,93.82722473144531
1100,cut2,1100,POPC,108,129.99314880371094,44.45793533325195,88.08992004394531
1100,cut2,1100,POPC,109,155.7285919189453,26.53823471069336,99.83353424072266
1100,cut2,1100,POPC,110,15.282002449035645,235.19776916503906,93.75141906738281
1100,cut2,1100,POPC,111,127.344970703125,99.50047302246094,78.36939239501953
1100,cut2,1100,POPC,112,91.67765045166016,55.59465026855469,93.88343048095703
1100,cut2,1100,POPC,113,106.3773422241211,23.374399185180664,98.7778549194336
1100,cut2,1100,POPC,114,51.403568267822266,19.617673873901367,100.85387420654297
1100,cut2,1100,POPC,115,22.355541229248047,47.28067398071289,94.30806732177733
1100,cut2,1100,POPC,116,126.7589340209961,81.78307342529297,77.93562316894531
1100,cut2,1100,POPC,117,124.24604034423828,209.69944763183594,80.57268524169922
1100,cut2,1100,POPC,118,181.65147399902344,69.04310607910156,101.55205535888672
1100,cut2,1100,POPC,119,94.36001586914062,62.660770416259766,86.57611083984375
1100,cut2,1100,POPC,120,187.90086364746094,3.1269896030426025,92.01622009277344
1100,cut2,1100,POPC,121,36.16570281982422,198.31182861328125,86.36927795410156
1100,cut2,1100,POPC,122,81.90791320800781,75.13002014160156,84.7472915649414
1100,cut2,1100,POPC,123,149.5395965576172,172.51649475097656,82.92882537841795
1100,cut2,1100,POPC,124,123.90299987792969,127.8046875,82.90702056884766
1100,cut2,1100,POPC,125,55.689998626708984,1.4579888582229614,96.42015838623048
1100,cut2,1100,POPC,126,42.141948699951165,41.571754455566406,94.06600189208984
1100,cut2,1100,POPC,127,52.21128463745117,173.6284942626953,83.55615234375
1100,cut2,1100,POPC,128,137.03025817871094,133.6133575439453,87.59465026855469
1100,cut2,1100,POPC,129,22.938987731933594,200.38536071777344,81.94095611572266
1100,cut2,1100,POPC,130,69.09587097167969,217.29786682128906,51.94947052001953
1100,cut2,1100,POPC,131,103.19559478759766,137.36146545410153,46.54227066040039
1100,cut2,1100,POPC,132,76.20890045166016,207.5625762939453,92.4024887084961
1100,cut2,1100,POPC,133,186.76072692871094,239.9478759765625,86.94175720214844
1100,cut2,1100,POPC,134,8.654911994934082,45.228538513183594,94.7784194946289
1100,cut2,1100,POPC,135,131.99070739746094,205.48965454101562,85.69245147705078
1100,cut2,1100,POPC,136,78.04513549804688,54.62734603881836,88.81101989746094
1100,cut2,1100,POPC,137,23.70589828491211,14.637063026428223,98.34285736083984
1100,cut2,1100,POPC,138,155.71188354492188,178.55776977539062,85.63591003417969
1100,cut2,1100,POPC,139,143.90341186523438,165.62782287597656,85.9551773071289
1100,cut2,1100,POPC,140,7.463240623474121,102.78282165527344,96.51997375488281
1100,cut2,1100,POPC,141,181.2093505859375,54.98783493041992,98.4515151977539
1100,cut2,1100,POPC,142,36.26430130004883,143.14410400390625,77.09713745117188
1100,cut2,1100,POPC,143,138.65284729003906,140.1876983642578,87.09923553466797
1100,cut2,1100,POPC,144,132.52249145507812,119.894287109375,86.52987670898438
1100,cut2,1100,POPC,145,185.51760864257812,96.2503662109375,99.90966796875
1100,cut2,1100,POPC,146,84.78073120117188,40.764305114746094,94.11929321289062
1100,cut2,1100,POPC,147,179.71458435058594,98.55126953125,99.50067138671875
1100,cut2,1100,POPC,148,164.5286865234375,13.630511283874512,93.17211151123047
1100,cut2,1100,POPC,149,51.41868209838867,202.19085693359375,92.20943450927734
1100,cut2,1100,POPC,150,134.70614624023438,75.21614074707031,82.72633361816406
1100,cut2,1100,POPC,151,6.333564758300781,93.26416778564453,98.36930084228516
1100,cut2,1100,POPC,152,12.80707836151123,35.379032135009766,97.66386413574219
1100,cut2,1100,POPC,153,181.8004150390625,83.3278579711914,98.09466552734375
1100,cut2,1100,POPC,154,119.10869598388672,147.7703399658203,77.73442840576172
1100,cut2,1100,POPC,155,28.730434417724606,176.46978759765625,85.6522445678711
1100,cut2,1100,POPC,156,15.15422534942627,100.66172790527344,98.2511978149414
1100,cut2,1100,POPC,157,65.99027252197266,104.3244400024414,84.5362548828125
1100,cut2,1100,POPC,158,27.582160949707035,233.42457580566406,92.29196166992188
1100,cut2,1100,POPC,159,26.548854827880863,131.0408935546875,76.48541259765625
1100,cut2,1100,POPC,160,192.82476806640625,78.1139907836914,98.08787536621094
1100,cut2,1100,POPC,161,13.471076011657715,180.76785278320312,83.70382690429688
1100,cut2,1100,POPC,162,103.99799346923828,102.354248046875,78.78150177001953
1100,cut2,1100,POPC,163,54.93696975708007,148.18125915527344,74.76712036132812
1100,cut2,1100,POPC,164,120.60773468017578,7.364361763000488,92.16197967529297
1100,cut2,1100,POPC,165,84.40021514892578,164.77679443359375,76.42452239990234
1100,cut2,1100,POPC,166,186.5686798095703,65.22332763671875,98.98812103271484
1100,cut2,1100,POPC,167,168.80548095703125,20.091665267944336,93.64022064208984
1100,cut2,1100,POPC,168,43.242549896240234,167.0714569091797,82.7168197631836
1100,cut2,1100,POPC,169,27.06708526611328,160.57376098632812,79.36933135986328
1100,cut2,1100,POPC,170,36.784549713134766,47.057334899902344,93.73338317871094
1100,cut2,1100,POPC,171,154.94346618652344,125.59049224853517,92.18384552001953
1100,cut2,1100,POPC,172,50.03943634033203,82.64480590820312,87.02980041503906
1100,cut2,1100,POPC,173,112.74496459960938,78.23712158203125,78.85564422607422
1100,cut2,1100,POPC,174,201.45538330078125,139.23269653320312,89.20503997802734
1100,cut2,1100,POPC,175,139.97276306152344,196.59182739257812,81.26414489746094
1100,cut2,1100,POPC,176,9.240155220031738,84.67211151123047,99.46544647216797
1100,cut2,1100,POPC,177,120.71905517578125,68.82071685791016,85.69943237304688
1100,cut2,1100,POPC,178,115.2130355834961,45.72941207885742,98.3051528930664
1100,cut2,1100,POPC,179,133.82913208007812,161.8101043701172,83.64542388916016
1100,cut2,1100,POPC,180,44.26673507690429,239.60260009765625,98.12354278564453
1100,cut2,1100,POPC,181,115.47442626953125,53.9702262878418,96.04922485351562
1100,cut2,1100,POPC,182,91.99774932861328,72.35425567626953,83.52967071533203
1100,cut2,1100,POPC,183,178.00018310546875,131.42132568359375,90.31305694580078
1100,cut2,1100,POPC,184,103.79901885986328,53.01007843017578,91.76527404785158
1100,cut2,1100,POPC,185,4.637910842895508,58.6343650817871,96.54180908203125
1100,cut2,1100,POPC,186,102.20930480957031,129.0928192138672,77.99808502197266
1100,cut2,1100,POPC,187,165.1737518310547,237.42446899414062,93.03936004638672
1100,cut2,1100,POPC,188,54.337615966796875,92.10135650634766,86.60231018066406
1100,cut2,1100,POPC,189,110.4787368774414,57.81416702270508,93.95255279541016
1100,cut2,1100,POPC,190,167.47105407714844,170.70469665527344,84.30900573730469
1100,cut2,1100,POPC,191,123.23686981201172,88.96508026123047,75.75312042236328
1100,cut2,1100,POPC,192,63.17690658569336,213.8136444091797,54.86343002319336
1100,cut2,1100,POPC,193,2.684149742126465,82.24915313720703,96.69777679443361
1100,cut2,1100,POPC,194,195.75099182128906,24.440868377685547,95.70318603515625
1100,cut2,1100,POPC,195,74.00279998779297,23.906204223632812,95.25630950927734
1100,cut2,1100,POPC,196,36.838279724121094,71.61358642578125,97.63308715820312
1100,cut2,1100,POPC,197,189.7541046142578,44.909786224365234,96.25389862060547
1100,cut2,1100,POPC,198,-0.7075930237770081,185.0889129638672,84.58386993408203
1100,cut2,1100,POPC,199,72.96668243408203,34.479087829589844,94.22652435302734
1100,cut2,1100,POPC,200,34.43256759643555,177.9566650390625,84.41529846191406
1100,cut2,1100,POPC,201,94.32230377197266,38.13479995727539,97.17701721191406
1100,cut2,1100,POPC,202,180.16873168945312,239.37782287597656,48.94358825683594
1100,cut2,1100,POPC,203,82.61482238769531,96.95008850097656,80.6204833984375
1100,cut2,1100,POPC,204,150.89857482910156,180.74241638183594,82.84764862060547
1100,cut2,1100,POPC,205,161.05723571777344,222.9944610595703,87.20989990234375
1100,cut2,1100,POPC,206,174.81690979003906,38.36715698242188,100.07621002197266
1100,cut2,1100,POPC,207,123.22428131103516,173.14907836914062,80.3665542602539
1100,cut2,1100,POPC,208,188.55990600585938,198.8066864013672,87.70117950439453
1100,cut2,1100,POPC,209,82.05502319335938,232.84454345703125,93.55931091308594
1100,cut2,1100,POPC,210,49.68332290649414,187.26699829101562,88.51773834228516
1100,cut2,1100,POPC,211,183.28121948242188,104.44607543945312,101.39810180664062
1100,cut2,1100,POPC,212,117.39381408691406,176.0635223388672,77.0785140991211
1100,cut2,1100,POPC,213,167.43072509765625,57.05096435546875,103.00201416015625
1100,cut2,1100,POPC,214,190.09625244140625,162.97988891601562,83.37460327148438
1100,cut2,1100,POPC,215,61.04159927368164,46.85084915161133,90.97334289550781
1100,cut2,1100,POPC,216,160.23495483398438,10.189486503601074,93.06071472167969
1100,cut2,1100,POPC,217,28.430152893066406,86.39348602294922,92.20398712158203
1100,cut2,1100,POPC,218,144.81195068359375,110.55756378173828,90.47633361816406
1100,cut2,1100,POPC,219,94.71183776855469,235.49795532226562,95.26765441894531
1100,cut2,1100,POPC,220,101.8418197631836,28.075294494628906,98.2853012084961
1100,cut2,1100,POPC,221,162.6732177734375,146.50424194335938,90.59175872802734
1100,cut2,1100,POPC,222,79.82306671142578,81.93203735351561,85.73583221435547
1100,cut2,1100,POPC,223,93.37091827392578,113.55154418945312,88.297607421875
1100,cut2,1100,POPC,224,11.693463325500488,29.705116271972656,94.53172302246094
1100,cut2,1100,POPC,225,173.99203491210938,184.03973388671875,89.18535614013672
1100,cut2,1100,POPC,226,182.62103271484375,207.3628692626953,87.02306365966797
1100,cut2,1100,POPC,227,15.975377082824709,129.59129333496094,76.11234283447266
1100,cut2,1100,POPC,228,171.10057067871094,27.87540054321289,91.71051025390625
1100,cut2,1100,POPC,229,75.7326889038086,107.34407043457031,83.44677734375
1100,cut2,1100,POPC,230,160.90106201171875,170.7987518310547,83.64434814453125
1100,cut2,1100,POPC,231,12.734366416931152,93.96065521240234,99.14550018310547
1100,cut2,1100,POPC,232,137.81524658203125,205.19668579101562,43.58164596557617
1100,cut2,1100,POPC,233,170.02442932128906,160.2038116455078,85.99984741210938
1100,cut2,1100,POPC,234,59.9205207824707,191.6946258544922,90.43260192871094
1100,cut2,1100,POPC,235,171.28623962402344,173.84939575195312,88.0699691772461
1100,cut2,1100,POPC,236,78.14698028564453,28.921443939208984,95.30760955810547
1100,cut2,1100,POPC,237,153.9383087158203,168.7017059326172,84.96524047851562
1100,cut2,1100,POPC,238,84.56668853759766,46.60691452026367,94.778564453125
1100,cut2,1100,POPC,239,45.37220001220703,154.03038024902344,76.97339630126953
1100,cut2,1100,POPC,240,68.41018676757812,147.2297821044922,78.60303497314453
1100,cut2,1100,POPC,241,187.36878967285156,11.993447303771973,89.48867797851562
1100,cut2,1100,POPC,242,20.886045455932617,97.7513198852539,96.14070129394531
1100,cut2,1100,POPC,243,131.4933319091797,66.81727600097656,84.44364166259766
1100,cut2,1100,POPC,244,85.64665222167969,146.6225128173828,76.52310180664062
1100,cut2,1100,POPC,245,180.040283203125,171.71643066406253,86.71988677978516
1100,cut2,1100,POPC,246,83.90778350830078,60.938411712646484,89.774658203125
1100,cut2,1100,POPC,247,99.61168670654297,237.29100036621094,56.979347229003906
1100,cut2,1100,POPC,248,202.55929565429688,72.68743133544922,98.25849151611328
1100,cut2,1100,POPC,249,71.96143341064453,54.479122161865234,90.80380249023438
1100,cut2,1100,POPC,250,22.37000274658203,89.8060531616211,95.94068908691406
1100,cut2,1100,POPC,251,129.53575134277344,51.504581451416016,90.24898529052734
1100,cut2,1100,POPC,252,142.87953186035156,101.57711791992188,76.56558990478516
1100,cut2,1100,POPC,253,1.3976573944091797,103.30390167236328,98.235107421875
1100,cut2,1100,POPC,254,20.607820510864258,122.07041931152344,72.60424804687499
1100,cut2,1100,POPC,255,60.6629524230957,215.53057861328125,92.35005187988281
1100,cut2,1100,POPC,256,117.3494873046875,160.6584014892578,81.05369567871094
1100,cut2,1100,POPC,257,70.72272491455078,81.53488159179688,88.65097045898438
1100,cut2,1100,POPC,258,60.650455474853516,224.3801727294922,95.86507415771484
1100,cut2,1100,POPC,259,56.031375885009766,157.08981323242188,78.24974060058594
1100,cut2,1100,POPC,260,85.34898376464844,55.846797943115234,93.06871032714844
1100,cut2,1100,POPC,261,65.18272399902344,43.2548713684082,94.27688598632812
1100,cut2,1100,POPC,262,52.73224639892578,101.26859283447266,85.60739898681642
1100,cut2,1100,POPC,263,98.04895782470703,41.79713821411133,93.12413787841797
1100,cut2,1100,POPC,264,112.79127502441406,85.46147918701172,79.15277099609375
1100,cut2,1100,POPC,265,47.108882904052734,14.777922630310059,100.0484619140625
1100,cut2,1100,POPC,266,174.66786193847656,121.5794677734375,94.31803894042969
1100,cut2,1100,POPC,267,56.02176284790039,228.4537811279297,96.4972915649414
1100,cut2,1100,POPC,268,132.8228302001953,181.23585510253906,79.37654876708984
1100,cut2,1100,POPC,269,108.75518035888673,176.7429962158203,74.01912689208984
1100,cut2,1100,POPC,270,137.708984375,13.44412899017334,96.94310760498047
1100,cut2,1100,POPC,271,18.05413818359375,144.99472045898438,80.07587432861328
1100,cut2,1100,POPC,272,6.686223030090332,164.44285583496094,81.32435607910156
1100,cut2,1100,POPC,273,191.72348022460938,62.84518051147461,97.4143295288086
1100,cut2,1100,POPC,274,110.83557891845703,65.5103759765625,92.0388412475586
1100,cut2,1100,POPC,275,149.68077087402344,130.69801330566406,89.13699340820312
1100,cut2,1100,POPC,276,146.1268310546875,127.53372192382812,48.233760833740234
1100,cut2,1100,POPC,277,85.97844696044922,227.17198181152344,92.09156036376953
1100,cut2,1100,POPC,278,111.716796875,102.9800796508789,80.87782287597656
1100,cut2,1100,POPC,279,164.16790771484375,5.285619735717773,90.69518280029297
1100,cut2,1100,POPC,280,0.0276698675006628,231.65884399414062,90.5975570678711
1100,cut2,1100,POPC,281,56.80781936645508,206.89105224609375,92.82980346679688
1100,cut2,1100,POPC,282,102.57892608642578,192.91648864746094,72.59974670410156
1100,cut2,1100,POPC,283,89.8438949584961,102.93339538574219,81.00657653808594
1100,cut2,1100,POPC,284,13.156126976013184,201.38980102539062,82.96006774902344
1100,cut2,1100,POPC,285,113.55180358886719,151.82449340820315,73.82988739013672
1100,cut2,1100,POPC,286,174.6548309326172,194.77520751953125,87.74502563476562
1100,cut2,1100,POPC,287,60.00675582885742,144.05877685546875,77.58587646484375
1100,cut2,1100,POPC,288,18.301593780517578,21.11105346679687,92.50955963134766
1100,cut2,1100,POPC,289,182.53219604492188,8.671299934387207,88.05182647705078
1100,cut2,1100,POPC,290,117.42005920410156,212.76910400390625,80.28917694091797
1100,cut2,1100,POPC,291,43.09548568725586,81.54496765136719,91.94829559326172
1100,cut2,1100,POPC,292,173.12173461914062,146.3535614013672,91.08003234863281
1100,cut2,1100,POPC,293,23.536109924316406,148.98385620117188,77.73194885253906
1100,cut2,1100,POPC,294,70.13715362548828,233.94406127929688,92.8963394165039
1100,cut2,1100,POPC,295,145.41380310058594,215.25958251953125,87.2065658569336
1100,cut2,1100,POPC,296,141.24229431152344,82.56224060058594,53.515480041503906
1100,cut2,1100,POPC,297,73.38796997070314,76.12088775634766,89.3833999633789
1100,cut2,1100,POPC,298,21.07045555114746,56.942665100097656,95.8685302734375
1100,cut2,1100,POPC,299,188.2759552001953,157.98472595214844,86.40711975097656
1100,cut2,1100,POPC,300,42.39179611206055,69.49693298339844,96.440673828125
1100,cut2,1100,POPC,301,40.79979705810547,100.3211898803711,90.36205291748047
1100,cut2,1100,POPC,302,26.804672241210938,19.72540855407715,94.4365234375
1100,cut2,1100,POPC,303,133.241455078125,87.8141860961914,79.92426300048828
1100,cut2,1100,POPC,304,125.5173110961914,203.56846618652344,77.81315612792969
1100,cut2,1100,POPC,305,93.88004302978516,226.83807373046875,88.49300384521484
1100,cut2,1100,POPC,306,19.974288940429688,154.10858154296875,79.91727447509766
1100,cut2,1100,POPC,307,84.69100189208984,105.66720581054688,82.71849822998047
1100,cut2,1100,POPC,308,83.25901794433594,13.0628080368042,100.78117370605469
1100,cut2,1100,POPC,309,99.10343170166016,49.802238464355476,91.86929321289062
1100,cut2,1100,POPC,310,113.92890930175781,34.166839599609375,96.1256103515625
1100,cut2,1100,POPC,311,13.759425163269043,157.56980895996094,83.20905303955078
1100,cut2,1100,POPC,312,43.46434783935547,23.842906951904297,97.66847229003906
1100,cut2,1100,POPC,313,194.2304229736328,68.60025787353516,98.78722381591797
1100,cut2,1100,POPC,314,176.1214599609375,143.28729248046875,86.60257720947266
1100,cut2,1100,POPC,315,57.88998031616211,83.26383209228516,84.28675079345703
1100,cut2,1100,POPC,316,9.379986763000488,194.00343322753906,84.4627685546875
1100,cut2,1100,POPC,317,130.77317810058594,200.62651062011716,79.39018249511719
1100,cut2,1100,POPC,318,193.89173889160156,236.92672729492188,89.37355804443361
1100,cut2,1100,POPC,319,73.77873992919922,187.6720733642578,86.9958724975586
1100,cut2,1100,POPC,320,76.44172668457031,13.192473411560059,97.97183227539062
1100,cut2,1100,POPC,321,101.28036499023438,108.8416748046875,79.18931579589844
1100,cut2,1100,POPC,322,94.54548645019531,4.505449295043945,97.8527603149414
1100,cut2,1100,POPC,323,31.788928985595703,10.890040397644043,97.07017517089844
1100,cut2,1100,POPC,324,49.46876907348633,78.07495880126953,90.71678161621094
1100,cut2,1100,POPC,325,27.265830993652344,222.3263397216797,89.06453704833984
1100,cut2,1100,POPC,326,146.4418487548828,231.44813537597656,86.05000305175783
1100,cut2,1100,POPC,327,43.10044860839844,63.62015151977539,97.42747497558594
1100,cut2,1100,POPC,328,96.69583129882812,100.07306671142578,78.85981750488281
1100,cut2,1100,POPC,329,194.1305694580078,18.612720489501953,93.38389587402344
1100,cut2,1100,POPC,330,88.2232666015625,232.6152801513672,96.98950195312501
1100,cut2,1100,POPC,331,42.10867691040039,177.64378356933594,86.28053283691406
1100,cut2,1100,POPC,332,157.40841674804688,132.42007446289062,92.23058319091797
1100,cut2,1100,POPC,333,129.78036499023438,15.81169605255127,94.39737701416016
1100,cut2,1100,POPC,334,141.72100830078125,203.6127471923828,87.15377044677734
1100,cut2,1100,POPC,335,184.16615295410156,16.919471740722656,91.54374694824219
1100,cut2,1100,POPC,336,18.744009017944332,77.5284423828125,95.81592559814453
1100,cut2,1100,POPC,337,47.52864074707031,130.50369262695312,71.57373046875
1100,cut2,1100,POPC,338,187.80841064453125,212.4422607421875,89.34507751464844
1100,cut2,1100,POPC,339,160.8203582763672,204.027099609375,84.9988784790039
1100,cut2,1100,POPC,340,62.6673469543457,69.8919677734375,92.58670043945312
1100,cut2,1100,POPC,341,178.40538024902344,223.15211486816406,90.45545959472656
1100,cut2,1100,POPC,342,187.9244384765625,180.7706756591797,85.9060287475586
1100,cut2,1100,POPC,343,175.6031036376953,165.7991485595703,86.98143005371094
1100,cut2,1100,POPC,344,180.71559143066406,40.91289138793945,98.83488464355469
1100,cut2,1100,POPC,345,141.7080841064453,85.86588287353516,81.22076416015625
1100,cut2,1100,POPC,346,168.91441345214844,130.31227111816406,93.42965698242188
1100,cut2,1100,POPC,347,195.7491912841797,183.7722625732422,43.35019302368164
1100,cut2,1100,POPC,348,99.0170669555664,79.23779296875,81.90242767333984
1100,cut2,1100,POPC,349,177.2529296875,11.1306734085083,91.57206726074219
1100,cut2,1100,POPC,350,40.949684143066406,234.9239959716797,96.87246704101562
1100,cut2,1100,POPC,351,23.406845092773438,176.0122528076172,82.60769653320312
1100,cut2,1100,POPC,352,154.5281982421875,11.913474082946777,95.37503051757814
1100,cut2,1100,POPC,353,142.33377075195312,186.99400329589844,82.70953369140625
1100,cut2,1100,POPC,354,73.52446746826172,225.9491729736328,91.845458984375
1100,cut2,1100,POPC,355,84.82056427001953,171.69065856933594,76.84001159667969
1100,cut2,1100,POPC,356,115.9072036743164,13.698258399963379,96.27493286132812
1100,cut2,1100,POPC,357,162.2241668701172,229.61599731445312,91.7341537475586
1100,cut2,1100,POPC,358,157.74766540527344,112.23333740234375,99.51265716552734
1100,cut2,1100,POPC,359,122.32193756103516,218.26754760742188,79.95926666259766
1100,cut2,1100,POPC,360,111.2598876953125,155.20050048828128,66.89717864990234
1100,cut2,1100,POPC,361,4.934255599975585,20.608051300048828,93.23619842529297
1100,cut2,1100,POPC,362,130.82913208007812,145.9252624511719,87.35074615478516
1100,cut2,1100,POPC,363,55.25220870971679,123.65300750732422,70.86277770996094
1100,cut2,1100,POPC,364,94.39678192138672,84.11161041259766,82.91863250732422
1100,cut2,1100,POPC,365,153.80113220214844,119.4829330444336,93.26471710205078
1100,cut2,1100,POPC,366,169.8970947265625,111.45121002197266,95.29068756103516
1100,cut2,1100,POPC,367,195.65721130371094,91.09107971191406,98.36587524414062
1100,cut2,1100,POPC,368,163.91250610351562,91.86162567138672,95.50650787353516
1100,cut2,1100,POPC,369,89.22399139404297,2.190044641494751,101.21146392822266
1100,cut2,1100,POPC,370,35.352325439453125,236.2753448486328,94.45670318603516
1100,cut2,1100,POPC,371,68.40782928466797,192.78643798828125,91.2778091430664
1100,cut2,1100,POPC,372,35.047096252441406,229.3808135986328,92.92202758789062
1100,cut2,1100,POPC,373,33.907806396484375,41.299617767333984,93.0118179321289
1100,cut2,1100,POPC,374,11.336808204650879,51.87242126464844,96.24929809570312
1100,cut2,1100,POPC,375,71.94720458984375,5.268878936767578,98.2177734375
1100,cut2,1100,POPC,376,103.94963836669922,83.74239349365234,81.18741607666016
1100,cut2,1100,POPC,377,125.14967346191406,152.01039123535156,81.95500183105469
1100,cut2,1100,POPC,378,43.438907623291016,89.35609436035156,87.78456115722656
1100,cut2,1100,POPC,379,177.82020568847656,25.857505798339844,94.68782806396484
1100,cut2,1100,POPC,380,7.004158973693848,233.39903259277344,92.5627670288086
1100,cut2,1100,POPC,381,78.31845092773438,127.4447021484375,68.79932403564453
1100,cut2,1100,POPC,382,26.354965209960938,216.19253540039062,82.91315460205078
1100,cut2,1100,POPC,383,62.97230911254883,156.23179626464844,78.61927032470703
1100,cut2,1100,POPC,384,134.48922729492188,173.83279418945312,82.20894622802734
1100,cut2,1100,POPC,385,123.23735809326172,53.73221969604492,95.26805877685547
1100,cut2,1100,POPC,386,36.58942794799805,90.08214569091797,89.92666625976562
1100,cut2,1100,POPC,387,64.52784729003906,128.0111541748047,71.255615234375
1100,cut2,1100,POPC,388,29.81760025024414,47.167724609375,94.74172973632812
1100,cut2,1100,POPC,389,139.29324340820312,20.005395889282227,97.41188049316406
1100,cut2,1100,POPC,390,173.1938934326172,228.81951904296875,87.92733764648438
1100,cut2,1100,POPC,391,95.54936218261719,139.63157653808594,74.50641632080078
1100,cut2,1100,POPC,392,158.92835998535156,194.41909790039062,82.38739013671875
1100,cut2,1100,POPC,393,65.02770233154297,242.82957458496094,94.77496337890625
1100,cut2,1100,POPC,394,175.4918670654297,120.44464111328125,57.639217376708984
1100,cut2,1100,POPC,395,75.16351318359375,165.2101287841797,81.41767120361328
1100,cut2,1100,POPC,396,117.09393310546875,143.55198669433594,73.94001007080078
1100,cut2,1100,POPC,397,17.198219299316406,194.3395233154297,86.2713851928711
1100,cut2,1100,POPC,398,57.76767349243164,54.66937255859375,94.5364990234375
1100,cut2,1100,POPC,399,164.48756408691406,109.53067779541016,98.05209350585936
1100,cut2,1100,POPC,400,77.45475769042969,4.655697822570801,97.91445922851562
1100,cut2,1100,POPC,401,170.63522338867188,202.2895050048828,87.92427062988281
1100,cut2,1100,POPC,402,115.30438995361328,136.8998260498047,82.39289093017578
1100,cut2,1100,POPC,403,58.16153335571289,234.65707397460938,94.12738800048828
1100,cut2,1100,POPC,404,16.862167358398438,213.62461853027344,88.90918731689453
1100,cut2,1100,POPC,405,53.7032585144043,141.70315551757812,75.18234252929688
1100,cut2,1100,POPC,406,33.00137710571289,136.96052551269534,79.35175323486328
1100,cut2,1100,POPC,407,47.35075759887695,211.4031219482422,92.5759963989258
1100,cut2,1100,POPC,408,165.9132843017578,69.6817855834961,99.36161041259766
1100,cut2,1100,POPC,409,176.27359008789062,3.5178139209747314,91.51219940185547
1100,cut2,1100,POPC,410,73.60391998291016,42.585845947265625,92.0230484008789
1100,cut2,1100,POPC,411,104.38401794433594,45.32490921020508,92.822265625
1100,cut2,1100,POPC,412,79.17832946777344,105.67408752441406,76.6916732788086
1100,cut2,1100,POPC,413,51.638916015625,194.13340759277344,91.53771209716797
1100,cut2,1100,POPC,414,143.3367462158203,25.516258239746094,92.5428695678711
1100,cut2,1100,POPC,415,33.74751663208008,31.463268280029297,98.4532699584961
1100,cut2,1100,POPC,416,9.556828498840332,184.22779846191406,86.26102447509766
1100,cut2,1100,POPC,417,131.5618438720703,168.5995635986328,80.59697723388672
1100,cut2,1100,POPC,418,21.775375366210938,35.639469146728516,97.5656204223633
1100,cut2,1100,POPC,419,82.85042572021486,88.4364013671875,80.4205551147461
1100,cut2,1100,POPC,420,74.87906646728516,64.78409576416016,88.23310852050781
1100,cut2,1100,POPC,421,67.03826904296875,58.30854415893555,90.72967529296875
1100,cut2,1100,POPC,422,39.91972732543945,172.67601013183594,83.65348815917969
1100,cut2,1100,POPC,423,61.79597854614258,7.382516860961914,95.2635726928711
1100,cut2,1100,POPC,424,153.66441345214844,142.6030578613281,92.71073913574219
1100,cut2,1100,POPC,425,142.3390350341797,156.23452758789062,86.15094757080078
1100,cut2,1100,POPC,426,17.695823669433594,241.02857971191406,92.46138763427734
1100,cut2,1100,POPC,427,126.84627532958984,93.65182495117188,77.55287170410156
1100,cut2,1100,POPC,428,153.86570739746094,219.32456970214844,86.01371002197266
1100,cut2,1100,POPC,429,26.335399627685547,53.7245979309082,95.86100769042969
1100,cut2,1100,POPC,430,199.3551788330078,45.18867111206055,92.53429412841797
1100,cut2,1100,POPC,431,135.1619873046875,58.6231575012207,89.01519775390625
1100,cut2,1100,POPC,432,196.0479736328125,52.665653228759766,95.60499572753906
1100,cut2,1100,POPC,433,169.263916015625,32.44456100463867,95.0840072631836
1100,cut2,1100,POPC,434,41.71494674682617,214.7573699951172,92.44959259033203
1100,cut2,1100,POPC,435,60.300655364990234,23.881328582763672,96.80640411376953
1100,cut2,1100,POPC,436,105.23023986816406,229.9587860107422,93.77845001220703
1100,cut2,1100,POPC,437,151.80552673339844,162.62020874023438,88.47270965576172
1100,cut2,1100,POPC,438,126.41747283935547,187.9326171875,82.95152282714844
1100,cut2,1100,POPC,439,37.30333709716797,53.68611526489258,93.53594970703125
1100,cut2,1100,POPC,440,32.186580657958984,205.20399475097656,82.62666320800781
1100,cut2,1100,POPC,441,139.5577392578125,119.6107177734375,90.44441223144531
1100,cut2,1100,POPC,442,78.85347747802736,157.64968872070312,77.25067138671875
1100,cut2,1100,POPC,443,30.652362823486328,228.13816833496094,89.46815490722656
1100,cut2,1100,POPC,444,192.77670288085938,31.391658782958984,99.36190795898438
1100,cut2,1100,POPC,445,133.9499969482422,81.65827178955078,82.46124267578125
1100,cut2,1100,POPC,446,118.48094177246094,181.6212615966797,79.25651550292969
1100,cut2,1100,POPC,447,32.56292724609375,220.37429809570312,87.36163330078125
1100,cut2,1100,POPC,448,121.56271362304688,138.58351135253906,81.45852661132812
1100,cut2,1100,POPC,449,38.0250244140625,132.90086364746094,79.94135284423828
1100,cut2,1100,POPC,450,116.20599365234375,169.7408447265625,76.9903335571289
1100,cut2,1100,POPC,451,67.94719696044922,95.06707000732422,85.90416717529297
1100,cut2,1100,POPC,452,29.223140716552734,144.45155334472656,78.6042251586914
1100,cut2,1100,POPC,453,127.4381332397461,73.47388458251953,81.745849609375
1100,cut2,1100,POPC,454,173.03338623046875,55.825958251953125,103.08633422851562
1100,cut2,1100,POPC,455,194.28823852539062,178.8083953857422,84.31948852539062
1100,cut2,1100,POPC,456,101.09564971923828,6.884376525878906,95.23241424560547
1100,cut2,1100,POPC,457,113.72379302978516,71.62364959716797,84.87005615234375
1100,cut2,1100,POPC,458,70.57906341552734,182.35403442382812,85.41905975341797
1100,cut2,1100,POPC,459,192.92950439453125,228.1999969482422,88.39009857177734
1100,cut2,1100,POPC,460,124.5721206665039,16.418283462524414,97.03465270996094
1100,cut2,1100,POPC,461,71.79022216796875,49.16776657104492,93.78648376464844
1100,cut2,1100,POPC,462,37.56632995605469,158.82931518554688,80.16791534423828
1100,cut2,1100,POPC,463,58.42378616333008,228.6450958251953,54.85401916503906
1100,cut2,1100,POPC,464,29.97168731689453,92.3574447631836,92.60599517822266
1100,cut2,1100,POPC,465,108.45958709716797,50.461177825927734,96.45024108886719
1100,cut2,1100,POPC,466,47.347938537597656,96.49809265136719,87.09441375732422
1100,cut2,1100,POPC,467,168.04861450195312,191.0951690673828,44.392662048339844
1100,cut2,1100,POPC,468,128.7982635498047,8.445635795593262,93.50225067138672
1100,cut2,1100,POPC,469,56.93788528442383,18.41033935546875,97.83291625976562
1100,cut2,1100,POPC,470,103.94145202636719,166.1998748779297,68.84918212890625
1100,cut2,1100,POPC,471,188.49400329589844,74.1955795288086,98.00499725341797
1100,cut2,1100,POPC,472,9.076735496520996,-0.7395613789558411,94.35655212402344
1100,cut2,1100,POPC,473,91.36615753173828,162.33599853515625,70.11245727539062
1100,cut2,1100,POPC,474,179.3343048095703,118.84571838378906,98.3326416015625
1100,cut2,1100,POPC,475,195.05538940429688,110.66869354248047,98.20975494384766
1100,cut2,1100,POPC,476,165.2906494140625,61.61745071411133,101.70022583007812
1100,cut2,1100,POPC,477,67.01419067382812,225.52743530273438,93.67144775390625
1100,cut2,1100,POPC,478,51.544532775878906,61.3836555480957,96.45842742919922
1100,cut2,1100,POPC,479,84.35718536376953,193.4998321533203,86.96920013427734
1100,cut2,1100,POPC,480,46.79854202270508,32.35851287841797,96.29552459716795
1100,cut2,1100,POPC,481,16.517723083496094,14.15413761138916,92.67364501953125
1100,cut2,1100,POPC,482,38.646263122558594,125.23450469970703,75.2982406616211
1100,cut2,1100,POPC,483,135.41354370117188,-0.11383088678121567,93.40309143066406
1100,cut2,1100,POPC,484,157.658203125,214.65713500976562,80.32300567626953
1100,cut2,1100,POPC,485,128.64599609375,146.68994140625,82.3628158569336
1100,cut2,1100,POPC,486,89.34495544433594,130.89892578125,81.5151824951172
1100,cut2,1100,POPC,487,174.08078002929688,75.90957641601562,100.05244445800781
1100,cut2,1100,POPC,488,32.44508743286133,160.47425842285156,83.1999740600586
1100,cut2,1100,POPC,489,19.760408401489258,63.1750373840332,96.62885284423828
1100,cut2,1100,POPC,490,41.39416885375977,190.6313934326172,85.92583465576172
1100,cut2,1100,POPC,491,115.93150329589844,189.10133361816406,77.6426010131836
1100,cut2,1100,POPC,492,141.7509002685547,59.05976486206055,88.4837417602539
1100,cut2,1100,POPC,493,43.32504653930664,144.44448852539062,74.89891052246094
1100,cut2,1100,POPC,494,162.22592163085938,153.99681091308594,90.09490203857422
1100,cut2,1100,POPC,495,110.6364974975586,148.45039367675784,68.89351654052734
1100,cut2,1100,POPC,496,73.98571014404297,219.67117309570312,94.105712890625
1100,cut2,1100,POPC,497,72.45381164550781,157.1476287841797,80.73066711425781
1100,cut2,1100,POPC,498,162.32235717773438,189.1908721923828,84.74015045166016
1100,cut2,1100,POPC,499,117.91365814208984,100.5196304321289,80.96759033203125
1100,cut2,1100,POPC,500,43.71626281738281,122.22880554199219,75.02664184570312
1100,cut2,1100,POPC,501,191.56529235839844,99.40491485595703,99.39405059814453
1100,cut2,1100,POPC,502,121.25633239746094,0.725085437297821,91.58959197998047
1100,cut2,1100,POPC,503,30.122730255126953,196.87716674804688,84.54693603515625
1100,cut2,1100,POPC,504,63.09804916381836,52.77646255493164,92.58753204345703
1100,cut2,1100,POPC,505,60.3248405456543,169.79376220703125,82.37027740478516
1100,cut2,1100,POPC,506,110.02066040039062,189.1532745361328,75.06735229492188
1100,cut2,1100,POPC,507,140.91920471191406,173.5419464111328,80.83242797851562
1100,cut2,1100,POPC,508,54.13015365600586,41.88365936279297,56.805049896240234
1100,cut2,1100,POPC,509,58.06563186645508,74.70174407958984,91.4684066772461
1100,cut2,1100,POPC,510,24.652957916259766,78.36944580078125,96.88892364501953
1100,cut2,1100,POPC,511,127.1559066772461,139.85733032226562,83.68302154541016
1100,cut2,1100,POPC,512,54.945026397705085,8.392054557800293,97.0576400756836
1100,cut2,1100,POPC,513,79.28868865966797,242.83749389648438,100.5736312866211
1100,cut2,1100,POPC,514,182.2622833251953,235.53697204589844,88.51177215576172
1100,cut2,1100,POPC,515,149.6150665283203,200.27175903320312,82.87796020507812
1100,cut2,1100,POPC,516,24.902767181396484,206.7288818359375,82.14070129394531
1100,cut2,1100,POPC,517,186.61631774902344,169.153076171875,84.02847290039062
1100,cut2,1100,POPC,518,17.12175178527832,134.16647338867188,78.7776870727539
1100,cut2,1100,POPC,519,108.99465179443358,79.05582427978516,83.5145034790039
1100,cut2,1100,POPC,520,171.57655334472656,211.25416564941406,85.51542663574219
1100,cut2,1100,POPC,521,93.65933227539062,126.5000228881836,82.65656280517578
1100,cut2,1100,POPC,522,101.53469848632812,60.88656997680664,87.29388427734375
1100,cut2,1100,POPC,523,24.565906524658203,25.238689422607422,96.43811798095703
1100,cut2,1100,POPC,524,149.0004425048828,151.9716796875,89.34986114501953
1100,cut2,1100,POPC,525,50.8985595703125,180.34226989746094,85.69281005859375
1100,cut2,1100,POPC,526,146.8556365966797,16.648218154907227,95.01541137695312
1100,cut2,1100,POPC,527,65.16595458984375,139.3411407470703,74.0286636352539
1100,cut2,1100,POPC,528,41.55009841918945,17.17466926574707,96.15155029296875
1100,cut2,1100,POPC,529,10.735846519470215,5.40537166595459,94.68199920654297
1100,cut2,1100,POPC,530,77.77953338623047,192.06520080566406,88.89505767822266
1100,cut2,1100,POPC,531,176.79656982421875,65.67842102050781,98.76140594482422
1100,cut2,1100,POPC,532,13.51401424407959,67.90272521972656,96.76181030273438
1100,cut2,1100,POPC,533,7.775670051574707,39.81987380981445,96.40666198730469
1100,cut2,1100,POPC,534,110.77251434326172,208.57479858398438,78.4164810180664
1100,cut2,1100,POPC,535,20.236875534057617,168.61734008789062,82.06705474853516
1100,cut2,1100,POPC,536,66.6624984741211,16.7825984954834,96.49117279052734
1100,cut2,1100,POPC,537,168.68267822265625,228.04661560058594,92.5188217163086
1100,cut2,1100,POPC,538,73.6619873046875,172.64878845214844,81.69064331054688
1100,cut2,1100,POPC,539,161.88674926757812,84.83367919921875,96.93049621582031
1100,cut2,1100,POPC,540,164.92359924316406,211.50196838378906,80.72959899902344
1100,cut2,1100,POPC,541,147.63491821289062,190.93173217773438,84.56981658935547
1100,cut2,1100,POPC,542,104.28866577148438,70.7481460571289,86.49559783935547
1100,cut2,1100,POPC,543,162.1627655029297,22.260738372802734,95.51008605957031
1100,cut2,1100,POPC,544,164.74266052246094,117.67112731933594,93.40367126464844
1100,cut2,1100,POPC,545,57.17023849487305,30.547290802001953,98.72413635253906
1100,cut2,1100,POPC,546,53.210182189941406,38.07272720336914,94.83197784423828
1100,cut2,1100,POPC,547,34.7596549987793,151.3172149658203,76.7739486694336
1100,cut2,1100,POPC,548,73.95921325683594,96.42279052734375,82.59996032714844
1100,cut2,1100,POPC,549,77.20291900634766,87.1678466796875,85.16288757324219
1100,cut2,1100,POPC,550,8.126679420471191,137.133544921875,78.37803649902344
1100,cut2,1100,POPC,551,88.46438598632812,14.686495780944824,101.1274642944336
1100,cut2,1100,POPC,552,192.50970458984375,190.120361328125,83.58277893066406
1100,cut2,1100,POPC,553,68.3770751953125,25.746944427490234,93.70453643798828
1100,cut2,1100,POPC,554,83.36307525634766,203.98554992675778,87.63127899169922
1100,cut2,1100,POPC,555,74.67884063720703,213.12672424316406,92.09786987304688
1100,cut2,1100,POPC,556,185.34164428710938,88.90011596679688,98.46681213378906
1100,cut2,1100,POPC,557,62.42814254760742,185.3177490234375,87.66377258300781
1100,cut2,1100,POPC,558,106.00109100341797,89.10592651367188,81.04254150390625
1100,cut2,1100,POPC,559,127.8740005493164,178.4605255126953,81.72425842285156
1100,cut2,1100,POPC,560,20.56913185119629,180.84378051757812,85.98590087890625
1100,cut2,1100,POPC,561,181.5089111328125,30.96215057373047,97.43738555908203
1100,cut2,1100,POPC,562,184.99453735351562,52.91529083251953,95.8825912475586
1100,cut2,1100,POPC,563,7.795336723327637,176.66635131835938,79.96671295166016
1100,cut2,1100,POPC,564,7.432560920715332,78.32769012451172,99.55065155029297
1100,cut2,1100,POPC,565,48.33493423461914,220.19525146484375,94.65833282470703
1100,cut2,1100,POPC,566,88.15586853027344,137.91670227050778,80.33307647705078
1100,cut2,1100,POPC,567,56.67292404174805,163.32400512695312,80.1326904296875
1100,cut2,1100,POPC,568,5.374191284179688,64.70691680908203,98.87323760986328
1100,cut2,1100,POPC,569,150.43238830566406,232.8534393310547,91.1950912475586
1100,cut2,1100,POPC,570,196.1587371826172,222.5582733154297,90.31361389160156
1100,cut2,1100,POPC,571,47.92082214355469,105.57919311523438,44.641998291015625
1100,cut2,1100,POPC,572,17.246660232543945,52.62474822998047,94.44757843017578
1100,cut2,1100,POPC,573,117.87627410888672,21.960445404052734,98.95748901367188
1100,cut2,1100,POPC,574,175.60836791992188,239.28997802734375,90.95939636230469
1100,cut2,1100,POPC,575,47.49468231201172,42.611572265625,96.43487548828125
1100,cut2,1100,POPC,576,163.86798095703125,132.80651855468753,92.02350616455078
1100,cut2,1100,POPC,577,138.7555694580078,180.84127807617188,80.8381118774414
1100,cut2,1100,POPC,578,42.44599151611328,161.91709899902344,78.97863006591797
1100,cut2,1100,POPC,579,176.36871337890625,136.6890106201172,88.05470275878906
1100,cut2,1100,POPC,580,142.0701446533203,146.7534637451172,89.94783782958984
1100,cut2,1100,POPC,581,103.04584503173828,181.055419921875,72.530029296875
1100,cut2,1100,POPC,582,22.006633758544922,229.71046447753906,90.40301513671875
1100,cut2,1100,POPC,583,179.8588104248047,181.85047912597656,87.16934967041016
1100,cut2,1100,POPC,584,168.7598876953125,108.78584289550781,62.52505874633789
1100,cut2,1100,POPC,585,65.11238098144531,232.77268981933594,96.242919921875
1100,cut2,1100,POPC,586,143.73886108398438,5.468920707702637,95.03558349609375
1100,cut2,1100,POPC,587,101.68740081787111,1.1129275560379028,95.0577621459961
1100,cut2,1100,POPC,588,19.274215698242188,219.57505798339844,89.447265625
1100,cut2,1100,POPC,589,194.45176696777344,37.63972473144531,99.26593780517578
1100,cut2,1100,POPC,590,44.601802825927734,135.38824462890625,74.78734588623047
1100,cut2,1100,POPC,591,87.36397552490234,152.94818115234375,76.23692321777344
1100,cut2,1100,POPC,592,52.8580322265625,209.32408142089844,50.90217208862305
1100,cut2,1100,POPC,593,6.524746894836426,24.911190032958984,93.55496215820312
1100,cut2,1100,POPC,594,168.17100524902344,220.8417510986328,83.4891357421875
1100,cut2,1100,POPC,595,73.5132827758789,240.09567260742185,93.04684448242188
1100,cut2,1100,POPC,596,116.42115020751953,195.39402770996094,77.71598052978516
1100,cut2,1100,POPC,597,105.40599060058594,147.9287109375,66.97846221923828
1100,cut2,1100,POPC,598,31.562789916992188,191.40577697753906,86.37165069580078
1100,cut2,1100,POPC,599,104.65607452392578,34.1009521484375,96.43511962890625
1100,cut2,1100,POPC,600,25.217777252197266,125.07013702392578,74.66475677490234
1100,cut2,1100,POPC,601,13.239115715026855,172.37570190429688,79.20389556884766
1100,cut2,1100,POPC,602,167.96670532226562,125.47798156738281,94.02682495117188
1100,cut2,1100,POPC,603,95.34989929199219,13.39734172821045,95.79647827148438
1100,cut2,1100,POPC,604,186.54672241210938,230.5209503173828,88.91443634033203
1100,cut2,1100,POPC,605,124.66513061523438,4.489333152770996,88.306884765625
1100,cut2,1100,POPC,606,148.52874755859375,0.33960023522377014,95.04859924316406
1100,cut2,1100,POPC,607,76.697265625,132.5428466796875,75.08134460449219
1100,cut2,1100,POPC,608,66.63844299316406,218.2918243408203,92.61074829101562
1100,cut2,1100,POPC,609,4.313447952270508,224.98614501953125,91.00187683105469
1100,cut2,1100,POPC,610,25.10776138305664,187.1635284423828,86.27769470214844
1100,cut2,1100,POPC,611,179.85281372070312,200.8385772705078,87.46670532226562
1100,cut2,1100,POPC,612,44.07184982299805,199.2850341796875,88.39962768554688
1100,cut2,1100,POPC,613,173.0932159423828,214.4602508544922,48.10163497924805
1100,cut2,1100,POPC,614,129.13156127929688,221.09600830078125,78.60420989990234
1100,cut2,1100,POPC,615,20.05830955505371,160.89996337890625,79.89603424072266
1100,cut2,1100,POPC,616,199.37460327148438,5.353052139282227,93.46370697021484
1100,cut2,1100,POPC,617,155.17005920410156,202.3623504638672,84.0707778930664
1100,cut2,1100,POPC,618,7.712279319763184,152.32766723632812,80.08560180664062
1100,cut2,1100,POPC,619,30.17357635498047,153.62088012695312,79.11641693115234
1100,cut2,1100,POPC,620,14.804491996765137,226.8833770751953,91.11595153808594
1100,cut2,1100,POPC,621,177.50045776367188,18.0803165435791,92.86006164550781
1100,cut2,1100,POPC,622,167.1391906738281,179.2341766357422,86.87274932861328
1100,cut2,1100,POPC,623,126.99656677246094,61.74953079223633,89.18853759765625
1100,cut2,1100,POPC,624,161.84292602539062,162.2107696533203,89.13409423828125
1100,cut2,1100,POPC,625,144.61520385742188,179.3365020751953,82.00142669677734
1100,cut2,1100,POPC,626,132.52259826660156,99.89996337890625,41.180702209472656
1100,cut2,1100,POPC,627,35.718082427978516,234.39259338378906,55.03669738769531
1100,cut2,1100,POPC,628,62.57429885864258,188.21981811523438,45.87548446655274
1100,cut2,1100,POPC,629,154.1237030029297,165.22393798828125,49.904502868652344
1100,cut2,1100,POPC,630,118.29381561279297,64.79960632324219,52.47034072875976
1100,cut2,1100,POPC,631,200.6887969970703,6.814737319946289,53.862064361572266
1100,cut2,1100,POPC,632,125.90240478515625,196.77667236328125,39.052818298339844
1100,cut2,1100,POPC,633,131.00732421875,153.37789916992188,42.29420852661133
1100,cut2,1100,POPC,634,84.55147552490234,226.33509826660156,51.73680877685547
1100,cut2,1100,POPC,635,135.7294158935547,15.076165199279785,51.6766357421875
1100,cut2,1100,POPC,636,27.529727935791016,158.7532501220703,40.4237060546875
1100,cut2,1100,POPC,637,29.700695037841797,246.49862670898438,57.43431854248047
1100,cut2,1100,POPC,638,89.33234405517578,31.444087982177734,53.16756057739258
1100,cut2,1100,POPC,639,73.72854614257812,194.23269653320312,45.43073272705078
1100,cut2,1100,POPC,640,10.976407051086426,232.74440002441406,48.85871887207031
1100,cut2,1100,POPC,641,188.9278564453125,168.9396209716797,41.30059814453125
1100,cut2,1100,POPC,642,175.47955322265625,190.96481323242188,46.8719367980957
1100,cut2,1100,POPC,643,64.37203979492188,207.0865478515625,52.0097770690918
1100,cut2,1100,POPC,644,38.083110809326165,88.1286392211914,54.40095520019532
1100,cut2,1100,POPC,645,189.06663513183594,75.50276184082031,59.143184661865234
1100,cut2,1100,POPC,646,190.47122192382812,8.156028747558594,54.94889068603515
1100,cut2,1100,POPC,647,176.19334411621094,38.07855987548828,56.24958801269531
1100,cut2,1100,POPC,648,164.87176513671875,145.7034912109375,53.60376739501953
1100,cut2,1100,POPC,649,177.1886749267578,75.70197296142578,61.2067756652832
1100,cut2,1100,POPC,650,184.6509246826172,191.35362243652344,46.843994140625
1100,cut2,1100,POPC,651,164.29896545410156,167.29960632324216,51.688133239746094
1100,cut2,1100,POPC,652,179.0449981689453,195.73516845703125,47.46333312988281
1100,cut2,1100,POPC,653,-3.878662109375,197.18161010742188,49.40116882324219
1100,cut2,1100,POPC,654,57.409732818603516,188.39260864257812,49.18821334838867
1100,cut2,1100,POPC,655,36.326961517333984,43.34736251831055,60.64993667602539
1100,cut2,1100,POPC,656,25.055908203125,7.6723432540893555,60.79879379272461
1100,cut2,1100,POPC,657,26.420337677001953,151.51979064941406,37.62788772583008
1100,cut2,1100,POPC,658,87.56940460205077,122.91571044921875,46.96577072143555
1100,cut2,1100,POPC,659,47.23142623901367,167.249267578125,43.14130783081055
1100,cut2,1100,POPC,660,83.26116180419922,43.910465240478516,52.0768928527832
1100,cut2,1100,POPC,661,35.88199234008789,60.1221809387207,52.448856353759766
1100,cut2,1100,POPC,662,169.44163513183594,51.292030334472656,66.7929458618164
1100,cut2,1100,POPC,663,138.60507202148438,182.85064697265625,37.25238800048828
1100,cut2,1100,POPC,664,12.93578815460205,45.32505798339844,55.52708053588867
1100,cut2,1100,POPC,665,188.8563690185547,206.0790557861328,54.79780960083008
1100,cut2,1100,POPC,666,150.98666381835938,144.6595001220703,48.0020637512207
1100,cut2,1100,POPC,667,-1.8685836791992188,99.9266357421875,61.63722610473633
1100,cut2,1100,POPC,668,162.81068420410156,154.81512451171875,48.243778228759766
1100,cut2,1100,POPC,669,144.51620483398438,138.33834838867188,42.17091369628906
1100,cut2,1100,POPC,670,185.6241455078125,16.453195571899414,56.914886474609375
1100,cut2,1100,POPC,671,71.48602294921875,78.98711395263672,47.69028091430664
1100,cut2,1100,POPC,672,193.3731689453125,203.18484497070312,52.22294235229492
1100,cut2,1100,POPC,673,100.39144897460938,26.399986267089844,58.67307662963867
1100,cut2,1100,POPC,674,175.80503845214844,56.026912689208984,62.71828079223633
1100,cut2,1100,POPC,675,64.8235855102539,182.0709686279297,46.802398681640625
1100,cut2,1100,POPC,676,70.24160766601562,84.40388488769531,44.950950622558594
1100,cut2,1100,POPC,677,144.11167907714844,204.35777282714844,42.18523406982422
1100,cut2,1100,POPC,678,51.816715240478516,238.7969970703125,58.31497573852539
1100,cut2,1100,POPC,679,77.9419174194336,3.3899729251861572,57.82365036010742
1100,cut2,1100,POPC,680,134.23907470703125,170.0063018798828,40.46849060058594
1100,cut2,1100,POPC,681,41.22148895263672,31.648895263671875,60.129703521728516
1100,cut2,1100,POPC,682,120.39393615722656,77.36849975585938,49.925533294677734
1100,cut2,1100,POPC,683,167.58270263671875,238.62557983398438,48.60376739501953
1100,cut2,1100,POPC,684,107.90283966064453,134.48941040039062,42.07273864746094
1100,cut2,1100,POPC,685,92.78144073486328,37.56999206542969,52.2579231262207
1100,cut2,1100,POPC,686,67.29019165039062,157.59169006347656,38.653099060058594
1100,cut2,1100,POPC,687,10.87275218963623,178.97605895996094,38.50782012939453
1100,cut2,1100,POPC,688,56.11211013793945,212.4196014404297,57.831241607666016
1100,cut2,1100,POPC,689,47.79402160644531,205.42779541015625,52.30520248413086
1100,cut2,1100,POPC,690,179.03855895996094,175.37335205078125,46.03173065185547
1100,cut2,1100,POPC,691,6.544390678405762,83.71107482910156,57.89677047729492
1100,cut2,1100,POPC,692,181.38343811035156,186.3201904296875,43.57710266113281
1100,cut2,1100,POPC,693,120.30084228515625,147.48947143554688,37.03004455566406
1100,cut2,1100,POPC,694,162.49378967285156,178.3882598876953,47.73091125488281
1100,cut2,1100,POPC,695,164.5965118408203,204.13372802734375,45.082801818847656
1100,cut2,1100,POPC,696,111.33478546142578,43.66443634033203,58.9289436340332
1100,cut2,1100,POPC,697,68.21482849121094,237.75154113769528,58.18262481689453
1100,cut2,1100,POPC,698,78.84957122802734,34.532955169677734,54.29181671142578
1100,cut2,1100,POPC,699,24.47152328491211,21.39044189453125,59.78633499145508
1100,cut2,1100,POPC,700,109.32049560546875,18.081493377685547,57.803871154785156
1100,cut2,1100,POPC,701,129.9669952392578,187.68531799316406,39.725791931152344
1100,cut2,1100,POPC,702,66.28291320800781,59.63435745239258,53.37046432495117
1100,cut2,1100,POPC,703,52.479103088378906,50.520263671875,50.436424255371094
1100,cut2,1100,POPC,704,90.28034210205078,215.9081573486328,51.087032318115234
1100,cut2,1100,POPC,705,87.7365493774414,221.7655792236328,50.0756950378418
1100,cut2,1100,POPC,706,50.3486213684082,214.4423828125,55.219120025634766
1100,cut2,1100,POPC,707,182.49966430664062,38.10160446166992,55.94771957397461
1100,cut2,1100,POPC,708,53.2220458984375,136.63514709472656,71.82593536376953
1100,cut2,1100,POPC,709,183.04164123535156,222.23304748535156,49.43300247192383
1100,cut2,1100,POPC,710,189.89500427246094,228.23756408691406,50.11177062988281
1100,cut2,1100,POPC,711,43.698081970214844,93.97145080566406,54.785675048828125
1100,cut2,1100,POPC,712,51.99360656738281,228.0546417236328,54.27309799194336
1100,cut2,1100,POPC,713,27.707996368408203,27.261795043945312,60.009525299072266
1100,cut2,1100,POPC,714,153.13125610351562,26.007919311523438,56.68941879272461
1100,cut2,1100,POPC,715,11.064265251159668,158.3584442138672,42.22013473510742
1100,cut2,1100,POPC,716,198.8116455078125,28.215614318847656,55.972183227539055
1100,cut2,1100,POPC,717,178.52467346191406,81.72669982910156,62.21332931518555
1100,cut2,1100,POPC,718,71.58893585205078,225.27320861816406,53.0523681640625
1100,cut2,1100,POPC,719,-0.9960909485816956,54.53614807128906,61.65614700317383
1100,cut2,1100,POPC,720,-1.4903855323791504,165.27587890625,43.19087219238281
1100,cut2,1100,POPC,721,105.43950653076172,98.33390808105469,40.5437126159668
1100,cut2,1100,POPC,722,159.93064880371094,213.53045654296875,48.27278137207031
1100,cut2,1100,POPC,723,99.9706039428711,166.82179260253906,34.079612731933594
1100,cut2,1100,POPC,724,102.51851654052734,242.51939392089844,56.5309944152832
1100,cut2,1100,POPC,725,199.7016448974609,239.52186584472656,53.735443115234375
1100,cut2,1100,POPC,726,96.0717544555664,46.68220901489258,52.24517059326172
1100,cut2,1100,POPC,727,23.86035919189453,219.24908447265625,47.61331558227539
1100,cut2,1100,POPC,728,60.73508834838867,75.55598449707031,49.688934326171875
1100,cut2,1100,POPC,729,20.47425079345703,43.106658935546875,57.36186599731445
1100,cut2,1100,POPC,730,62.3807258605957,15.880818367004395,58.45513153076172
1100,cut2,1100,POPC,731,59.652278900146484,178.49635314941406,47.03744888305664
1100,cut2,1100,POPC,732,195.19143676757812,162.07186889648438,46.75318908691406
1100,cut2,1100,POPC,733,123.3041763305664,23.043668746948242,53.42515563964844
1100,cut2,1100,POPC,734,151.62139892578125,152.2819366455078,48.844078063964844
1100,cut2,1100,POPC,735,57.64561080932617,201.05908203125003,52.183799743652344
1100,cut2,1100,POPC,736,6.002285003662109,200.66448974609375,45.62395477294922
1100,cut2,1100,POPC,737,-1.539980411529541,61.41859817504883,60.9521598815918
1100,cut2,1100,POPC,738,14.323712348937988,208.58193969726562,48.013858795166016
1100,cut2,1100,POPC,739,179.75375366210938,136.4307098388672,57.2271614074707
1100,cut2,1100,POPC,740,47.67747116088867,22.773014068603516,56.1232795715332
1100,cut2,1100,POPC,741,184.59991455078125,166.89337158203125,49.10110092163086
1100,cut2,1100,POPC,742,0.6320485472679138,220.8204345703125,47.04703903198242
1100,cut2,1100,POPC,743,75.73965454101562,218.86138916015625,51.63787078857422
1100,cut2,1100,POPC,744,103.85345458984375,20.99074363708496,57.625572204589844
1100,cut2,1100,POPC,745,68.43550109863281,192.61550903320312,46.14086151123047
1100,cut2,1100,POPC,746,155.57582092285156,158.41384887695312,51.55753707885742
1100,cut2,1100,POPC,747,-0.37586501240730286,152.39964294433594,45.01694107055664
1100,cut2,1100,POPC,748,113.0323257446289,61.0186882019043,51.765464782714844
1100,cut2,1100,POPC,749,28.789215087890625,193.04718017578125,44.04314804077148
1100,cut2,1100,POPC,750,102.92574310302734,73.27155303955078,46.208702087402344
1100,cut2,1100,POPC,751,75.1302261352539,237.58595275878906,56.93510437011719
1100,cut2,1100,POPC,752,73.37202453613281,24.293699264526367,59.95429611206055
1100,cut2,1100,POPC,753,179.6160430908203,24.765018463134766,58.27942657470703
1100,cut2,1100,POPC,754,147.70578002929688,218.79380798339847,52.25796127319336
1100,cut2,1100,POPC,755,125.4944839477539,205.0858612060547,44.57831954956055
1100,cut2,1100,POPC,756,29.974666595458984,224.38330078125,49.902305603027344
1100,cut2,1100,POPC,757,184.73355102539062,87.55569458007812,59.55439758300781
1100,cut2,1100,POPC,758,3.267568588256836,174.7407989501953,40.190452575683594
1100,cut2,1100,POPC,759,81.83500671386719,29.27332305908203,57.108070373535156
1100,cut2,1100,POPC,760,161.87278747558594,130.00091552734375,53.86445617675781
1100,cut2,1100,POPC,761,172.50523376464844,69.93309020996094,63.13576126098633
1100,cut2,1100,POPC,762,21.38923454284668,241.9952850341797,50.6185188293457
1100,cut2,1100,POPC,763,162.36117553710938,109.3512191772461,62.54509353637695
1100,cut2,1100,POPC,764,46.833465576171875,77.9217300415039,48.952239990234375
1100,cut2,1100,POPC,765,13.826672554016113,85.21830749511719,55.66679000854492
1100,cut2,1100,POPC,766,60.995975494384766,157.97903442382812,37.1717414855957
1100,cut2,1100,POPC,767,64.56360626220703,168.79115295410153,41.85146713256836
1100,cut2,1100,POPC,768,85.21561431884766,62.9065055847168,52.42476272583008
1100,cut2,1100,POPC,769,185.00946044921875,65.6424789428711,56.814151763916016
1100,cut2,1100,POPC,770,108.79315185546875,29.878482818603516,59.45384216308594
1100,cut2,1100,POPC,771,183.13848876953125,46.171661376953125,57.96339797973633
1100,cut2,1100,POPC,772,173.104248046875,5.835536956787109,51.27154541015625
1100,cut2,1100,POPC,773,27.39630889892578,48.23103332519531,57.169010162353516
1100,cut2,1100,POPC,774,45.39826583862305,24.315608978271484,60.7899284362793
1100,cut2,1100,POPC,775,157.5288848876953,133.19818115234375,48.572471618652344
1100,cut2,1100,POPC,776,192.77110290527344,20.91057586669922,55.0646858215332
1100,cut2,1100,POPC,777,143.8741912841797,179.5470428466797,40.91645812988281
1100,cut2,1100,POPC,778,171.5698699951172,200.66159057617188,47.12671661376953
1100,cut2,1100,POPC,779,13.327301979064941,221.7115478515625,47.720611572265625
1100,cut2,1100,POPC,780,3.107839584350586,162.0073699951172,41.47868347167969
1100,cut2,1100,POPC,781,91.40080261230469,235.40782165527344,56.493072509765625
1100,cut2,1100,POPC,782,142.0136260986328,122.8057861328125,48.9158821105957
1100,cut2,1100,POPC,783,53.317481994628906,178.4688720703125,47.427207946777344
1100,cut2,1100,POPC,784,105.51632690429688,46.25839614868164,55.8544807434082
1100,cut2,1100,POPC,785,15.389006614685059,3.971972703933716,53.366580963134766
1100,cut2,1100,POPC,786,173.14682006835938,176.83656311035156,48.07753372192383
1100,cut2,1100,POPC,787,154.50013732910156,216.47499084472656,49.40946578979492
1100,cut2,1100,POPC,788,43.43185043334961,195.9558563232422,45.20027542114258
1100,cut2,1100,POPC,789,122.12700653076172,4.926340103149414,50.884521484375
1100,cut2,1100,POPC,790,95.46630096435547,9.487504005432129,57.65317153930664
1100,cut2,1100,POPC,791,95.92308807373047,65.60486602783203,51.59724807739258
1100,cut2,1100,POPC,792,65.0239486694336,35.23672866821289,51.271034240722656
1100,cut2,1100,POPC,793,139.1444854736328,25.642318725585938,56.217254638671875
1100,cut2,1100,POPC,794,102.29931640625,8.381447792053223,56.2603874206543
1100,cut2,1100,POPC,795,63.44059371948242,53.05078125,49.51403045654297
1100,cut2,1100,POPC,796,177.67001342773438,105.72059631347656,62.710933685302734
1100,cut2,1100,POPC,797,42.87067413330078,10.919926643371582,61.099979400634766
1100,cut2,1100,POPC,798,48.27497100830078,53.81877136230469,55.00439453125
1100,cut2,1100,POPC,799,167.50868225097656,56.66761779785156,64.65403747558594
1100,cut2,1100,POPC,800,102.12297821044922,93.77737426757812,41.74305725097656
1100,cut2,1100,POPC,801,30.126564025878906,39.25790023803711,57.0194206237793
1100,cut2,1100,POPC,802,37.66478729248047,67.22425079345703,52.247100830078125
1100,cut2,1100,POPC,803,148.78668212890622,17.9227294921875,51.7722282409668
1100,cut2,1100,POPC,804,134.63526916503906,158.1599578857422,43.7684211730957
1100,cut2,1100,POPC,805,155.87794494628906,13.112730979919434,55.3409538269043
1100,cut2,1100,POPC,806,66.36128234863281,21.562597274780273,58.47871398925781
1100,cut2,1100,POPC,807,113.27437591552734,12.319354057312012,56.08901596069336
1100,cut2,1100,POPC,808,41.85624313354492,57.62394332885742,54.15276336669922
1100,cut2,1100,POPC,809,168.25843811035156,43.739158630371094,63.25089645385742
1100,cut2,1100,POPC,810,24.39722442626953,184.1141815185547,37.72072219848633
1100,cut2,1100,POPC,811,142.88343811035153,173.32354736328125,43.384071350097656
1100,cut2,1100,POPC,812,143.26177978515625,19.089006423950195,54.874122619628906
1100,cut2,1100,POPC,813,40.82850646972656,36.967777252197266,60.57779312133789
1100,cut2,1100,POPC,814,190.08367919921875,116.92194366455078,53.29210662841797
1100,cut2,1100,POPC,815,26.586483001708984,134.1870574951172,37.838905334472656
1100,cut2,1100,POPC,816,9.938172340393066,240.2874755859375,51.95414352416992
1100,cut2,1100,POPC,817,183.212158203125,9.550704002380371,54.621559143066406
1100,cut2,1100,POPC,818,39.92366409301758,220.9723358154297,52.0721549987793
1100,cut2,1100,POPC,819,93.48731994628906,105.25301361083984,41.82594680786133
1100,cut2,1100,POPC,820,29.503936767578125,111.7255859375,45.35186004638672
1100,cut2,1100,POPC,821,138.62318420410156,191.79493713378906,39.121086120605476
1100,cut2,1100,POPC,822,1.4545669555664062,137.33334350585938,56.20567321777344
1100,cut2,1100,POPC,823,90.98592376708984,3.618295907974243,59.000816345214844
1100,cut2,1100,POPC,824,73.43533325195312,133.41062927246094,69.1905746459961
1100,cut2,1100,POPC,825,96.55457305908203,244.9480743408203,55.883766174316406
1100,cut2,1100,POPC,826,167.480712890625,86.85216522216797,60.78494644165039
1100,cut2,1100,POPC,827,173.01123046875,88.05423736572266,61.802730560302734
1100,cut2,1100,POPC,828,189.9546356201172,69.69290161132812,57.270263671875
1100,cut2,1100,POPC,829,26.994171142578125,60.67014694213867,52.1541862487793
1100,cut2,1100,POPC,830,34.867408752441406,158.91551208496094,39.95978927612305
1100,cut2,1100,POPC,831,164.6002197265625,48.40804672241211,66.6711196899414
1100,cut2,1100,POPC,832,181.5093994140625,68.95673370361328,59.72219467163086
1100,cut2,1100,POPC,833,169.38783264160156,74.85150146484375,61.266414642333984
1100,cut2,1100,POPC,834,52.93737030029297,190.8671417236328,48.19362258911133
1100,cut2,1100,POPC,835,2.6655750274658203,13.115859031677246,54.85755920410156
1100,cut2,1100,POPC,836,42.42340087890625,73.54637145996094,51.408512115478516
1100,cut2,1100,POPC,837,199.14642333984375,35.145793914794915,55.44652557373047
1100,cut2,1100,POPC,838,112.47348022460938,5.030488014221191,55.01588439941406
1100,cut2,1100,POPC,839,153.37646484375,125.99097442626953,46.681514739990234
1100,cut2,1100,POPC,840,66.60598754882812,231.6801300048828,56.06420135498047
1100,cut2,1100,POPC,841,8.029772758483887,206.66836547851562,46.71928024291992
1100,cut2,1100,POPC,842,17.004240036010742,230.00442504882812,46.97734451293945
1100,cut2,1100,POPC,843,50.80715560913086,5.255786895751953,61.5971565246582
1100,cut2,1100,POPC,844,72.88933563232422,71.6647720336914,50.4271354675293
1100,cut2,1100,POPC,845,90.7196044921875,12.998324394226074,59.551719665527344
1100,cut2,1100,POPC,846,177.05877685546875,64.66259765625,64.48944091796875
1100,cut2,1100,POPC,847,36.289669036865234,15.30140209197998,62.76124954223633
1100,cut2,1100,POPC,848,192.52479553222656,43.87041091918945,55.23366928100586
1100,cut2,1100,POPC,849,183.46690368652344,80.71588134765625,57.53611373901367
1100,cut2,1100,POPC,850,181.6456298828125,91.93822479248047,61.49411392211914
1100,cut2,1100,POPC,851,87.7065658569336,18.14615821838379,56.9608268737793
1100,cut2,1100,POPC,852,153.60781860351562,178.790771484375,41.724586486816406
1100,cut2,1100,POPC,853,55.75153732299805,171.66799926757812,41.68537521362305
1100,cut2,1100,POPC,854,5.832256317138672,56.35862731933594,60.372920989990234
1100,cut2,1100,POPC,855,13.077767372131348,78.46511840820312,55.88312530517578
1100,cut2,1100,POPC,856,121.81327056884766,179.1231231689453,36.23963165283203
1100,cut2,1100,POPC,857,122.21463775634766,98.54627227783203,39.21232986450195
1100,cut2,1100,POPC,858,189.5642852783203,186.21676635742188,43.98208999633789
1100,cut2,1100,POPC,859,95.27535247802734,18.204755783081055,58.61668014526367
1100,cut2,1100,POPC,860,56.06559371948243,218.39096069335938,57.483787536621094
1100,cut2,1100,POPC,861,16.2375545501709,191.49305725097656,38.752174377441406
1100,cut2,1100,POPC,862,12.286019325256348,72.11000061035156,54.79124450683594
1100,cut2,1100,POPC,863,193.50442504882812,88.57745361328125,63.77028274536133
1100,cut2,1100,POPC,864,59.9941520690918,61.2718391418457,48.387779235839844
1100,cut2,1100,POPC,865,33.046295166015625,91.45772552490234,54.910728454589844
1100,cut2,1100,POPC,866,26.542171478271484,66.34457397460938,97.22846221923828
1100,cut2,1100,POPC,867,16.56626319885254,146.0504913330078,42.51460647583008
1100,cut2,1100,POPC,868,40.732177734375,171.6383514404297,44.5153923034668
1100,cut2,1100,POPC,869,168.7877197265625,118.12767791748047,52.75307846069336
1100,cut2,1100,POPC,870,61.679561614990234,145.0950927734375,40.16621398925781
1100,cut2,1100,POPC,871,178.26272583007812,208.2751922607422,49.41242980957031
1100,cut2,1100,POPC,872,128.87904357910156,174.7794189453125,40.3837776184082
1100,cut2,1100,POPC,873,53.24261474609375,146.12490844726562,36.509212493896484
1100,cut2,1100,POPC,874,54.41669082641602,151.0750274658203,40.240230560302734
1100,cut2,1100,POPC,875,8.900862693786621,189.9813232421875,40.999149322509766
1100,cut2,1100,POPC,876,111.17928314208984,36.489891052246094,61.27889633178711
1100,cut2,1100,POPC,877,47.45768737792969,190.20733642578125,45.21669006347656
1100,cut2,1100,POPC,878,144.1492919921875,154.18157958984375,49.044692993164055
1100,cut2,1100,POPC,879,25.77075958251953,100.58696746826172,93.20435333251953
1100,cut2,1100,POPC,880,62.53366470336914,128.9955596923828,34.41942596435547
1100,cut2,1100,POPC,881,180.947265625,60.70688247680664,61.99258041381836
1100,cut2,1100,POPC,882,106.31405639648438,109.25869750976562,42.481597900390625
1100,cut2,1100,POPC,883,117.84041595458984,30.367752075195312,56.382781982421875
1100,cut2,1100,POPC,884,193.79348754882812,225.10694885253906,48.59503555297851
1100,cut2,1100,POPC,885,46.16139602661133,161.5192108154297,44.437652587890625
1100,cut2,1100,POPC,886,62.43149948120117,194.51568603515625,49.67452621459961
1100,cut2,1100,POPC,887,61.22109603881836,234.02847290039062,56.608642578125
1100,cut2,1100,POPC,888,185.41172790527344,236.36770629882812,48.62919998168945
1100,cut2,1100,POPC,889,51.77415466308594,233.3766326904297,57.05558395385742
1100,cut2,1100,POPC,890,178.647216796875,227.19813537597656,47.608802795410156
1100,cut2,1100,POPC,891,-0.22953324019908905,210.73712158203125,48.73900604248047
1100,cut2,1100,POPC,892,178.552978515625,201.95260620117188,49.11655807495117
1100,cut2,1100,POPC,893,10.502312660217285,167.6416778564453,35.36858367919922
1100,cut2,1100,POPC,894,9.230732917785645,65.66267395019531,54.8454704284668
1100,cut2,1100,POPC,895,100.24242401123047,32.20947265625,57.7515754699707
1100,cut2,1100,POPC,896,139.18492126464844,209.38766479492188,46.962310791015625
1100,cut2,1100,POPC,897,-2.0364341735839844,70.78050994873047,57.30401611328125
1100,cut2,1100,POPC,898,76.12832641601562,211.19862365722656,49.463111877441406
1100,cut2,1100,POPC,899,96.08503723144531,98.60546875,41.112850189208984
1100,cut2,1100,POPC,900,84.7103500366211,242.72372436523438,54.21712112426758
1100,cut2,1100,POPC,901,16.124649047851562,28.86260223388672,55.29093551635742
1100,cut2,1100,POPC,902,24.927696228027344,211.44760131835938,45.15766525268555
1100,cut2,1100,POPC,903,185.6451416015625,131.494873046875,56.545536041259766
1100,cut2,1100,POPC,904,35.43992614746094,243.11546325683594,57.35102081298828
1100,cut2,1100,POPC,905,166.94053649902344,184.3829345703125,45.04757308959961
1100,cut2,1100,POPC,906,55.43257522583008,14.13008975982666,61.45305252075195
1100,cut2,1100,POPC,907,32.260276794433594,216.38763427734375,50.23336410522461
1100,cut2,1100,POPC,908,41.38399124145508,187.330078125,44.01028060913086
1100,cut2,1100,POPC,909,-2.296855926513672,192.458251953125,45.39260482788086
1100,cut2,1100,POPC,910,167.40452575683594,175.62779235839844,48.76028823852539
1100,cut2,1100,POPC,911,185.09121704101562,145.560302734375,61.037784576416016
1100,cut2,1100,POPC,912,2.988112449645996,87.79840087890625,56.14408874511719
1100,cut2,1100,POPC,913,117.6992416381836,94.34857177734375,40.49135208129883
1100,cut2,1100,POPC,914,12.000349998474121,52.97899627685547,55.49008560180664
1100,cut2,1100,POPC,915,178.70748901367188,158.82945251464844,57.53462600708008
1100,cut2,1100,POPC,916,143.6745147705078,239.16957092285156,52.97662353515625
1100,cut2,1100,POPC,917,166.1156005859375,221.374755859375,48.78303527832031
1100,cut2,1100,POPC,918,-2.8232994079589844,49.019832611083984,58.178401947021484
1100,cut2,1100,POPC,919,21.792354583740234,196.19119262695312,40.50658416748047
1100,cut2,1100,POPC,920,65.75967407226562,28.806854248046875,57.20242691040039
1100,cut2,1100,POPC,921,59.10372543334961,41.37896728515625,55.57172393798828
1100,cut2,1100,POPC,922,112.48822021484375,141.56182861328125,37.342464447021484
1100,cut2,1100,POPC,923,11.899189949035645,137.39549255371094,43.28972625732422
1100,cut2,1100,POPC,924,16.313507080078125,19.79233741760254,57.04423522949219
1100,cut2,1100,POPC,925,18.022247314453125,67.03117370605469,54.26310348510742
1100,cut2,1100,POPC,926,132.2204132080078,194.2859649658203,38.74394989013672
1100,cut2,1100,POPC,927,159.72296142578125,189.6741943359375,45.305885314941406
1100,cut2,1100,POPC,928,11.403414726257324,59.18339920043945,54.684017181396484
1100,cut2,1100,POPC,929,187.37281799316406,159.29718017578125,53.252525329589844
1100,cut2,1100,POPC,930,85.90355682373047,73.16047668457031,51.12568283081055
1100,cut2,1100,POPC,931,51.9339714050293,113.97843933105469,37.37458038330078
1100,cut2,1100,POPC,932,66.9002685546875,65.96466827392578,52.515682220458984
1100,cut2,1100,POPC,933,37.40456008911133,51.38793182373047,55.11174011230469
1100,cut2,1100,POPC,934,48.24303054809571,68.0710220336914,50.56385803222656
1100,cut2,1100,POPC,935,91.1572036743164,60.2596321105957,56.273216247558594
1100,cut2,1100,POPC,936,69.59716033935547,204.97665405273438,46.403438568115234
1100,cut2,1100,POPC,937,48.299659729003906,38.410160064697266,57.172767639160156
1100,cut2,1100,POPC,938,46.79137420654297,212.3199462890625,50.569557189941406
1100,cut2,1100,POPC,939,36.82646560668945,197.64996337890625,44.728153228759766
1100,cut2,1100,POPC,940,29.918376922607422,85.50010681152344,55.060646057128906
1100,cut2,1100,POPC,941,83.47489166259766,52.64939880371094,49.60007858276367
1100,cut2,1100,POPC,942,54.037845611572266,57.97762680053711,52.66897201538086
1100,cut2,1100,POPC,943,121.75873565673828,11.784529685974121,52.14988327026367
1100,cut2,1100,POPC,944,56.566463470458984,141.10125732421875,33.79132843017578
1100,cut2,1100,POPC,945,124.44258117675781,52.93242263793945,59.19621276855469
1100,cut2,1100,POPC,946,57.60246658325195,243.58718872070312,59.78898239135742
1100,cut2,1100,POPC,947,174.27894592285156,112.79264831542969,62.5012092590332
1100,cut2,1100,POPC,948,81.91407775878906,77.47505950927734,48.064064025878906
1100,cut2,1100,POPC,949,120.43203735351562,70.43101501464844,50.5828742980957
1100,cut2,1100,POPC,950,21.367839813232422,142.5550079345703,38.163795471191406
1100,cut2,1100,POPC,951,31.55984115600586,202.72274780273438,43.993160247802734
1100,cut2,1100,POPC,952,154.64590454101562,206.15992736816403,48.09373474121094
1100,cut2,1100,POPC,953,162.3446044921875,13.16990566253662,55.162784576416016
1100,cut2,1100,POPC,954,19.389726638793945,212.8278350830078,48.717124938964844
1100,cut2,1100,POPC,955,35.09394073486328,187.91741943359375,42.65070343017578
1100,cut2,1100,POPC,956,44.857337951660156,198.4996337890625,50.76378631591797
1100,cut2,1100,POPC,957,172.481201171875,32.69883346557617,57.63373565673828
1100,cut2,1100,POPC,958,146.94937133789062,133.8900146484375,45.85288619995117
1100,cut2,1100,POPC,959,155.89111328125,227.62123107910156,45.644046783447266
1100,cut2,1100,POPC,960,64.94615936279297,83.81783294677734,44.200782775878906
1100,cut2,1100,POPC,961,182.73561096191406,212.34696960449222,53.133907318115234
1100,cut2,1100,POPC,962,90.0882568359375,67.29850006103516,54.91702651977539
1100,cut2,1100,POPC,963,28.340667724609375,77.76837158203125,54.751487731933594
1100,cut2,1100,POPC,964,28.689689636230465,141.47976684570312,40.4141845703125
1100,cut2,1100,POPC,965,19.217090606689453,174.6301727294922,39.50872802734375
1100,cut2,1100,POPC,966,157.707763671875,38.20554733276367,62.42853927612305
1100,cut2,1100,POPC,967,188.56631469726562,36.32436752319336,57.13761901855469
1100,cut2,1100,POPC,968,38.15626907348633,226.88778686523438,52.39096450805664
1100,cut2,1100,POPC,969,65.46760559082031,8.376265525817871,59.73582458496094
1100,cut2,1100,POPC,970,193.00205993652344,55.581756591796875,55.141937255859375
1100,cut2,1100,POPC,971,101.94300079345703,64.52708435058594,47.509422302246094
1100,cut2,1100,POPC,972,141.07308959960938,2.111297845840454,51.299217224121094
1100,cut2,1100,POPC,973,82.29887390136719,130.70469665527344,39.424869537353516
1100,cut2,1100,POPC,974,162.22828674316406,31.136245727539062,56.594051361083984
1100,cut2,1100,POPC,975,164.8309783935547,22.84769058227539,54.96723556518555
1100,cut2,1100,POPC,976,166.2047119140625,4.691178321838379,52.64438247680664
1100,cut2,1100,POPC,977,94.12681579589844,221.7018585205078,53.19403076171876
1100,cut2,1100,POPC,978,169.93392944335938,37.883583068847656,60.73386001586914
1100,cut2,1100,POPC,979,165.117919921875,137.59968566894534,54.47566223144531
1100,cut2,1100,POPC,980,130.33676147460938,13.204995155334473,50.13372802734375
1100,cut2,1100,POPC,981,29.366130828857422,231.83929443359375,54.08213806152344
1100,cut2,1100,POPC,982,29.052932739257812,165.54571533203125,43.38967514038086
1100,cut2,1100,POPC,983,95.61044311523438,80.22959899902344,47.46222686767578
1100,cut2,1100,POPC,984,60.17599105834961,115.96916198730469,42.25132369995117
1100,cut2,1100,POPC,985,186.6202850341797,242.78810119628906,53.93817138671875
1100,cut2,1100,POPC,986,194.6640167236328,243.1285400390625,54.23528289794922
1100,cut2,1100,POPC,987,8.036236763000488,28.26129913330078,56.058902740478516
1100,cut2,1100,POPC,988,41.100135803222656,0.3314453661441803,59.78921127319336
1100,cut2,1100,POPC,989,116.49821472167969,19.374536514282227,54.108760833740234
1100,cut2,1100,POPC,990,80.85368347167969,137.42552185058594,40.9076042175293
1100,cut2,1100,POPC,991,191.15013122558594,14.63074016571045,56.811222076416016
1100,cut2,1100,POPC,992,80.6724624633789,21.607248306274414,59.42302703857422
1100,cut2,1100,POPC,993,51.98399353027344,30.665267944335938,58.40097427368164
1100,cut2,1100,POPC,994,69.30648803710938,151.3426055908203,39.951698303222656
1100,cut2,1100,POPC,995,44.08750915527344,226.1108856201172,53.579830169677734
1100,cut2,1100,POPC,996,22.51532745361328,79.58063507080078,54.12871170043945
1100,cut2,1100,POPC,997,151.88656616210938,189.93746948242188,42.060264587402344
1100,cut2,1100,POPC,998,160.67723083496094,171.1840362548828,49.4886589050293
1100,cut2,1100,POPC,999,112.61689758300781,67.68649291992188,46.88271713256836
1100,cut2,1100,POPC,1000,45.606178283691406,179.260986328125,47.16675567626953
1100,cut2,1100,POPC,1001,100.11662292480469,114.84685516357422,44.186702728271484
1100,cut2,1100,POPC,1002,32.15999221801758,70.7297134399414,52.66450881958008
1100,cut2,1100,POPC,1003,122.56560516357422,153.82058715820312,36.115745544433594
1100,cut2,1100,POPC,1004,104.81546020507812,36.589683532714844,59.74034881591797
1100,cut2,1100,POPC,1005,99.46977996826172,120.8807373046875,47.58860778808594
1100,cut2,1100,POPC,1006,157.10047912597656,91.10227966308594,60.68532180786133
1100,cut2,1100,POPC,1007,177.59971618652344,11.685450553894043,58.05328369140625
1100,cut2,1100,POPC,1008,54.742420196533196,35.49158477783203,58.765830993652344
1100,cut2,1100,POPC,1009,167.08348083496097,213.7526092529297,46.14787673950195
1100,cut2,1100,POPC,1010,1.8528566360473633,39.98960494995117,51.61330032348633
1100,cut2,1100,POPC,1011,53.584632873535156,156.2967071533203,42.31524658203125
1100,cut2,1100,POPC,1012,4.29749298095703,192.00961303710938,45.23719024658203
1100,cut2,1100,POPC,1013,50.526649475097656,173.2754669189453,42.509788513183594
1100,cut2,1100,POPC,1014,37.64346694946288,77.5687026977539,55.621673583984375
1100,cut2,1100,POPC,1015,192.13633728027344,211.61448669433594,49.25830841064453
1100,cut2,1100,POPC,1016,18.741914749145508,185.48866271972656,36.59485244750976
1100,cut2,1100,POPC,1017,32.553810119628906,135.1226348876953,39.16571044921875
1100,cut2,1100,POPC,1018,50.705814361572266,127.6424331665039,31.0889892578125
1100,cut2,1100,POPC,1019,176.74859619140625,149.28988647460938,61.64149856567383
1100,cut2,1100,POPC,1020,62.0359992980957,45.6852912902832,50.2739372253418
1100,cut2,1100,POPC,1021,138.2101593017578,101.01908874511719,46.04802322387695
1100,cut2,1100,POPC,1022,156.07952880859375,148.20513916015625,48.733745574951165
1100,cut2,1100,POPC,1023,185.14242553710938,108.46121978759766,63.2636604309082
1100,cut2,1100,POPC,1024,148.2916259765625,0.9904882311820984,51.94122314453125
1100,cut2,1100,POPC,1025,172.30145263671875,12.978577613830566,56.41789627075195
1100,cut2,1100,POPC,1026,101.1299819946289,40.178077697753906,54.542476654052734
1100,cut2,1100,POPC,1027,184.35525512695312,173.550537109375,42.69953918457031
1100,cut2,1100,POPC,1028,163.6107940673828,40.837318420410156,63.935916900634766
1100,cut2,1100,POPC,1029,74.38597869873047,35.35451889038086,51.76615905761719
1100,cut2,1100,POPC,1030,175.6142120361328,95.2328109741211,62.44234848022461
1100,cut2,1100,POPC,1031,25.200702667236328,37.68628692626953,57.073028564453125
1100,cut2,1100,POPC,1032,97.12455749511719,89.66378784179688,42.624549865722656
1100,cut2,1100,POPC,1033,41.56884002685546,22.44756317138672,65.1689453125
1100,cut2,1100,POPC,1034,55.46366500854492,237.43746948242188,63.6669044494629
1100,cut2,1100,POPC,1035,159.0390625,183.1195526123047,43.447776794433594
1100,cut2,1100,POPC,1036,72.24420928955078,5.85208797454834,59.79439926147461
1100,cut2,1100,POPC,1037,22.289989471435547,13.220002174377441,58.62555694580078
1100,cut2,1100,POPC,1038,178.4580078125,163.48565673828125,52.20914077758789
1100,cut2,1100,POPC,1039,150.11708068847656,231.73585510253906,49.63275146484375
1100,cut2,1100,POPC,1040,154.65496826171875,170.34283447265625,43.851680755615234
1100,cut2,1100,POPC,1041,19.082786560058594,49.54826354980469,57.79988479614258
1100,cut2,1100,POPC,1042,8.111767768859863,17.592761993408203,57.025657653808594
1100,cut2,1100,POPC,1043,185.63946533203125,158.16676330566406,59.92802810668945
1100,cut2,1100,POPC,1044,15.007685661315918,152.92662048339844,40.10469055175781
1100,cut2,1100,POPC,1045,64.51863098144531,91.32014465332031,41.28535842895508
1100,cut2,1100,POPC,1046,64.0134506225586,200.75994873046875,51.75614929199219
1100,cut2,1100,POPC,1047,54.78231430053711,71.50182342529297,46.85139083862305
1100,cut2,1100,POPC,1048,10.344727516174318,34.338775634765625,55.8498649597168
1100,cut2,1100,POPC,1049,25.688430786132812,172.8455047607422,42.66899871826172
1100,cut2,1100,POPC,1050,177.98822021484375,16.21495246887207,55.99113082885742
1100,cut2,1100,POPC,1051,133.7582550048828,177.98829650878906,37.37570571899414
1100,cut2,1100,POPC,1052,168.71456909179688,130.98158264160156,55.450557708740234
1100,cut2,1100,POPC,1053,175.91131591796875,126.477294921875,57.84648132324219
1100,cut2,1100,POPC,1054,174.49253845214844,185.24925231933594,44.359535217285156
1100,cut2,1100,POPC,1055,164.517333984375,102.28852844238281,60.45515060424805
1100,cut2,1100,POPC,1056,36.775516510009766,5.546703338623047,60.6987190246582
1100,cut2,1100,POPC,1057,137.86605834960938,143.63771057128906,43.150543212890625
1100,cut2,1100,POPC,1058,38.596004486083984,152.50662231445312,39.60182189941406
1100,cut2,1100,POPC,1059,174.45045471191406,242.504638671875,51.026588439941406
1100,cut2,1100,POPC,1060,186.66864013671875,31.216796875,55.233734130859375
1100,cut2,1100,POPC,1061,4.388769149780273,68.49179077148438,57.45682907104492
1100,cut2,1100,POPC,1062,172.44529724121094,80.07627868652344,62.22975540161133
1100,cut2,1100,POPC,1063,5.924628257751465,226.0343475341797,47.43227767944336
1100,cut2,1100,POPC,1064,38.87366485595703,182.19271850585938,45.799320220947266
1100,cut2,1100,POPC,1065,35.88395309448242,29.173831939697266,62.09186172485352
1100,cut2,1100,POPC,1066,28.81439208984375,178.64527893066406,42.562591552734375
1100,cut2,1100,POPC,1067,46.265052795410156,46.0295295715332,54.346065521240234
1100,cut2,1100,POPC,1068,75.4988784790039,55.870662689208984,49.79049301147461
1100,cut2,1100,POPC,1069,116.81993103027344,57.315853118896484,56.51783752441406
1100,cut2,1100,POPC,1070,108.29167175292969,86.64553833007812,41.88621520996094
1100,cut2,1100,POPC,1071,43.63800048828125,236.1776885986328,55.03877639770508
1100,cut2,1100,POPC,1072,141.9970245361328,148.34898376464844,45.39351272583008
1100,cut2,1100,POPC,1073,70.1212387084961,39.73061752319336,51.55546569824219
1100,cut2,1100,POPC,1074,157.65988159179688,2.279951333999634,53.09188461303711
1100,cut2,1100,POPC,1075,85.33168029785156,202.89126586914062,49.5942268371582
1100,cut2,1100,POPC,1076,26.918739318847656,53.327293395996094,54.806243896484375
1100,cut2,1100,POPC,1077,146.05364990234375,26.837665557861328,55.00584411621094
1100,cut2,1100,POPC,1078,161.298583984375,238.47792053222656,52.34157180786133
1100,cut2,1100,POPC,1079,41.5101203918457,15.481732368469238,64.76630401611328
1100,cut2,1100,POPC,1080,60.73592758178711,25.34302520751953,56.24531555175781
1100,cut2,1100,POPC,1081,190.82281494140625,99.12418365478516,65.69845581054688
1100,cut2,1100,POPC,1082,61.51948928833008,220.93051147460938,54.35915756225586
1100,cut2,1100,POPC,1083,71.74420928955078,186.1748046875,44.79205322265625
1100,cut2,1100,POPC,1084,152.06640625,5.356451988220215,52.58100891113281
1100,cut2,1100,POPC,1085,176.4385223388672,50.45951843261718,62.59360885620117
1100,cut2,1100,POPC,1086,147.2926025390625,184.2815399169922,38.17531204223633
1100,cut2,1100,POPC,1087,172.06031799316406,167.04039001464844,51.62945556640625
1100,cut2,1100,POPC,1088,157.1457977294922,139.41673278808594,48.04267501831055
1100,cut2,1100,POPC,1089,18.741411209106445,88.8537826538086,55.946231842041016
1100,cut2,1100,POPC,1090,167.35195922851562,161.7938690185547,55.675838470458984
1100,cut2,1100,POPC,1091,4.061461448669434,232.2241973876953,49.6418342590332
1100,cut2,1100,POPC,1092,151.41815185546875,36.520999908447266,60.50649642944336
1100,cut2,1100,POPC,1093,93.73961639404297,180.9896697998047,38.99894332885742
1100,cut2,1100,POPC,1094,66.58480834960938,72.83307647705078,51.751670837402344
1100,cut2,1100,POPC,1095,93.30623626708984,24.491491317749023,58.457672119140625
1100,cut2,1100,POPC,1096,135.16644287109375,134.9204864501953,43.503631591796875
1100,cut2,1100,POPC,1097,168.71368408203125,123.89901733398438,55.17366027832031
1100,cut2,1100,POPC,1098,74.73138427734375,231.35740661621094,53.841487884521484
1100,cut2,1100,POPC,1099,170.2869873046875,209.6929168701172,48.70452880859375
1100,cut2,1100,POPC,1100,71.9234390258789,18.349008560180664,59.81795120239258
1100,cut2,1100,POPC,1101,80.66667938232422,57.54275131225586,50.82763671874999
1100,cut2,1100,POPC,1102,152.43348693847656,237.3682098388672,53.556217193603516
1100,cut2,1100,POPC,1103,150.99398803710938,11.556052207946777,51.700382232666016
1100,cut2,1100,POPC,1104,124.20595550537108,33.601097106933594,56.532711029052734
1100,cut2,1100,POPC,1105,88.47156524658203,78.26561737060547,48.509422302246094
1100,cut2,1100,POPC,1106,31.536060333251953,210.62745666503906,46.07608413696289
1100,cut2,1100,POPC,1107,109.62123107910156,171.84608459472656,33.35744857788086
1100,cut2,1100,POPC,1108,145.70103454589844,165.11669921875,45.67481231689453
1100,cut2,1100,POPC,1109,193.53477478027344,112.91937255859375,58.27774047851562
1100,cut2,1100,POPC,1110,132.37506103515625,19.35146713256836,54.792415618896484
1100,cut2,1100,POPC,1111,75.54513549804688,148.6860809326172,43.826141357421875
1100,cut2,1100,POPC,1112,6.500904083251954,92.80623626708984,53.872840881347656
1100,cut2,1100,POPC,1113,22.814109802246094,231.8131103515625,46.345394134521484
1100,cut2,1100,POPC,1114,12.383639335632324,200.09536743164062,45.78443145751953
1100,cut2,1100,POPC,1115,34.73971939086914,170.21417236328125,42.330081939697266
1100,cut2,1100,POPC,1116,9.332196235656738,6.056997299194336,54.7629508972168
1100,cut2,1100,POPC,1117,169.7863006591797,25.734867095947266,57.517181396484375
1100,cut2,1100,POPC,1118,56.446231842041016,66.1836929321289,50.10881423950195
1100,cut2,1100,POPC,1119,26.223751068115234,69.34083557128906,53.601383209228516
1100,cut2,1100,POPC,1120,144.9003448486328,196.1599884033203,39.30691146850586
1100,cut2,1100,POPC,1121,111.6113052368164,94.3585433959961,41.06647872924805
1100,cut2,1100,POPC,1122,87.40374755859375,48.609920501708984,48.2454833984375
1100,cut2,1100,POPC,1123,148.54641723632812,224.9813232421875,50.12175369262695
1100,cut2,1100,POPC,1124,18.10409164428711,201.17730712890625,45.274410247802734
1100,cut2,1100,POPC,1125,52.14553451538086,132.5890655517578,34.58857345581055
1100,cut2,1100,POPC,1126,118.78269958496094,163.25375366210938,37.394920349121094
1100,cut2,1100,POPC,1127,14.348883628845215,12.074200630187988,56.038089752197266
1100,cut2,1100,POPC,1128,54.229759216308594,18.052127838134766,57.740718841552734
1100,cut2,1100,POPC,1129,77.45178985595703,47.735504150390625,49.872249603271484
1100,cut2,1100,POPC,1130,100.99739837646484,179.0761260986328,32.98166275024414
1100,cut2,1100,POPC,1131,194.65069580078125,94.94575500488281,63.23513412475586
1100,cut2,1100,POPC,1132,39.817142486572266,42.9698371887207,55.353275299072266
1100,cut2,1100,POPC,1133,42.47318649291992,205.93084716796878,49.752105712890625
1100,cut2,1100,POPC,1134,7.022366523742676,42.44813919067383,54.0235710144043
1100,cut2,1100,POPC,1135,68.68962097167969,49.805686950683594,50.75983810424805
1100,cut2,1100,POPC,1136,147.21739196777344,160.01776123046875,51.97734451293945
1100,cut2,1100,POPC,1137,1.6523981094360352,79.96404266357422,58.069881439208984
1100,cut2,1100,POPC,1138,182.13816833496094,115.7284164428711,62.80801010131836
1100,cut2,1100,POPC,1139,39.70298767089844,164.27951049804688,42.75896453857422
1100,cut2,1100,POPC,1140,68.81099700927734,1.5662604570388794,55.318172454833984
1100,cut2,1100,POPC,1141,95.1656494140625,127.25627136230469,50.134151458740234
1100,cut2,1100,POPC,1142,75.97090148925781,13.809380531311035,57.39756393432617
1100,cut2,1100,POPC,1143,179.6356658935547,217.48123168945312,50.11080169677735
1100,cut2,1100,SAPI,1144,83.63294982910156,14.449732780456543,53.722225189208984
1100,cut2,1100,SAPI,1145,64.81881713867188,137.94522094726562,38.47310256958008
1100,cut2,1100,SAPI,1146,118.25428771972656,41.21253967285156,62.524051666259766
1100,cut2,1100,SAPI,1147,22.54654884338379,57.45095443725586,54.43975830078125
1100,cut2,1100,SAPI,1148,35.141395568847656,144.4822540283203,36.92007064819336
1100,cut2,1100,SAPI,1149,6.574924468994141,154.7174530029297,43.21953582763672
1100,cut2,1100,SAPI,1150,171.48638916015625,154.68885803222656,58.347713470458984
1100,cut2,1100,SAPI,1151,115.0822525024414,160.2524871826172,34.056243896484375
1100,cut2,1100,SAPI,1152,7.0360612869262695,139.0616455078125,49.01025390625
1100,cut2,1100,SAPI,1153,78.99763488769531,202.12281799316406,48.34554672241211
1100,cut2,1100,SAPI,1154,82.28227233886719,235.04409790039062,53.85591506958008
1100,cut2,1100,SAPI,1155,144.86355590820312,36.141754150390625,60.35933303833008
1100,cut2,1100,SAPI,1156,125.51483917236328,141.92190551757812,38.299461364746094
1100,cut2,1100,SAPI,1157,127.42658996582031,27.284976959228516,53.11473083496094
1100,cut2,1100,SAPI,1158,185.36734008789062,100.75601959228516,61.73910903930664
1100,cut2,1100,SAPI,1159,78.91291046142578,85.4784927368164,43.456321716308594
1100,cut2,1100,SAPI,1160,128.40296936035156,210.79931640625,42.33329391479492
1100,cut2,1100,SAPI,1161,70.60954284667969,89.96578216552734,44.704124450683594
1100,cut2,1100,SAPI,1162,134.4373779296875,124.77288055419922,44.214942932128906
1100,cut2,1100,SAPI,1163,162.20938110351562,94.18815612792969,59.58538818359375
1100,cut2,1100,SAPI,1164,159.97894287109375,124.9122314453125,50.012081146240234
1100,cut2,1100,SAPI,1165,153.6103057861328,105.11109924316406,58.27079772949219
1100,cut2,1100,SAPI,1166,3.983823776245117,97.55620574951172,56.28341293334961
1100,cut2,1100,SAPI,1167,162.0619659423828,227.0226287841797,46.73656463623047
1100,cut2,1100,SAPI,1168,169.85162353515625,233.34146118164062,47.19995880126953
1100,cut2,1100,SAPI,1169,168.9881134033203,62.65359115600586,61.605525970458984
1100,cut2,1100,SAPI,1170,76.68921661376953,189.40342712402344,44.0261116027832
1100,cut2,1100,SAPI,1171,96.51627349853516,231.98216247558594,53.70221710205078
1100,cut2,1100,SAPI,1172,106.27458190917969,164.39727783203125,31.14236831665039
1100,cut2,1100,SAPI,1173,138.69935607910156,32.240116119384766,55.82118606567383
1100,cut2,1100,SAPI,1174,93.25406646728516,85.6950912475586,45.49873352050781
1100,cut2,1100,SAPI,1175,90.35862731933594,203.91336059570312,50.081214904785156
1100,cut2,1100,SAPI,1176,132.01795959472656,-3.7757556438446045,51.4025764465332
1100,cut2,1100,SAPI,1177,33.5445556640625,20.570127487182617,61.584163665771484
1100,cut2,1100,SAPI,1178,72.72637176513672,160.07896423339844,37.68832778930664
1100,cut2,1100,SAPI,1179,112.36958312988281,239.7682342529297,54.29602813720703
1100,cut2,1100,SAPI,1180,135.9686737060547,149.74444580078125,44.08823013305664
1100,cut2,1100,SAPI,1181,57.24192428588867,121.53019714355469,33.205711364746094
