,System,Frame,Resname,Resnum,X,Y,Z
787,cut2,787,POPC,0,166.61647033691406,106.08499908447266,101.19173431396484
787,cut2,787,POPC,1,29.305763244628903,180.0092010498047,92.36078643798828
787,cut2,787,POPC,2,163.19851684570312,27.24966812133789,99.65665435791016
787,cut2,787,POPC,3,134.74392700195312,133.15255737304688,85.76983642578125
787,cut2,787,POPC,4,4.247714042663574,217.2621307373047,95.7547378540039
787,cut2,787,POPC,5,147.62167358398438,180.8639373779297,84.1526870727539
787,cut2,787,POPC,6,200.29708862304688,210.59356689453125,95.02198028564453
787,cut2,787,POPC,7,59.82969284057617,63.60963439941407,92.22606658935547
787,cut2,787,POPC,8,44.094871520996094,219.70384216308594,95.87599182128906
787,cut2,787,POPC,9,138.64418029785156,160.23968505859375,86.51758575439453
787,cut2,787,POPC,10,121.4480209350586,190.54290771484375,79.62297821044922
787,cut2,787,POPC,11,3.142951011657715,181.65237426757812,94.2017593383789
787,cut2,787,POPC,12,-4.685107231140137,204.17742919921875,96.71769714355469
787,cut2,787,POPC,13,161.05313110351562,221.1577606201172,92.29254150390625
787,cut2,787,POPC,14,114.36416625976562,171.87034606933594,74.76336669921874
787,cut2,787,POPC,15,164.84339904785156,191.20039367675778,89.08136749267578
787,cut2,787,POPC,16,77.47727966308594,146.53700256347656,75.75659942626953
787,cut2,787,POPC,17,98.54515075683594,103.99089813232422,75.84740447998047
787,cut2,787,POPC,18,15.955340385437012,75.5931396484375,96.61585998535155
787,cut2,787,POPC,19,99.65522766113281,15.116979598999023,102.43218994140625
787,cut2,787,POPC,20,138.41839599609375,219.40345764160156,89.82022857666016
787,cut2,787,POPC,21,111.9076919555664,91.24383544921875,77.9631576538086
787,cut2,787,POPC,22,94.86579895019531,238.5824432373047,99.44253540039062
787,cut2,787,POPC,23,105.31182098388672,45.753108978271484,95.52726745605469
787,cut2,787,POPC,24,24.6702880859375,52.794132232666016,99.7756576538086
787,cut2,787,POPC,25,176.90487670898438,209.94049072265622,90.72150421142578
787,cut2,787,POPC,26,63.56241989135742,165.7049102783203,83.23146057128906
787,cut2,787,POPC,27,15.147786140441895,155.6611785888672,80.21483612060547
787,cut2,787,POPC,28,67.97217559814453,143.74710083007812,76.25264739990234
787,cut2,787,POPC,29,90.58184814453125,73.48783111572266,81.4961166381836
787,cut2,787,POPC,30,51.12003707885742,222.6229248046875,95.4031753540039
787,cut2,787,POPC,31,139.1880645751953,225.3573760986328,91.49417877197266
787,cut2,787,POPC,32,11.672728538513184,211.4110870361328,97.83648681640625
787,cut2,787,POPC,33,83.48748779296875,91.90794372558594,78.96749877929688
787,cut2,787,POPC,34,53.6148567199707,181.37571716308594,87.74798583984375
787,cut2,787,POPC,35,181.56063842773438,64.13813018798828,103.76956176757812
787,cut2,787,POPC,36,69.63456726074219,86.34376525878906,80.1557846069336
787,cut2,787,POPC,37,182.26072692871094,214.29115295410153,95.70767211914062
787,cut2,787,POPC,38,35.32521057128906,232.0298614501953,98.62458038330078
787,cut2,787,POPC,39,23.071273803710938,41.65904235839844,101.07142639160158
787,cut2,787,POPC,40,104.8624038696289,105.10677337646484,74.131103515625
787,cut2,787,POPC,41,122.06202697753906,35.91676330566406,91.58535766601562
787,cut2,787,POPC,42,165.74851989746094,140.85105895996094,95.07621002197266
787,cut2,787,POPC,43,55.625118255615234,93.52255249023438,83.68993377685547
787,cut2,787,POPC,44,42.63667678833008,190.15875244140625,90.11121368408203
787,cut2,787,POPC,45,37.35394287109375,227.60581970214844,100.41011047363281
787,cut2,787,POPC,46,65.92762756347656,204.199462890625,91.54769897460938
787,cut2,787,POPC,47,183.22396850585938,90.56195831298828,94.99897766113281
787,cut2,787,POPC,48,48.57035827636719,75.34430694580078,91.01685333251953
787,cut2,787,POPC,49,48.82369613647461,6.683517932891846,99.39945983886719
787,cut2,787,POPC,50,80.45304870605469,184.07125854492188,85.91051483154297
787,cut2,787,POPC,51,104.89533996582031,187.4700164794922,71.09465789794922
787,cut2,787,POPC,52,141.25502014160156,72.31110382080078,86.50009155273438
787,cut2,787,POPC,53,6.206937789916992,2.4364113807678223,97.00382232666016
787,cut2,787,POPC,54,142.5883026123047,202.38943481445312,89.66752624511719
787,cut2,787,POPC,55,136.4431915283203,198.3542938232422,87.34776306152344
787,cut2,787,POPC,56,49.95764923095703,62.57146453857422,95.7813491821289
787,cut2,787,POPC,57,13.91048526763916,195.9905548095703,95.78172302246094
787,cut2,787,POPC,58,7.578097343444824,167.34825134277344,89.55926513671875
787,cut2,787,POPC,59,187.95481872558594,185.8508758544922,91.48506927490234
787,cut2,787,POPC,60,172.99110412597656,198.08384704589844,90.62936401367188
787,cut2,787,POPC,61,198.9270477294922,197.48060607910156,95.33060455322266
787,cut2,787,POPC,62,76.50719451904297,62.42680358886719,87.58907318115234
787,cut2,787,POPC,63,148.9426727294922,19.310470581054688,99.6835708618164
787,cut2,787,POPC,64,108.16480255126953,141.01036071777344,81.91912841796875
787,cut2,787,POPC,65,71.35006713867186,69.43595886230469,87.63230895996094
787,cut2,787,POPC,66,197.55397033691403,218.4819793701172,95.40120697021484
787,cut2,787,POPC,67,199.2832794189453,164.8750762939453,86.2453384399414
787,cut2,787,POPC,68,152.75064086914062,210.23960876464844,87.50251007080078
787,cut2,787,POPC,69,92.23516082763672,62.6014404296875,90.22227478027344
787,cut2,787,POPC,70,105.62893676757814,202.3173370361328,51.42638397216797
787,cut2,787,POPC,71,180.98593139648438,101.26197052001953,94.35599517822266
787,cut2,787,POPC,72,164.63626098632812,94.01957702636719,98.22197723388672
787,cut2,787,POPC,73,202.50479125976562,129.54159545898438,80.22787475585938
787,cut2,787,POPC,74,156.9389190673828,241.51962280273438,99.45649719238281
787,cut2,787,POPC,75,52.01787185668945,164.69541931152344,80.5996322631836
787,cut2,787,POPC,76,129.44009399414062,157.5709686279297,80.29569244384766
787,cut2,787,POPC,77,135.7481231689453,-2.5932323932647705,94.77159881591797
787,cut2,787,POPC,78,154.4632568359375,145.6463165283203,90.55584716796875
787,cut2,787,POPC,79,23.67848777770996,95.95514678955078,54.834529876708984
787,cut2,787,POPC,80,74.54585266113281,36.41740417480469,97.68667602539062
787,cut2,787,POPC,81,70.67333221435547,200.112548828125,93.1248779296875
787,cut2,787,POPC,82,43.85367965698242,48.20790481567383,98.2002182006836
787,cut2,787,POPC,83,49.806243896484375,214.39889526367188,96.28240966796875
787,cut2,787,POPC,84,69.81993865966797,157.63583374023438,78.4648666381836
787,cut2,787,POPC,85,116.30979919433594,92.4018325805664,81.34362030029295
787,cut2,787,POPC,86,43.082618713378906,104.7066879272461,82.85503387451172
787,cut2,787,POPC,87,34.98223876953124,17.085010528564453,101.39236450195312
787,cut2,787,POPC,88,173.96246337890625,33.22855758666992,102.34241485595703
787,cut2,787,POPC,89,31.78801727294922,8.084179878234863,102.92817687988281
787,cut2,787,POPC,90,0.052929893136024475,231.49778747558594,100.51802825927734
787,cut2,787,POPC,91,110.42993927001953,161.97238159179688,74.19612884521484
787,cut2,787,POPC,92,171.3462371826172,230.98199462890625,95.6385726928711
787,cut2,787,POPC,93,178.10289001464844,42.62498092651367,108.19548034667969
787,cut2,787,POPC,94,116.50984191894531,199.8262481689453,80.37811279296875
787,cut2,787,POPC,95,155.66600036621094,129.5726776123047,93.71858978271484
787,cut2,787,POPC,96,109.55238342285156,127.01557922363281,50.5380859375
787,cut2,787,POPC,97,60.070858001708984,100.57892608642578,79.73143768310547
787,cut2,787,POPC,98,114.29779815673828,41.813907623291016,93.34912109375
787,cut2,787,POPC,99,4.13446044921875,37.94586944580078,102.38451385498047
787,cut2,787,POPC,100,23.08405113220215,87.12004089355469,97.22808074951172
787,cut2,787,POPC,101,96.85128021240234,128.85653686523438,76.27412414550781
787,cut2,787,POPC,102,116.25328826904297,193.8251190185547,76.74565887451172
787,cut2,787,POPC,103,97.53227996826172,33.72682571411133,97.5632553100586
787,cut2,787,POPC,104,16.4394588470459,23.329309463500977,100.90526580810547
787,cut2,787,POPC,105,1.6588935852050781,80.43278503417969,97.59674072265625
787,cut2,787,POPC,106,156.67398071289062,227.52232360839844,92.95671081542967
787,cut2,787,POPC,107,54.18523406982422,55.12623977661133,96.90924835205078
787,cut2,787,POPC,108,132.26470947265625,44.61837387084961,88.50331115722656
787,cut2,787,POPC,109,159.77633666992188,22.255563735961914,100.28510284423828
787,cut2,787,POPC,110,11.711325645446777,239.7642059326172,101.00647735595705
787,cut2,787,POPC,111,131.0174560546875,99.99594116210938,79.21513366699219
787,cut2,787,POPC,112,99.06568908691406,51.03739929199219,91.19877624511719
787,cut2,787,POPC,113,106.48506927490234,16.197696685791016,102.02007293701172
787,cut2,787,POPC,114,51.080589294433594,27.788047790527344,100.05712890625
787,cut2,787,POPC,115,32.417640686035156,55.18111038208007,100.02642822265625
787,cut2,787,POPC,116,128.9722442626953,84.32926940917969,76.99441528320312
787,cut2,787,POPC,117,135.3123779296875,210.80120849609375,89.90531921386719
787,cut2,787,POPC,118,175.83216857910156,71.61622619628906,99.20133972167969
787,cut2,787,POPC,119,97.49285888671875,59.374053955078125,84.19068908691406
787,cut2,787,POPC,120,184.06687927246094,7.199560642242432,99.05799865722656
787,cut2,787,POPC,121,32.2007942199707,209.9829559326172,93.73359680175781
787,cut2,787,POPC,122,98.5614013671875,67.05271148681642,83.75303649902344
787,cut2,787,POPC,123,150.7992401123047,171.40785217285156,85.05926513671875
787,cut2,787,POPC,124,122.84101104736328,125.80815887451172,84.89630889892578
787,cut2,787,POPC,125,66.70574188232422,16.720603942871094,96.94217681884766
787,cut2,787,POPC,126,47.993255615234375,56.457275390625,98.8750228881836
787,cut2,787,POPC,127,49.95177459716797,171.4507293701172,81.41309356689453
787,cut2,787,POPC,128,140.70291137695312,132.88450622558594,89.14707946777344
787,cut2,787,POPC,129,23.428997039794922,197.95985412597656,96.04278564453125
787,cut2,787,POPC,130,65.00086212158203,223.42356872558594,60.463890075683594
787,cut2,787,POPC,131,104.17849731445314,140.75559997558594,47.66903305053711
787,cut2,787,POPC,132,73.697998046875,206.31324768066406,92.58667755126953
787,cut2,787,POPC,133,180.27371215820312,242.9446563720703,96.07476806640625
787,cut2,787,POPC,134,195.21629333496094,36.42436981201172,101.54795837402344
787,cut2,787,POPC,135,147.05088806152344,209.07289123535156,88.68675994873047
787,cut2,787,POPC,136,84.2241439819336,41.767520904541016,96.00367736816406
787,cut2,787,POPC,137,25.4837703704834,7.61183500289917,99.49967956542969
787,cut2,787,POPC,138,140.0205841064453,186.54017639160156,82.20124816894531
787,cut2,787,POPC,139,143.5250701904297,152.46839904785156,85.88897705078125
787,cut2,787,POPC,140,11.85205364227295,104.95349884033203,98.11343383789062
787,cut2,787,POPC,141,181.3328094482422,58.43096923828125,104.67200469970703
787,cut2,787,POPC,142,38.25174331665039,138.96363830566403,76.53487396240234
787,cut2,787,POPC,143,136.22508239746094,142.84799194335938,84.43528747558594
787,cut2,787,POPC,144,131.1309051513672,126.95169067382812,81.71212768554688
787,cut2,787,POPC,145,193.85728454589844,104.57361602783203,97.24087524414062
787,cut2,787,POPC,146,104.39335632324219,39.76282501220703,95.2601547241211
787,cut2,787,POPC,147,179.37986755371094,106.299072265625,99.39753723144531
787,cut2,787,POPC,148,194.0016632080078,9.263213157653809,97.4862060546875
787,cut2,787,POPC,149,55.58317947387695,219.0085906982422,97.3204116821289
787,cut2,787,POPC,150,136.58724975585938,77.49561309814453,83.79859924316406
787,cut2,787,POPC,151,193.05711364746094,90.16233825683594,95.49069213867188
787,cut2,787,POPC,152,11.541956901550293,38.590904235839844,101.4893569946289
787,cut2,787,POPC,153,176.7252655029297,95.97074127197266,94.5399398803711
787,cut2,787,POPC,154,121.69451141357422,147.76951599121094,82.0986328125
787,cut2,787,POPC,155,38.42325973510742,186.02667236328125,90.65816497802734
787,cut2,787,POPC,156,14.92195987701416,100.44679260253906,96.41999816894531
787,cut2,787,POPC,157,72.6995620727539,96.43980407714844,78.2387924194336
787,cut2,787,POPC,158,29.299114227294922,218.1724395751953,94.22831726074219
787,cut2,787,POPC,159,29.117206573486328,136.21127319335938,79.19951629638672
787,cut2,787,POPC,160,185.4993438720703,82.76651763916016,100.35354614257812
787,cut2,787,POPC,161,12.235108375549316,183.45872497558594,90.51557922363281
787,cut2,787,POPC,162,105.50459289550781,111.1653060913086,72.3849105834961
787,cut2,787,POPC,163,49.61288070678711,150.28623962402344,77.92213439941406
787,cut2,787,POPC,164,120.44031524658203,9.68502426147461,95.96697998046875
787,cut2,787,POPC,165,79.80777740478516,163.2126922607422,79.03072357177734
787,cut2,787,POPC,166,185.53305053710938,74.81492614746094,104.5
787,cut2,787,POPC,167,184.09986877441406,13.185930252075195,96.32843780517578
787,cut2,787,POPC,168,48.29056930541992,178.8211669921875,87.4419937133789
787,cut2,787,POPC,169,22.91558837890625,167.9688720703125,88.03751373291016
787,cut2,787,POPC,170,41.899818420410156,66.02185821533203,98.43855285644531
787,cut2,787,POPC,171,160.32608032226562,129.265380859375,99.49713134765625
787,cut2,787,POPC,172,32.82821273803711,77.10153198242188,98.53836822509767
787,cut2,787,POPC,173,117.34146881103516,82.57862091064453,75.9515380859375
787,cut2,787,POPC,174,203.02944946289062,138.23976135253906,88.83077239990234
787,cut2,787,POPC,175,142.16116333007812,194.9955596923828,86.7874984741211
787,cut2,787,POPC,176,1.5019159317016602,88.29259490966797,95.3978271484375
787,cut2,787,POPC,177,119.70286560058594,68.23560333251953,80.94215393066406
787,cut2,787,POPC,178,115.99475860595703,46.30343246459961,87.71696472167969
787,cut2,787,POPC,179,142.0142059326172,165.3169708251953,83.88880157470703
787,cut2,787,POPC,180,43.90902328491211,243.07936096191406,101.32640075683594
787,cut2,787,POPC,181,125.01348876953125,52.24716567993164,86.69312286376953
787,cut2,787,POPC,182,98.76655578613281,75.49238586425781,81.61090087890625
787,cut2,787,POPC,183,180.85105895996094,123.75711059570312,95.74859619140625
787,cut2,787,POPC,184,103.84745788574219,61.74845886230469,84.20428466796875
787,cut2,787,POPC,185,6.310208320617676,52.778900146484375,103.39920806884766
787,cut2,787,POPC,186,104.4781265258789,133.3009490966797,77.8579330444336
787,cut2,787,POPC,187,165.43991088867188,9.335282325744629,102.02973175048828
787,cut2,787,POPC,188,47.988224029541016,93.92757415771484,87.06094360351562
787,cut2,787,POPC,189,121.4920654296875,61.21051788330078,83.67134094238281
787,cut2,787,POPC,190,159.2480010986328,178.972412109375,91.10413360595703
787,cut2,787,POPC,191,122.54951477050781,89.08931732177734,77.60076904296875
787,cut2,787,POPC,192,57.74753952026367,218.45199584960938,58.40858840942383
787,cut2,787,POPC,193,191.83746337890625,82.66917419433594,97.71128845214844
787,cut2,787,POPC,194,2.627203941345215,31.403671264648438,101.90840148925781
787,cut2,787,POPC,195,105.69576263427734,26.396793365478512,99.21250915527344
787,cut2,787,POPC,196,22.29886817932129,74.60209655761717,98.05011749267578
787,cut2,787,POPC,197,189.909423828125,45.38119125366211,103.08724212646484
787,cut2,787,POPC,198,9.677054405212402,173.19911193847656,87.64889526367188
787,cut2,787,POPC,199,76.13716125488281,43.86480712890625,98.8819808959961
787,cut2,787,POPC,200,37.249176025390625,176.68890380859375,91.87418365478516
787,cut2,787,POPC,201,92.77610778808594,46.44919967651367,94.25519561767578
787,cut2,787,POPC,202,182.18658447265625,0.3438100516796112,54.435279846191406
787,cut2,787,POPC,203,75.44879150390625,89.62385559082031,77.02735137939453
787,cut2,787,POPC,204,135.80572509765625,191.8963623046875,82.94973754882812
787,cut2,787,POPC,205,168.74021911621094,221.38365173339844,93.98636627197266
787,cut2,787,POPC,206,163.42721557617188,33.1518440246582,106.01242065429688
787,cut2,787,POPC,207,125.32722473144531,166.88583374023438,79.55984497070312
787,cut2,787,POPC,208,190.7118682861328,194.68191528320312,94.66816711425781
787,cut2,787,POPC,209,70.45545959472656,0.6545014381408691,100.58467864990234
787,cut2,787,POPC,210,51.34983825683594,202.5755157470703,93.84431457519531
787,cut2,787,POPC,211,179.89263916015625,115.82157897949219,100.85301971435547
787,cut2,787,POPC,212,120.90155029296875,176.7938690185547,73.72415924072266
787,cut2,787,POPC,213,169.2035675048828,59.28302001953125,104.2541275024414
787,cut2,787,POPC,214,193.53282165527344,166.62939453125,87.25255584716797
787,cut2,787,POPC,215,63.866321563720696,53.09107208251953,96.13297271728516
787,cut2,787,POPC,216,171.484375,17.919841766357422,99.79591369628906
787,cut2,787,POPC,217,30.02452850341797,87.50028228759766,94.47412872314453
787,cut2,787,POPC,218,142.04830932617188,113.89157104492189,84.83966064453125
787,cut2,787,POPC,219,78.67638397216797,234.36135864257812,98.8283462524414
787,cut2,787,POPC,220,111.29641723632812,28.677513122558594,95.87696075439453
787,cut2,787,POPC,221,158.53807067871094,150.8272247314453,91.5576171875
787,cut2,787,POPC,222,81.6379623413086,69.2040786743164,85.3004379272461
787,cut2,787,POPC,223,86.0039291381836,109.02262878417969,86.79241943359375
787,cut2,787,POPC,224,31.943416595458984,38.69052505493164,100.34526062011719
787,cut2,787,POPC,225,180.02903747558594,176.93675231933594,90.181884765625
787,cut2,787,POPC,226,183.63319396972656,201.6247100830078,96.12709045410156
787,cut2,787,POPC,227,17.410768508911133,131.09097290039062,75.23615264892578
787,cut2,787,POPC,228,165.0788116455078,17.023147583007812,101.06233978271484
787,cut2,787,POPC,229,66.76618957519531,107.2149658203125,78.43518829345703
787,cut2,787,POPC,230,153.3170928955078,178.12738037109375,86.30762481689453
787,cut2,787,POPC,231,7.2979536056518555,94.3556900024414,94.18463897705078
787,cut2,787,POPC,232,142.92987060546875,204.6669464111328,45.613895416259766
787,cut2,787,POPC,233,160.98312377929688,165.69815063476562,92.74188995361328
787,cut2,787,POPC,234,53.476341247558594,191.08799743652344,91.08628845214844
787,cut2,787,POPC,235,169.81536865234375,179.71078491210938,89.0706558227539
787,cut2,787,POPC,236,92.13834381103516,33.22391128540039,94.99371337890625
787,cut2,787,POPC,237,158.41131591796875,160.38951110839844,89.77239990234375
787,cut2,787,POPC,238,83.65441131591797,35.965213775634766,94.49520874023438
787,cut2,787,POPC,239,46.26935958862305,160.64881896972656,82.45386505126953
787,cut2,787,POPC,240,74.78285217285156,151.272705078125,76.2865219116211
787,cut2,787,POPC,241,0.8669347763061523,242.06951904296875,97.80732727050781
787,cut2,787,POPC,242,19.526273727416992,94.69164276123047,96.41531372070312
787,cut2,787,POPC,243,129.4173583984375,70.7003402709961,82.2708740234375
787,cut2,787,POPC,244,85.14810943603516,147.50965881347656,74.00625610351562
787,cut2,787,POPC,245,167.6713104248047,159.98770141601562,93.3334732055664
787,cut2,787,POPC,246,94.45130157470703,54.0006217956543,90.8357162475586
787,cut2,787,POPC,247,99.76568603515625,240.12669372558594,62.11718368530274
787,cut2,787,POPC,248,7.374116897583008,69.3297348022461,101.58805084228516
787,cut2,787,POPC,249,87.93054962158205,49.640411376953125,94.77696228027344
787,cut2,787,POPC,250,9.569588661193848,88.50401306152344,94.35797882080078
787,cut2,787,POPC,251,133.7240447998047,51.20608901977539,89.13508605957031
787,cut2,787,POPC,252,145.77528381347656,102.98624420166016,76.45697021484375
787,cut2,787,POPC,253,1.4233570098876953,103.15077209472656,96.72565460205078
787,cut2,787,POPC,254,22.410945892333984,124.3868637084961,72.0639877319336
787,cut2,787,POPC,255,66.45581817626953,224.97825622558594,98.60072326660156
787,cut2,787,POPC,256,120.11646270751953,156.71363830566406,78.26905059814453
787,cut2,787,POPC,257,61.29703903198242,86.03668975830078,81.34111785888672
787,cut2,787,POPC,258,70.69970703125,237.86016845703125,98.28849029541016
787,cut2,787,POPC,259,56.264400482177734,154.19252014160156,77.79487609863281
787,cut2,787,POPC,260,70.69770812988281,43.84056854248047,93.00821685791016
787,cut2,787,POPC,261,58.60441970825195,47.916141510009766,97.82644653320312
787,cut2,787,POPC,262,47.65812683105469,102.16128540039062,85.73661041259766
787,cut2,787,POPC,263,97.370849609375,42.31125259399414,95.23998260498047
787,cut2,787,POPC,264,97.82814025878906,86.45758819580078,78.40958404541016
787,cut2,787,POPC,265,49.63266372680664,20.228296279907227,101.11622619628906
787,cut2,787,POPC,266,174.31723022460938,125.56295013427734,97.50042724609375
787,cut2,787,POPC,267,69.39091491699219,231.2662811279297,97.89997100830078
787,cut2,787,POPC,268,132.49578857421875,177.73870849609375,84.99227142333984
787,cut2,787,POPC,269,115.56330108642578,178.18914794921875,74.48799896240234
787,cut2,787,POPC,270,134.14955139160156,8.091197967529297,98.04502868652344
787,cut2,787,POPC,271,18.086862564086914,147.0509796142578,79.71429443359375
787,cut2,787,POPC,272,8.60377311706543,158.66485595703125,80.98480987548828
787,cut2,787,POPC,273,198.8703155517578,61.259254455566406,100.58243560791016
787,cut2,787,POPC,274,109.2825698852539,65.27200317382812,80.54154205322266
787,cut2,787,POPC,275,143.55282592773438,127.90177154541016,88.59481048583984
787,cut2,787,POPC,276,157.07489013671875,127.06047821044922,46.46329116821289
787,cut2,787,POPC,277,82.26445770263672,228.9978485107422,99.30645751953125
787,cut2,787,POPC,278,112.59877014160156,101.56791687011719,79.68952941894531
787,cut2,787,POPC,279,178.04331970214844,12.099185943603516,102.37175750732422
787,cut2,787,POPC,280,192.78517150878906,231.1283721923828,97.59142303466797
787,cut2,787,POPC,281,63.360660552978516,214.38514709472656,93.71528625488281
787,cut2,787,POPC,282,104.93598937988281,194.73292541503906,74.88221740722656
787,cut2,787,POPC,283,82.61784362792969,99.04856872558594,80.00294494628906
787,cut2,787,POPC,284,18.606647491455078,192.28257751464844,93.78974914550781
787,cut2,787,POPC,285,111.29991912841797,147.43218994140625,77.12997436523438
787,cut2,787,POPC,286,177.2949981689453,183.39759826660156,89.09021759033205
787,cut2,787,POPC,287,61.37161636352539,149.38658142089844,76.80217742919922
787,cut2,787,POPC,288,18.819671630859375,17.72583770751953,99.70049285888672
787,cut2,787,POPC,289,11.512969017028809,8.218484878540039,98.6559066772461
787,cut2,787,POPC,290,130.1145782470703,210.122802734375,85.78046417236328
787,cut2,787,POPC,291,35.55008316040039,84.04646301269531,94.53644561767578
787,cut2,787,POPC,292,177.83990478515625,143.52200317382815,94.27228546142578
787,cut2,787,POPC,293,31.87291717529297,156.07247924804688,82.4893798828125
787,cut2,787,POPC,294,62.2938346862793,3.7298779487609863,98.2164535522461
787,cut2,787,POPC,295,148.46609497070312,216.26007080078125,92.42570495605469
787,cut2,787,POPC,296,142.7930450439453,83.59713745117188,52.407264709472656
787,cut2,787,POPC,297,67.20763397216797,73.58092498779297,90.22492218017578
787,cut2,787,POPC,298,24.17967987060547,62.582305908203125,99.88282012939453
787,cut2,787,POPC,299,192.81581115722656,159.18365478515625,90.05191040039062
787,cut2,787,POPC,300,39.69464111328125,82.07496643066406,91.43628692626953
787,cut2,787,POPC,301,35.52313995361328,98.63160705566406,90.66768646240234
787,cut2,787,POPC,302,33.315494537353516,28.86124038696289,99.57929229736328
787,cut2,787,POPC,303,129.05763244628906,90.88936614990234,80.43521118164062
787,cut2,787,POPC,304,123.29996490478514,201.44552612304688,84.89130401611328
787,cut2,787,POPC,305,94.86492156982422,226.69924926757812,92.9770278930664
787,cut2,787,POPC,306,39.935909271240234,164.43707275390625,85.78657531738281
787,cut2,787,POPC,307,81.95477294921875,106.83732604980469,75.98724365234375
787,cut2,787,POPC,308,92.81645965576172,23.04952621459961,101.77236938476562
787,cut2,787,POPC,309,110.72853088378905,57.60907745361328,84.9083480834961
787,cut2,787,POPC,310,116.897216796875,33.166133880615234,92.99591064453125
787,cut2,787,POPC,311,18.25577735900879,164.7967681884766,84.5605239868164
787,cut2,787,POPC,312,43.75719451904297,34.52416229248047,96.84754943847656
787,cut2,787,POPC,313,191.98150634765625,68.9606704711914,100.99212646484375
787,cut2,787,POPC,314,178.13848876953125,141.6785430908203,88.83769989013672
787,cut2,787,POPC,315,52.07771301269531,85.99862670898438,84.05967712402344
787,cut2,787,POPC,316,12.782992362976074,189.3585205078125,92.09674072265625
787,cut2,787,POPC,317,141.37303161621094,213.42062377929688,91.30329895019531
787,cut2,787,POPC,318,181.17002868652344,234.8863525390625,97.44409942626953
787,cut2,787,POPC,319,85.34762573242188,193.6636505126953,91.50788879394531
787,cut2,787,POPC,320,67.4428939819336,22.61495590209961,94.09777069091797
787,cut2,787,POPC,321,99.88955688476562,120.26030731201173,80.75350952148438
787,cut2,787,POPC,322,97.93280792236328,243.61920166015625,99.35381317138672
787,cut2,787,POPC,323,39.06884765625,6.109028339385986,102.998291015625
787,cut2,787,POPC,324,57.055259704589844,82.9724349975586,87.19962310791016
787,cut2,787,POPC,325,26.10754203796387,224.734375,96.53389739990234
787,cut2,787,POPC,326,147.23814392089844,230.4891357421875,93.11621856689453
787,cut2,787,POPC,327,53.97663497924805,64.01828002929688,93.03570556640625
787,cut2,787,POPC,328,96.8455810546875,108.58309936523438,81.59971618652344
787,cut2,787,POPC,329,11.254151344299316,16.993894577026367,100.11595916748047
787,cut2,787,POPC,330,82.24181365966797,240.72621154785156,98.53136444091797
787,cut2,787,POPC,331,46.52334976196289,185.2249755859375,88.79808044433594
787,cut2,787,POPC,332,163.26846313476562,134.66146850585938,95.0279541015625
787,cut2,787,POPC,333,131.46420288085938,19.140363693237305,99.011962890625
787,cut2,787,POPC,334,150.5787353515625,202.3446044921875,86.9988784790039
787,cut2,787,POPC,335,7.107475280761719,12.09408187866211,98.73336791992188
787,cut2,787,POPC,336,8.107361793518066,82.38265228271484,93.59447479248047
787,cut2,787,POPC,337,42.16001510620117,124.537353515625,76.02203369140625
787,cut2,787,POPC,338,191.26458740234375,211.1143035888672,96.28182220458984
787,cut2,787,POPC,339,160.9774932861328,213.00360107421875,89.4393081665039
787,cut2,787,POPC,340,82.42157745361328,58.861907958984375,91.8428955078125
787,cut2,787,POPC,341,164.71434020996094,238.32180786132812,100.00082397460938
787,cut2,787,POPC,342,176.84658813476562,173.070556640625,92.52721405029297
787,cut2,787,POPC,343,165.8242645263672,169.32557678222656,93.97905731201172
787,cut2,787,POPC,344,180.10874938964844,37.23093795776367,101.93841552734374
787,cut2,787,POPC,345,143.33380126953125,87.68807220458984,82.37860870361328
787,cut2,787,POPC,346,173.93887329101562,132.76609802246094,95.87907409667969
787,cut2,787,POPC,347,7.947595596313477,208.05113220214844,54.59428787231445
787,cut2,787,POPC,348,94.52730560302734,81.37905883789062,80.15994262695312
787,cut2,787,POPC,349,0.06825543940067291,13.804004669189453,97.61034393310548
787,cut2,787,POPC,350,52.039920806884766,-1.3080754280090332,96.10149383544922
787,cut2,787,POPC,351,20.560752868652344,176.64675903320312,88.85061645507812
787,cut2,787,POPC,352,157.13319396972656,12.581268310546875,103.53865051269531
787,cut2,787,POPC,353,129.643798828125,197.3385772705078,84.35208129882812
787,cut2,787,POPC,354,73.84268951416016,217.27272033691406,92.06214904785156
787,cut2,787,POPC,355,83.55219268798828,174.98309326171875,81.19001007080078
787,cut2,787,POPC,356,115.64348602294922,16.809675216674805,98.35908508300781
787,cut2,787,POPC,357,159.98341369628906,235.1452178955078,95.14432525634766
787,cut2,787,POPC,358,150.9747314453125,113.91680145263672,101.72157287597656
787,cut2,787,POPC,359,119.24185943603516,218.49269104003906,84.73094940185547
787,cut2,787,POPC,360,110.43235778808594,156.43478393554688,70.52754211425781
787,cut2,787,POPC,361,22.70242309570313,26.03551483154297,99.68533325195312
787,cut2,787,POPC,362,129.69259643554688,145.0291748046875,83.14153289794922
787,cut2,787,POPC,363,55.14093017578125,125.0684585571289,70.88599395751953
787,cut2,787,POPC,364,91.56758880615234,87.03408813476562,79.9506607055664
787,cut2,787,POPC,365,146.84686279296875,115.56459045410156,94.30945587158203
787,cut2,787,POPC,366,171.10586547851562,111.0364761352539,100.67186737060547
787,cut2,787,POPC,367,188.6836700439453,94.75264739990234,93.51771545410156
787,cut2,787,POPC,368,171.0717468261719,98.13434600830078,98.45201110839844
787,cut2,787,POPC,369,82.76898956298828,4.071234226226807,102.24685668945312
787,cut2,787,POPC,370,36.76423263549805,241.7745819091797,99.1959457397461
787,cut2,787,POPC,371,59.983646392822266,193.23536682128906,89.94326782226562
787,cut2,787,POPC,372,41.42791748046875,235.19773864746094,100.83625030517578
787,cut2,787,POPC,373,40.631492614746094,58.87153625488281,97.8887939453125
787,cut2,787,POPC,374,13.489851951599121,48.103633880615234,101.53927612304688
787,cut2,787,POPC,375,69.14566040039062,9.781810760498047,97.3523941040039
787,cut2,787,POPC,376,100.14051055908203,94.09611511230469,75.40243530273438
787,cut2,787,POPC,377,117.74198150634766,149.17361450195312,76.31714630126953
787,cut2,787,POPC,378,46.71975326538086,81.8893814086914,90.61161804199219
787,cut2,787,POPC,379,191.19305419921875,24.551593780517578,99.0360107421875
787,cut2,787,POPC,380,13.741887092590332,226.64141845703125,98.7148208618164
787,cut2,787,POPC,381,79.05032348632812,126.44917297363281,68.68709564208984
787,cut2,787,POPC,382,17.66878318786621,208.3260498046875,96.64128875732422
787,cut2,787,POPC,383,62.184810638427734,156.29457092285156,80.71353912353516
787,cut2,787,POPC,384,137.5721435546875,174.68092346191406,83.38018798828125
787,cut2,787,POPC,385,126.78670501708984,47.37807083129883,91.8808364868164
787,cut2,787,POPC,386,39.37697982788086,89.40431213378906,91.48612213134766
787,cut2,787,POPC,387,65.53629302978516,128.3831787109375,72.44071960449219
787,cut2,787,POPC,388,34.50438690185547,62.26991271972656,100.35645294189453
787,cut2,787,POPC,389,141.0395050048828,22.06984519958496,99.63656616210938
787,cut2,787,POPC,390,165.4746856689453,228.23666381835938,95.87425994873047
787,cut2,787,POPC,391,98.05549621582031,140.1966552734375,76.77476501464844
787,cut2,787,POPC,392,159.366943359375,194.208984375,89.4813003540039
787,cut2,787,POPC,393,56.153568267822266,10.135395050048828,99.40522003173828
787,cut2,787,POPC,394,173.7473907470703,120.24063873291016,64.18769836425781
787,cut2,787,POPC,395,78.31643676757812,178.19943237304688,83.365234375
787,cut2,787,POPC,396,114.96955871582031,141.44036865234375,80.42044067382812
787,cut2,787,POPC,397,32.13633346557617,192.40835571289062,93.1160888671875
787,cut2,787,POPC,398,67.76168823242188,62.72722625732422,90.73897552490234
787,cut2,787,POPC,399,159.04083251953125,105.41192626953125,100.65682983398438
787,cut2,787,POPC,400,79.2499771118164,24.19860076904297,95.82643127441406
787,cut2,787,POPC,401,173.8029022216797,192.39170837402344,86.51054382324219
787,cut2,787,POPC,402,115.90116119384764,135.24664306640625,85.03138732910156
787,cut2,787,POPC,403,54.448917388916016,3.3302817344665527,98.65287780761719
787,cut2,787,POPC,404,18.582685470581055,224.33204650878906,100.5311508178711
787,cut2,787,POPC,405,50.68428039550781,141.3292694091797,76.9659423828125
787,cut2,787,POPC,406,30.13039779663086,144.5694580078125,77.92456817626953
787,cut2,787,POPC,407,49.51725387573242,226.21847534179688,99.57026672363281
787,cut2,787,POPC,408,168.3445281982422,72.11610412597656,99.19628143310547
787,cut2,787,POPC,409,173.7673797607422,-1.1029152870178223,96.7008285522461
787,cut2,787,POPC,410,62.53391647338867,35.46644592285156,92.99517059326172
787,cut2,787,POPC,411,106.59638214111328,52.152381896972656,90.80430603027344
787,cut2,787,POPC,412,77.80638885498047,102.33952331542969,78.57195281982422
787,cut2,787,POPC,413,43.4422492980957,204.13243103027344,96.28672790527344
787,cut2,787,POPC,414,151.28163146972656,26.518165588378906,96.4458236694336
787,cut2,787,POPC,415,30.416240692138672,45.98118591308594,101.64154815673828
787,cut2,787,POPC,416,6.218890190124512,193.73800659179688,97.19338989257812
787,cut2,787,POPC,417,129.27066040039062,162.77806091308594,83.278564453125
787,cut2,787,POPC,418,37.40135955810547,50.63117599487305,99.03398895263672
787,cut2,787,POPC,419,84.97499084472656,77.09423828125,81.46746826171875
787,cut2,787,POPC,420,89.12596893310547,67.00447845458984,83.57867431640625
787,cut2,787,POPC,421,54.741119384765625,72.58274841308594,91.79271697998047
787,cut2,787,POPC,422,44.763614654541016,173.74705505371094,85.26702880859375
787,cut2,787,POPC,423,74.25399017333984,24.382081985473636,95.3570327758789
787,cut2,787,POPC,424,147.73367309570312,138.30902099609378,93.18617248535156
787,cut2,787,POPC,425,148.20675659179688,155.06332397460938,88.92898559570312
787,cut2,787,POPC,426,27.924617767333984,242.4228973388672,101.50637817382812
787,cut2,787,POPC,427,123.39833068847656,97.1253662109375,78.64926147460938
787,cut2,787,POPC,428,152.0257110595703,223.1016082763672,93.91339874267578
787,cut2,787,POPC,429,45.274654388427734,72.83895874023438,94.77884674072266
787,cut2,787,POPC,430,190.0797882080078,32.644962310791016,102.44105529785156
787,cut2,787,POPC,431,136.3672637939453,56.955989837646484,88.22107696533203
787,cut2,787,POPC,432,198.9849090576172,45.738487243652344,101.53874969482422
787,cut2,787,POPC,433,177.40994262695312,29.273052215576172,97.7212142944336
787,cut2,787,POPC,434,57.8918800354004,208.0752410888672,96.10039520263672
787,cut2,787,POPC,435,70.01046752929688,32.0278434753418,98.27971649169922
787,cut2,787,POPC,436,99.60293579101562,233.2601776123047,95.23318481445312
787,cut2,787,POPC,437,152.03558349609375,159.105712890625,90.045654296875
787,cut2,787,POPC,438,122.20547485351562,196.9886016845703,78.61504364013672
787,cut2,787,POPC,439,33.7510986328125,69.29521942138672,97.01392364501953
787,cut2,787,POPC,440,25.713842391967773,207.6212615966797,93.20389556884766
787,cut2,787,POPC,441,141.25271606445312,121.04774475097656,85.83782196044922
787,cut2,787,POPC,442,85.04951477050781,163.24867248535156,74.74980163574219
787,cut2,787,POPC,443,38.28033447265625,222.20782470703125,96.9218978881836
787,cut2,787,POPC,444,183.21897888183594,26.548320770263672,100.92011260986328
787,cut2,787,POPC,445,135.04623413085938,92.38988494873047,76.80953216552734
787,cut2,787,POPC,446,125.38674926757812,182.24163818359375,79.18077087402344
787,cut2,787,POPC,447,20.108314514160156,214.33505249023438,95.05475616455078
787,cut2,787,POPC,448,122.9240493774414,139.32371520996094,83.9026870727539
787,cut2,787,POPC,449,53.31988525390625,131.17100524902344,74.86931610107422
787,cut2,787,POPC,450,121.92721557617188,170.18930053710938,75.16781616210938
787,cut2,787,POPC,451,62.99958419799805,92.8694076538086,83.21763610839844
787,cut2,787,POPC,452,23.791471481323242,156.10791015625,80.04444122314453
787,cut2,787,POPC,453,124.98216247558594,79.21190643310547,78.11278533935547
787,cut2,787,POPC,454,176.1806182861328,54.72126007080078,107.07720184326172
787,cut2,787,POPC,455,186.603515625,172.91268920898438,91.41153717041016
787,cut2,787,POPC,456,100.48336029052734,8.098295211791992,100.48095703125
787,cut2,787,POPC,457,117.3382339477539,72.24050903320312,78.56493377685547
787,cut2,787,POPC,458,73.50401306152344,184.14483642578125,87.55743408203125
787,cut2,787,POPC,459,186.31297302246094,236.01632690429688,96.16630554199219
787,cut2,787,POPC,460,124.64498901367188,16.416494369506836,94.97776794433594
787,cut2,787,POPC,461,63.81631851196289,43.19491195678711,95.06280517578125
787,cut2,787,POPC,462,29.99785614013672,167.17845153808594,90.18917083740234
787,cut2,787,POPC,463,58.862293243408196,235.68565368652344,55.5239372253418
787,cut2,787,POPC,464,27.04723358154297,91.64572143554688,96.95132446289062
787,cut2,787,POPC,465,116.62709045410156,52.430633544921875,84.69547271728516
787,cut2,787,POPC,466,49.21904373168945,96.87991333007812,82.71513366699219
787,cut2,787,POPC,467,163.3764190673828,201.65585327148438,51.760128021240234
787,cut2,787,POPC,468,136.7114715576172,13.703569412231445,99.50321197509766
787,cut2,787,POPC,469,43.88658142089844,22.267759323120117,97.9843521118164
787,cut2,787,POPC,470,104.6798324584961,167.90777587890625,71.72946166992188
787,cut2,787,POPC,471,192.93577575683594,74.49024963378906,98.86023712158203
787,cut2,787,POPC,472,194.56459045410156,3.481351375579834,97.63751220703125
787,cut2,787,POPC,473,90.39752960205078,165.09231567382812,71.70974731445312
787,cut2,787,POPC,474,184.06295776367188,117.5860595703125,98.3122329711914
787,cut2,787,POPC,475,201.7352294921875,112.5302505493164,96.63214111328125
787,cut2,787,POPC,476,167.6515350341797,65.35717010498047,102.36846923828125
787,cut2,787,POPC,477,76.40215301513672,225.8126678466797,98.19790649414064
787,cut2,787,POPC,478,63.31589126586914,78.85913848876953,88.5294418334961
787,cut2,787,POPC,479,74.09256744384766,193.08030700683594,95.54784393310545
787,cut2,787,POPC,480,51.80278396606445,43.19002151489258,98.29175567626953
787,cut2,787,POPC,481,24.264480590820312,12.740882873535156,102.58798217773438
787,cut2,787,POPC,482,42.06918716430664,131.2994842529297,74.00267791748047
787,cut2,787,POPC,483,146.40065002441406,4.131977558135986,97.92015075683594
787,cut2,787,POPC,484,169.73651123046875,209.37814331054688,90.66082000732422
787,cut2,787,POPC,485,132.7380828857422,150.65493774414062,82.61287689208984
787,cut2,787,POPC,486,91.43416595458984,127.60108184814453,78.82779693603516
787,cut2,787,POPC,487,175.18609619140628,90.91610717773438,97.87845611572266
787,cut2,787,POPC,488,37.108497619628906,171.0972442626953,87.56499481201172
787,cut2,787,POPC,489,19.300634384155273,66.62484741210938,98.62471771240234
787,cut2,787,POPC,490,37.12730026245117,207.66529846191406,96.33419036865234
787,cut2,787,POPC,491,116.15320587158203,183.92608642578125,76.42713928222656
787,cut2,787,POPC,492,145.00811767578125,60.940818786621094,88.0362777709961
787,cut2,787,POPC,493,42.420738220214844,151.1620635986328,79.77884674072266
787,cut2,787,POPC,494,172.05218505859375,154.46200561523438,92.29003143310547
787,cut2,787,POPC,495,112.89014434814453,151.61997985839844,70.86981201171875
787,cut2,787,POPC,496,78.95830535888672,217.6562957763672,96.91679382324219
787,cut2,787,POPC,497,74.84392547607422,163.56739807128906,82.79647827148438
787,cut2,787,POPC,498,161.13095092773438,184.18161010742188,88.28849029541016
787,cut2,787,POPC,499,122.1996841430664,101.80424499511719,82.97260284423828
787,cut2,787,POPC,500,36.10136413574219,126.64231872558594,73.88670349121094
787,cut2,787,POPC,501,199.9333038330078,96.46931457519531,95.71676635742188
787,cut2,787,POPC,502,121.11013031005861,2.727883815765381,97.56239318847656
787,cut2,787,POPC,503,28.841896057128906,201.65704345703125,94.36674499511719
787,cut2,787,POPC,504,73.32891845703125,52.6699104309082,95.6842041015625
787,cut2,787,POPC,505,63.573909759521484,175.7503204345703,86.05640411376953
787,cut2,787,POPC,506,111.18285369873047,190.79100036621094,75.22877502441406
787,cut2,787,POPC,507,142.1249542236328,170.3127899169922,85.396240234375
787,cut2,787,POPC,508,66.72748565673828,47.571533203125,55.856998443603516
787,cut2,787,POPC,509,67.9988021850586,80.85216522216797,81.37762451171875
787,cut2,787,POPC,510,13.059441566467285,85.13833618164062,96.9711685180664
787,cut2,787,POPC,511,130.69625854492188,138.82296752929688,85.7386245727539
787,cut2,787,POPC,512,58.706363677978516,15.158586502075195,101.29731750488281
787,cut2,787,POPC,513,76.9590835571289,7.33758020401001,99.56752014160156
787,cut2,787,POPC,514,182.33460998535156,222.06893920898438,97.45693969726562
787,cut2,787,POPC,515,150.61126708984375,190.89476013183594,90.15550231933594
787,cut2,787,POPC,516,14.716052055358887,202.58070373535156,94.40491485595703
787,cut2,787,POPC,517,183.26397705078125,168.27154541015625,94.6324691772461
787,cut2,787,POPC,518,20.878238677978516,136.45912170410156,75.86023712158203
787,cut2,787,POPC,519,110.83141326904297,83.49388122558594,78.16551971435547
787,cut2,787,POPC,520,171.04917907714844,215.6852569580078,90.65949249267578
787,cut2,787,POPC,521,91.86033630371094,116.02932739257812,89.10655212402344
787,cut2,787,POPC,522,103.1292953491211,71.60486602783203,82.17266845703125
787,cut2,787,POPC,523,26.369350433349613,35.89198684692383,98.48738861083984
787,cut2,787,POPC,524,139.79713439941406,146.2344207763672,86.85100555419922
787,cut2,787,POPC,525,57.91707992553711,174.43453979492188,82.71004486083984
787,cut2,787,POPC,526,143.53494262695312,15.69318962097168,101.73609924316406
787,cut2,787,POPC,527,66.71234130859375,137.86473083496094,75.45496368408203
787,cut2,787,POPC,528,41.825111389160156,16.34391975402832,99.66241455078125
787,cut2,787,POPC,529,17.79427719116211,7.314602375030518,99.54985046386719
787,cut2,787,POPC,530,69.3198471069336,188.7460479736328,92.23011779785156
787,cut2,787,POPC,531,172.5478057861328,76.48554229736328,99.65151977539062
787,cut2,787,POPC,532,12.819230079650879,67.48826599121094,99.34186553955078
787,cut2,787,POPC,533,5.191160202026367,46.14842987060547,101.00582122802733
787,cut2,787,POPC,534,116.60853576660156,212.0389404296875,84.32788848876953
787,cut2,787,POPC,535,198.0040283203125,170.54885864257812,90.7337417602539
787,cut2,787,POPC,536,90.43348693847656,25.923355102539062,98.60919189453125
787,cut2,787,POPC,537,153.75778198242188,6.603118419647217,99.61273956298828
787,cut2,787,POPC,538,64.09442901611328,184.09124755859375,86.68475341796875
787,cut2,787,POPC,539,163.898193359375,86.40066528320312,97.68482208251953
787,cut2,787,POPC,540,164.12930297851562,204.4124298095703,87.6258773803711
787,cut2,787,POPC,541,146.01760864257812,189.81184387207028,84.9982681274414
787,cut2,787,POPC,542,106.49677276611328,77.08357238769531,80.9347915649414
787,cut2,787,POPC,543,176.34371948242188,22.251201629638672,99.76124572753906
787,cut2,787,POPC,544,172.5429229736328,119.28050994873047,99.55632019042969
787,cut2,787,POPC,545,59.547481536865234,22.001583099365234,99.06568908691406
787,cut2,787,POPC,546,56.983001708984375,39.3803825378418,97.37447357177734
787,cut2,787,POPC,547,31.633190155029297,151.16873168945312,78.63638305664062
787,cut2,787,POPC,548,84.16159057617188,85.42216491699219,80.56453704833984
787,cut2,787,POPC,549,77.64283752441406,77.33529663085938,86.22673797607422
787,cut2,787,POPC,550,9.559700965881348,139.57102966308594,77.44977569580078
787,cut2,787,POPC,551,85.03170776367188,13.049301147460938,98.15258026123047
787,cut2,787,POPC,552,-1.5549492835998535,189.0941162109375,93.24187469482422
787,cut2,787,POPC,553,57.88086318969727,32.86125183105469,96.40953826904297
787,cut2,787,POPC,554,85.15525817871094,199.85554504394534,90.7014389038086
787,cut2,787,POPC,555,69.12069702148438,210.42225646972656,90.79066467285156
787,cut2,787,POPC,556,186.9824981689453,104.91910552978516,95.661865234375
787,cut2,787,POPC,557,56.174564361572266,199.57838439941406,91.67405700683594
787,cut2,787,POPC,558,104.91059875488281,88.80215454101562,78.64339447021484
787,cut2,787,POPC,559,126.78389739990234,175.50888061523438,78.42462921142578
787,cut2,787,POPC,560,25.709373474121094,190.38748168945312,94.22530364990234
787,cut2,787,POPC,561,201.70236206054688,19.65159416198731,99.37711334228516
787,cut2,787,POPC,562,190.87399291992188,54.347476959228516,104.0253677368164
787,cut2,787,POPC,563,191.25096130371094,179.8019561767578,92.21306610107422
787,cut2,787,POPC,564,2.529871940612793,74.3382797241211,99.7146224975586
787,cut2,787,POPC,565,57.1192512512207,236.39744567871094,97.13042449951172
787,cut2,787,POPC,566,87.4834976196289,142.0652618408203,77.62616729736328
787,cut2,787,POPC,567,68.19939422607422,170.5619659423828,81.98235321044922
787,cut2,787,POPC,568,9.962535858154297,59.74345397949219,102.73165130615234
787,cut2,787,POPC,569,154.583984375,236.86373901367188,93.61189270019531
787,cut2,787,POPC,570,197.6527862548828,226.2871856689453,97.35570526123047
787,cut2,787,POPC,571,49.476280212402344,109.65354156494142,40.75692367553711
787,cut2,787,POPC,572,18.775167465209964,60.97938537597656,103.9122314453125
787,cut2,787,POPC,573,124.03469848632812,21.76692008972168,96.6597671508789
787,cut2,787,POPC,574,170.330810546875,6.426289081573486,100.7551040649414
787,cut2,787,POPC,575,49.74712371826172,49.52052307128906,98.1032943725586
787,cut2,787,POPC,576,169.7736053466797,136.0137481689453,93.90214538574219
787,cut2,787,POPC,577,131.19595336914062,189.2114715576172,78.96415710449219
787,cut2,787,POPC,578,56.55226516723633,167.81021118164062,82.45613861083984
787,cut2,787,POPC,579,179.65322875976562,135.67803955078125,92.08782196044922
787,cut2,787,POPC,580,143.25286865234378,141.51307678222656,89.37678527832031
787,cut2,787,POPC,581,109.15972900390625,182.70802307128906,72.67107391357422
787,cut2,787,POPC,582,16.86450576782227,235.28594970703125,97.51295471191406
787,cut2,787,POPC,583,184.91384887695312,191.08016967773438,92.78357696533203
787,cut2,787,POPC,584,171.37640380859375,107.46455383300781,59.256256103515625
787,cut2,787,POPC,585,63.25791549682617,237.85870361328125,98.29692840576172
787,cut2,787,POPC,586,141.92332458496094,7.965914249420166,98.55693054199219
787,cut2,787,POPC,587,104.24974060058594,1.4675102233886719,98.95978546142578
787,cut2,787,POPC,588,22.168785095214844,235.4442901611328,99.95552062988281
787,cut2,787,POPC,589,184.75341796875,51.799076080322266,106.5074234008789
787,cut2,787,POPC,590,43.80657958984375,145.45980834960938,75.68891143798828
787,cut2,787,POPC,591,87.09347534179688,157.2091522216797,72.66716003417969
787,cut2,787,POPC,592,65.16106414794922,201.10157775878906,53.10049057006836
787,cut2,787,POPC,593,17.216007232666016,32.48229217529297,103.0445327758789
787,cut2,787,POPC,594,175.6800537109375,225.7247772216797,97.28398895263672
787,cut2,787,POPC,595,77.9625244140625,16.922771453857422,99.1015853881836
787,cut2,787,POPC,596,113.0745849609375,205.9890594482422,82.163330078125
787,cut2,787,POPC,597,107.55525207519531,150.26548767089844,67.95001220703125
787,cut2,787,POPC,598,36.41252517700195,196.23858642578125,95.69103240966797
787,cut2,787,POPC,599,116.41461181640625,21.685956954956055,95.72405242919922
787,cut2,787,POPC,600,27.466999053955078,126.86126708984375,74.0284423828125
787,cut2,787,POPC,601,11.636052131652832,178.04629516601562,90.26947021484375
787,cut2,787,POPC,602,162.59080505371094,119.25199127197266,101.91522216796875
787,cut2,787,POPC,603,88.49193572998047,4.3096089363098145,99.40978240966797
787,cut2,787,POPC,604,192.0217742919922,218.37921142578125,93.7030029296875
787,cut2,787,POPC,605,125.33333587646484,6.459461688995361,93.79779815673828
787,cut2,787,POPC,606,154.8954315185547,1.5810952186584473,97.29733276367188
787,cut2,787,POPC,607,81.5783233642578,137.02967834472656,75.82766723632811
787,cut2,787,POPC,608,68.49159240722656,218.56956481933594,94.77528381347656
787,cut2,787,POPC,609,10.731209754943848,220.49769592285156,98.96985626220703
787,cut2,787,POPC,610,41.152217864990234,196.46080017089844,88.2708969116211
787,cut2,787,POPC,611,188.0319061279297,203.560791015625,99.70336151123047
787,cut2,787,POPC,612,38.09061050415039,201.5111083984375,93.48591613769531
787,cut2,787,POPC,613,176.20632934570315,225.49911499023438,54.6005973815918
787,cut2,787,POPC,614,123.66749572753906,226.54774475097656,84.79163360595703
787,cut2,787,POPC,615,18.005290985107422,171.06809997558594,83.91719818115234
787,cut2,787,POPC,616,191.19891357421875,240.50599670410156,94.03221130371094
787,cut2,787,POPC,617,158.0837860107422,202.9752197265625,85.18038940429688
787,cut2,787,POPC,618,11.037835121154783,148.84767150878906,80.28987884521484
787,cut2,787,POPC,619,40.72844696044922,157.8204803466797,83.07662200927734
787,cut2,787,POPC,620,9.68747615814209,232.3223114013672,101.07170104980469
787,cut2,787,POPC,621,-3.613781213760376,19.817413330078125,99.67347717285156
787,cut2,787,POPC,622,171.6564178466797,186.00112915039062,90.66004180908203
787,cut2,787,POPC,623,129.08535766601562,63.15021514892578,86.21092987060547
787,cut2,787,POPC,624,156.99990844726562,170.85804748535156,89.15474700927734
787,cut2,787,POPC,625,130.6357879638672,184.4864044189453,81.9488754272461
787,cut2,787,POPC,626,132.58921813964844,102.05638885498047,42.061222076416016
787,cut2,787,POPC,627,45.208412170410156,238.04693603515625,60.9215087890625
787,cut2,787,POPC,628,65.19610595703125,186.9541778564453,52.06206130981445
787,cut2,787,POPC,629,164.3813934326172,163.16925048828125,51.788116455078125
787,cut2,787,POPC,630,115.75459289550781,59.88081359863281,49.7550163269043
787,cut2,787,POPC,631,196.9339599609375,3.704711437225342,60.02851104736328
787,cut2,787,POPC,632,128.44888305664062,201.968505859375,42.45507049560547
787,cut2,787,POPC,633,137.52557373046875,158.11500549316406,45.0868034362793
787,cut2,787,POPC,634,79.1467056274414,222.0198516845703,61.52661895751953
787,cut2,787,POPC,635,141.335205078125,22.232473373413086,57.65660858154297
787,cut2,787,POPC,636,29.53933334350586,154.1919403076172,46.19601821899413
787,cut2,787,POPC,637,38.45439529418945,238.2298583984375,61.523860931396484
787,cut2,787,POPC,638,91.69705963134766,36.79014587402344,52.572269439697266
787,cut2,787,POPC,639,73.5657730102539,197.1475372314453,49.14076232910156
787,cut2,787,POPC,640,6.146622657775879,239.22401428222653,60.83252716064453
787,cut2,787,POPC,641,0.6194467544555664,177.2212677001953,48.70379638671875
787,cut2,787,POPC,642,166.26365661621094,188.18666076660156,49.662269592285156
787,cut2,787,POPC,643,68.72866821289062,218.4183807373047,57.89523696899414
787,cut2,787,POPC,644,41.354454040527344,90.85281372070312,50.27741241455078
787,cut2,787,POPC,645,-0.8794651031494141,72.54286193847656,60.814971923828125
787,cut2,787,POPC,646,189.7832489013672,10.41622543334961,62.80538558959961
787,cut2,787,POPC,647,191.74803161621094,40.76266098022461,62.03708267211914
787,cut2,787,POPC,648,168.6389617919922,155.5277862548828,57.96404266357422
787,cut2,787,POPC,649,184.2431182861328,81.94403839111328,62.27371597290039
787,cut2,787,POPC,650,194.3363800048828,184.10646057128906,52.66061782836914
787,cut2,787,POPC,651,171.3937225341797,158.91465759277344,54.31681442260742
787,cut2,787,POPC,652,179.68614196777344,194.5438995361328,51.31637191772461
787,cut2,787,POPC,653,194.1986541748047,207.69293212890625,54.0410270690918
787,cut2,787,POPC,654,53.55666732788086,185.69483947753906,49.11270523071289
787,cut2,787,POPC,655,36.23263931274414,55.82307052612305,54.44602584838867
787,cut2,787,POPC,656,21.89885902404785,7.091081142425537,62.94115829467774
787,cut2,787,POPC,657,25.307151794433594,161.35647583007812,49.48099136352539
787,cut2,787,POPC,658,89.29462432861328,128.98370361328125,47.11595153808594
787,cut2,787,POPC,659,52.49459457397461,167.38931274414062,48.86527633666992
787,cut2,787,POPC,660,86.5649642944336,43.169883728027344,52.27546310424805
787,cut2,787,POPC,661,31.53659439086914,67.56547546386719,56.69510269165039
787,cut2,787,POPC,662,174.76510620117188,54.859947204589844,68.95068359375
787,cut2,787,POPC,663,144.61654663085938,188.7928924560547,41.159053802490234
787,cut2,787,POPC,664,22.35799789428711,50.08777618408203,58.76689147949219
787,cut2,787,POPC,665,181.70523071289062,217.91094970703125,56.236846923828125
787,cut2,787,POPC,666,150.4781951904297,138.48159790039062,47.777442932128906
787,cut2,787,POPC,667,0.9982213973999023,103.25725555419922,59.67768859863281
787,cut2,787,POPC,668,160.84970092773438,155.4162139892578,53.34556198120117
787,cut2,787,POPC,669,143.0799102783203,132.82150268554688,47.445960998535156
787,cut2,787,POPC,670,-1.7912507057189941,9.683514595031738,62.39678955078125
787,cut2,787,POPC,671,80.85445404052734,80.30301666259766,47.93552017211913
787,cut2,787,POPC,672,-1.3751850128173828,213.32470703125,57.96349334716797
787,cut2,787,POPC,673,116.22025299072266,21.6429386138916,58.456485748291016
787,cut2,787,POPC,674,181.8807373046875,53.20133209228515,69.84229278564453
787,cut2,787,POPC,675,70.26410675048828,184.76971435546875,48.569644927978516
787,cut2,787,POPC,676,74.18289947509766,87.46794128417969,39.68828201293945
787,cut2,787,POPC,677,144.9337158203125,197.07614135742188,44.497344970703125
787,cut2,787,POPC,678,47.75604248046875,4.032008647918701,64.34223937988281
787,cut2,787,POPC,679,84.05587768554688,8.421788215637207,59.95868682861328
787,cut2,787,POPC,680,134.3470001220703,173.0001983642578,39.979854583740234
787,cut2,787,POPC,681,46.37788009643555,22.00907325744629,62.814395904541016
787,cut2,787,POPC,682,121.82811737060547,78.40540313720703,49.25726318359376
787,cut2,787,POPC,683,165.51043701171875,246.13597106933594,58.395713806152344
787,cut2,787,POPC,684,114.09690856933592,138.94247436523438,40.894344329833984
787,cut2,787,POPC,685,91.26768493652344,43.88768768310547,53.24845886230469
787,cut2,787,POPC,686,71.99768829345703,164.05474853515625,41.091304779052734
787,cut2,787,POPC,687,19.750974655151367,184.3745574951172,47.51655960083008
787,cut2,787,POPC,688,66.36759185791016,213.046875,54.29759216308594
787,cut2,787,POPC,689,59.46335983276367,206.7202606201172,52.626380920410156
787,cut2,787,POPC,690,190.12008666992188,179.31837463378906,54.3515510559082
787,cut2,787,POPC,691,10.885987281799316,85.23932647705078,58.75514221191406
787,cut2,787,POPC,692,190.90023803710938,193.4137725830078,55.73430633544922
787,cut2,787,POPC,693,125.24515533447266,150.7934112548828,36.020809173583984
787,cut2,787,POPC,694,171.83877563476562,177.25392150878906,53.970794677734375
787,cut2,787,POPC,695,155.05198669433594,205.01739501953125,50.86807632446289
787,cut2,787,POPC,696,119.20561981201172,43.076988220214844,57.913448333740234
787,cut2,787,POPC,697,77.74564361572266,228.1630859375,61.52531051635742
787,cut2,787,POPC,698,90.46171569824219,29.972415924072266,57.88828659057617
787,cut2,787,POPC,699,14.440817832946777,19.32299041748047,64.28825378417969
787,cut2,787,POPC,700,106.96674346923828,8.569561004638672,60.394771575927734
787,cut2,787,POPC,701,130.14549255371094,192.1443634033203,42.93081283569336
787,cut2,787,POPC,702,58.39541244506836,71.49092864990234,44.899169921875
787,cut2,787,POPC,703,60.94144821166992,57.4781608581543,53.48535919189453
787,cut2,787,POPC,704,88.65367889404297,217.6131134033203,51.05786895751953
787,cut2,787,POPC,705,84.10044860839844,228.41102600097656,58.393131256103516
787,cut2,787,POPC,706,55.28865432739258,211.70773315429688,55.406005859375
787,cut2,787,POPC,707,198.15980529785156,33.336769104003906,65.4195556640625
787,cut2,787,POPC,708,58.95188522338867,133.07789611816406,76.60850524902344
787,cut2,787,POPC,709,183.3848876953125,238.8767852783203,52.074222564697266
787,cut2,787,POPC,710,184.5428466796875,227.77418518066406,53.132659912109375
787,cut2,787,POPC,711,44.30177307128906,97.30704498291016,51.11211013793945
787,cut2,787,POPC,712,55.327171325683594,231.8159942626953,58.205020904541016
787,cut2,787,POPC,713,29.114200592041016,26.865947723388672,60.533199310302734
787,cut2,787,POPC,714,165.00009155273438,33.23500442504883,64.03089141845703
787,cut2,787,POPC,715,11.511307716369629,178.39306640625,46.11896896362305
787,cut2,787,POPC,716,11.266337394714355,35.9491081237793,65.65804290771484
787,cut2,787,POPC,717,180.9946746826172,88.83992004394531,64.23518371582031
787,cut2,787,POPC,718,75.24235534667969,216.9889678955078,57.26020431518555
787,cut2,787,POPC,719,10.85683536529541,51.81981658935547,61.17807388305664
787,cut2,787,POPC,720,5.881824493408203,172.6606903076172,46.982025146484375
787,cut2,787,POPC,721,108.28831481933594,103.520263671875,40.498634338378906
787,cut2,787,POPC,722,158.18084716796875,221.8505401611328,53.615089416503906
787,cut2,787,POPC,723,104.1232681274414,170.2918243408203,36.166038513183594
787,cut2,787,POPC,724,100.84840393066406,3.812023639678955,60.80561828613281
787,cut2,787,POPC,725,10.596667289733887,248.9639434814453,66.74608612060547
787,cut2,787,POPC,726,100.17727661132812,52.41276931762695,47.44334411621094
787,cut2,787,POPC,727,13.6605863571167,233.62168884277344,61.08739471435547
787,cut2,787,POPC,728,64.63521575927734,79.24507141113281,44.42839813232422
787,cut2,787,POPC,729,38.3280143737793,36.126182556152344,64.31659698486328
787,cut2,787,POPC,730,58.07048034667969,14.577096939086914,60.66944122314453
787,cut2,787,POPC,731,65.73068237304688,180.00599670410156,46.63664245605469
787,cut2,787,POPC,732,190.84825134277344,164.9189910888672,56.71642303466797
787,cut2,787,POPC,733,133.43460083007812,16.115886688232422,53.087223052978516
787,cut2,787,POPC,734,157.74020385742188,145.02427673339844,52.672786712646484
787,cut2,787,POPC,735,50.16865539550781,190.35984802246094,51.26575088500977
787,cut2,787,POPC,736,2.8190698623657227,206.17062377929688,55.12617111206055
787,cut2,787,POPC,737,6.024710655212402,57.18463134765625,65.15995788574219
787,cut2,787,POPC,738,1.379530906677246,218.36325073242188,59.74066925048828
787,cut2,787,POPC,739,181.3506317138672,136.89593505859375,60.680152893066406
787,cut2,787,POPC,740,56.839088439941406,36.06463623046875,58.267181396484375
787,cut2,787,POPC,741,189.0588836669922,170.08514404296875,56.18791198730469
787,cut2,787,POPC,742,10.125624656677246,227.7538604736328,57.90950393676758
787,cut2,787,POPC,743,83.58301544189453,223.0092010498047,55.499961853027344
787,cut2,787,POPC,744,112.38587951660156,13.02127456665039,62.226200103759766
787,cut2,787,POPC,745,56.6569938659668,193.55569458007812,54.49687576293945
787,cut2,787,POPC,746,156.29922485351562,150.9683380126953,53.83909225463867
787,cut2,787,POPC,747,-0.3754582405090332,162.82147216796875,48.31815719604492
787,cut2,787,POPC,748,119.16358947753906,55.69540786743164,53.91609573364258
787,cut2,787,POPC,749,26.01175308227539,218.68389892578125,60.9512825012207
787,cut2,787,POPC,750,108.5672378540039,71.28601837158203,44.69172668457031
787,cut2,787,POPC,751,77.4463119506836,240.88275146484375,61.56853103637695
787,cut2,787,POPC,752,84.01598358154297,25.6483211517334,60.712982177734375
787,cut2,787,POPC,753,15.321656227111816,31.06930160522461,63.75680160522461
787,cut2,787,POPC,754,149.52059936523438,219.12832641601562,57.63119888305664
787,cut2,787,POPC,755,127.31588745117186,209.68365478515625,47.97039794921875
787,cut2,787,POPC,756,35.51672363281249,220.45281982421875,59.67336654663086
787,cut2,787,POPC,757,0.531670093536377,83.485107421875,62.07433319091797
787,cut2,787,POPC,758,8.728313446044922,184.0701141357422,46.38917922973633
787,cut2,787,POPC,759,100.34334564208984,22.756914138793945,55.8488655090332
787,cut2,787,POPC,760,164.56932067871094,126.29364013671875,55.9753532409668
787,cut2,787,POPC,761,176.57861328125,71.59439849853516,61.977081298828125
787,cut2,787,POPC,762,20.331302642822266,242.721923828125,59.13254928588867
787,cut2,787,POPC,763,162.53297424316406,110.62554168701172,61.24123764038086
787,cut2,787,POPC,764,53.65107345581055,84.80018615722656,47.595184326171875
787,cut2,787,POPC,765,20.93880271911621,89.32986450195312,56.40420913696289
787,cut2,787,POPC,766,67.3411636352539,159.3061981201172,45.2191276550293
787,cut2,787,POPC,767,74.24885559082031,171.70994567871094,42.615272521972656
787,cut2,787,POPC,768,86.51095581054688,71.8426284790039,51.17488479614258
787,cut2,787,POPC,769,185.952392578125,58.89971160888672,66.10773468017578
787,cut2,787,POPC,770,116.32528686523438,31.405643463134766,56.87434768676758
787,cut2,787,POPC,771,194.99378967285156,58.40501403808594,68.15572357177734
787,cut2,787,POPC,772,176.83737182617188,15.985696792602539,61.28239440917969
787,cut2,787,POPC,773,42.798919677734375,57.60120391845703,57.14149856567383
787,cut2,787,POPC,774,44.831573486328125,14.54603385925293,61.62147521972656
787,cut2,787,POPC,775,167.08135986328125,132.8165740966797,55.69471359252929
787,cut2,787,POPC,776,9.9740571975708,23.91132354736328,64.3844985961914
787,cut2,787,POPC,777,146.65139770507812,172.6142578125,43.42234420776367
787,cut2,787,POPC,778,174.427734375,194.69410705566406,53.03642272949219
787,cut2,787,POPC,779,7.507794380187988,233.9331817626953,59.06502151489258
787,cut2,787,POPC,780,11.361918449401855,166.90562438964844,45.39223098754883
787,cut2,787,POPC,781,93.31350708007812,241.45654296875,60.69790267944336
787,cut2,787,POPC,782,143.0086212158203,124.49163818359375,48.903751373291016
787,cut2,787,POPC,783,52.55271911621094,174.37245178222656,46.45302963256836
787,cut2,787,POPC,784,112.1805419921875,45.64521789550781,53.82680130004883
787,cut2,787,POPC,785,14.427714347839355,12.909812927246094,65.5542984008789
787,cut2,787,POPC,786,189.0073699951172,186.49041748046875,55.86142349243164
787,cut2,787,POPC,787,154.8812255859375,213.4064483642578,54.467872619628906
787,cut2,787,POPC,788,32.378780364990234,208.537353515625,51.477848052978516
787,cut2,787,POPC,789,123.7503433227539,6.356781482696533,57.12916946411133
787,cut2,787,POPC,790,94.40325927734375,4.074075222015381,65.63233184814453
787,cut2,787,POPC,791,104.75370025634766,63.89018249511719,48.54860305786133
787,cut2,787,POPC,792,74.08592987060547,34.87097930908203,54.522464752197266
787,cut2,787,POPC,793,148.8278045654297,22.602691650390625,56.69035720825195
787,cut2,787,POPC,794,98.89163208007812,16.980993270874023,58.239723205566406
787,cut2,787,POPC,795,74.95455169677734,44.08152389526367,53.56349563598633
787,cut2,787,POPC,796,181.1961212158203,112.1368408203125,59.2704963684082
787,cut2,787,POPC,797,33.04776382446289,5.435598850250244,63.19376754760742
787,cut2,787,POPC,798,55.20695495605469,59.13587951660156,57.252079010009766
787,cut2,787,POPC,799,171.84217834472656,60.09327697753906,68.92451477050781
787,cut2,787,POPC,800,104.03929138183594,97.84500885009766,40.237735748291016
787,cut2,787,POPC,801,46.915260314941406,30.383853912353516,63.09365463256836
787,cut2,787,POPC,802,35.83721923828125,74.2569351196289,54.035240173339844
787,cut2,787,POPC,803,157.53944396972656,23.555919647216797,60.221614837646484
787,cut2,787,POPC,804,130.41952514648438,161.57696533203128,39.6334114074707
787,cut2,787,POPC,805,154.95489501953125,19.172609329223633,56.161659240722656
787,cut2,787,POPC,806,58.637638092041016,19.812406539916992,59.860107421875
787,cut2,787,POPC,807,121.75311279296875,11.029350280761719,54.80952835083008
787,cut2,787,POPC,808,46.490394592285156,63.76959228515625,53.239036560058594
787,cut2,787,POPC,809,177.95777893066406,42.44891357421875,66.8421859741211
787,cut2,787,POPC,810,20.820493698120117,195.1519775390625,53.84980010986328
787,cut2,787,POPC,811,150.8644256591797,167.18348693847656,48.12412643432617
787,cut2,787,POPC,812,146.30160522460938,14.748075485229492,55.08328628540039
787,cut2,787,POPC,813,44.39715576171875,36.39094543457031,64.3653335571289
787,cut2,787,POPC,814,189.9809112548828,120.77843475341797,53.04094696044922
787,cut2,787,POPC,815,24.29966926574707,142.2596893310547,41.875030517578125
787,cut2,787,POPC,816,16.56293487548828,238.82070922851562,61.09712600708008
787,cut2,787,POPC,817,195.9738311767578,23.903047561645508,62.115299224853516
787,cut2,787,POPC,818,46.56782913208008,222.7505645751953,55.780174255371094
787,cut2,787,POPC,819,94.90811920166016,108.73920440673828,39.037105560302734
787,cut2,787,POPC,820,30.743614196777344,114.5555191040039,42.34546661376953
787,cut2,787,POPC,821,139.64064025878906,198.48556518554688,42.0045280456543
787,cut2,787,POPC,822,2.7695846557617188,138.33465576171875,52.244873046875
787,cut2,787,POPC,823,88.72786712646484,15.069353103637695,59.50243377685547
787,cut2,787,POPC,824,75.84239196777344,131.88104248046875,75.59333801269531
787,cut2,787,POPC,825,88.19217681884766,3.414027690887451,64.73387908935547
787,cut2,787,POPC,826,168.38075256347656,85.4787368774414,62.63087844848633
787,cut2,787,POPC,827,176.86782836914062,102.34219360351562,58.92455291748047
787,cut2,787,POPC,828,184.48605346679688,70.71321868896484,61.407833099365234
787,cut2,787,POPC,829,21.587141036987305,68.50865936279297,56.3255615234375
787,cut2,787,POPC,830,39.12205505371094,165.06539916992188,46.57332229614258
787,cut2,787,POPC,831,171.0968475341797,53.199039459228516,65.68431854248047
787,cut2,787,POPC,832,190.09835815429688,80.8115463256836,62.6909065246582
787,cut2,787,POPC,833,172.89874267578125,80.59027099609375,61.26388931274414
787,cut2,787,POPC,834,58.31499099731445,179.15606689453125,49.30068588256836
787,cut2,787,POPC,835,24.436750411987305,28.35723114013672,63.2324104309082
787,cut2,787,POPC,836,41.80950164794922,70.33003997802734,55.3934211730957
787,cut2,787,POPC,837,6.722646713256836,42.402488708496094,62.92191696166992
787,cut2,787,POPC,838,109.20926666259766,3.208052158355713,62.12212371826172
787,cut2,787,POPC,839,158.52325439453125,139.46177673339844,50.88777160644531
787,cut2,787,POPC,840,72.84272766113281,222.916015625,62.85221481323242
787,cut2,787,POPC,841,11.523299217224121,220.53762817382812,55.45164108276367
787,cut2,787,POPC,842,25.45424461364746,235.90997314453125,61.44055175781251
787,cut2,787,POPC,843,46.415287017822266,9.027286529541016,59.11301803588867
787,cut2,787,POPC,844,72.263427734375,76.0940933227539,44.11103820800781
787,cut2,787,POPC,845,95.57637023925781,9.927131652832031,63.6151237487793
787,cut2,787,POPC,846,178.6456298828125,62.6259765625,67.48301696777342
787,cut2,787,POPC,847,28.725296020507812,16.80887222290039,62.00636672973633
787,cut2,787,POPC,848,189.64015197753906,50.20490264892578,68.8059310913086
787,cut2,787,POPC,849,196.34716796875,78.16339874267578,60.670658111572266
787,cut2,787,POPC,850,178.8124542236328,95.36628723144531,60.40955352783203
787,cut2,787,POPC,851,90.71951293945312,23.310218811035156,57.27904510498047
787,cut2,787,POPC,852,152.26986694335938,176.17465209960938,47.88376998901367
787,cut2,787,POPC,853,62.86336135864258,173.63734436035156,46.70308303833008
787,cut2,787,POPC,854,14.100890159606934,58.12690734863281,59.885929107666016
787,cut2,787,POPC,855,18.485931396484375,81.28274536132812,54.16950988769531
787,cut2,787,POPC,856,121.68328094482422,184.09275817871094,38.62949752807617
787,cut2,787,POPC,857,121.31564331054688,102.19358825683594,39.061492919921875
787,cut2,787,POPC,858,0.2962527275085449,183.8673095703125,48.32210159301758
787,cut2,787,POPC,859,108.11695861816406,19.16607666015625,57.011783599853516
787,cut2,787,POPC,860,66.62149810791016,234.53416442871094,60.01994705200195
787,cut2,787,POPC,861,13.313435554504395,197.44482421875,53.1976432800293
787,cut2,787,POPC,862,19.561702728271484,75.98744201660156,57.253196716308594
787,cut2,787,POPC,863,-1.2262587547302246,88.8501205444336,62.003631591796875
787,cut2,787,POPC,864,70.90665435791016,54.33196258544922,52.06962585449219
787,cut2,787,POPC,865,34.5206184387207,97.10401916503906,50.14085388183594
787,cut2,787,POPC,866,27.50217056274414,69.57059478759766,100.51776885986328
787,cut2,787,POPC,867,11.67607593536377,150.26698303222656,45.128456115722656
787,cut2,787,POPC,868,34.33053970336914,175.68299865722656,51.96536636352539
787,cut2,787,POPC,869,168.3306121826172,119.20185089111328,58.60835266113281
787,cut2,787,POPC,870,63.51193618774414,148.76243591308594,40.57490921020508
787,cut2,787,POPC,871,171.5950164794922,213.3927001953125,54.121612548828125
787,cut2,787,POPC,872,136.41720581054688,181.782470703125,42.63383483886719
787,cut2,787,POPC,873,56.28626251220703,148.6856689453125,39.65752792358399
787,cut2,787,POPC,874,55.13963317871094,153.0345001220703,44.70489883422852
787,cut2,787,POPC,875,5.082585334777832,190.06771850585938,50.251914978027344
787,cut2,787,POPC,876,112.33692932128906,36.27064514160156,55.4132308959961
787,cut2,787,POPC,877,47.1826286315918,196.12474060058594,51.6128044128418
787,cut2,787,POPC,878,149.05767822265625,145.99729919433594,50.20426559448242
787,cut2,787,POPC,879,23.95673370361328,101.19469451904297,90.96660614013672
787,cut2,787,POPC,880,64.05743408203125,129.5016632080078,35.21573257446289
787,cut2,787,POPC,881,181.84860229492188,46.08933639526367,66.75594329833984
787,cut2,787,POPC,882,104.22285461425781,114.43299102783203,40.90781021118164
787,cut2,787,POPC,883,126.90037536621094,33.30752944946289,57.17612838745117
787,cut2,787,POPC,884,193.33319091796875,223.80238342285156,56.31084442138672
787,cut2,787,POPC,885,51.08423614501953,161.39373779296875,50.78972244262695
787,cut2,787,POPC,886,53.12791061401367,197.9527130126953,53.29097366333008
787,cut2,787,POPC,887,72.71725463867188,241.91143798828125,57.89625549316406
787,cut2,787,POPC,888,174.13409423828125,244.07431030273438,53.98654556274414
787,cut2,787,POPC,889,51.101036071777344,238.0022735595703,60.77473068237305
787,cut2,787,POPC,890,175.60682678222656,234.3817596435547,54.127159118652344
787,cut2,787,POPC,891,191.4409942626953,217.822021484375,57.450382232666016
787,cut2,787,POPC,892,186.87986755371094,205.77581787109375,53.98994445800781
787,cut2,787,POPC,893,21.882850646972656,179.03465270996094,46.292457580566406
787,cut2,787,POPC,894,3.520553588867187,62.848731994628906,62.79239273071289
787,cut2,787,POPC,895,97.15605163574219,27.1048583984375,57.30659103393555
787,cut2,787,POPC,896,141.58998107910156,212.04879760742188,49.15345001220703
787,cut2,787,POPC,897,189.2578887939453,63.211570739746094,64.15583801269531
787,cut2,787,POPC,898,77.41487121582031,212.17100524902344,55.119873046875
787,cut2,787,POPC,899,100.7705307006836,104.6551742553711,38.13972854614258
787,cut2,787,POPC,900,80.47254943847656,2.687391757965088,60.15092468261719
787,cut2,787,POPC,901,24.43723487854004,37.242652893066406,63.57938003540039
787,cut2,787,POPC,902,25.404644012451172,225.85467529296875,61.70944595336914
787,cut2,787,POPC,903,186.90452575683594,134.7986297607422,57.3804931640625
787,cut2,787,POPC,904,29.578800201416016,242.8903350830078,63.54201126098633
787,cut2,787,POPC,905,163.14462280273438,180.462890625,49.23638153076171
787,cut2,787,POPC,906,51.17134475708008,17.248971939086914,60.306087493896484
787,cut2,787,POPC,907,43.18225860595703,204.16322326660156,54.35314178466797
787,cut2,787,POPC,908,35.332252502441406,189.89437866210938,52.69239807128907
787,cut2,787,POPC,909,199.27003479003906,199.02432250976562,53.07190704345703
787,cut2,787,POPC,910,184.5515594482422,179.14602661132812,54.55989074707031
787,cut2,787,POPC,911,186.9376220703125,147.1230926513672,62.22281265258789
787,cut2,787,POPC,912,8.855972290039062,90.81040954589844,59.66911315917969
787,cut2,787,POPC,913,121.2408447265625,93.22087097167969,38.00090026855469
787,cut2,787,POPC,914,23.788108825683594,43.149715423583984,61.08253860473633
787,cut2,787,POPC,915,178.42361450195312,162.23211669921875,56.98533248901367
787,cut2,787,POPC,916,145.27330017089844,240.58255004882812,60.76143264770508
787,cut2,787,POPC,917,164.89456176757812,215.58042907714844,53.634788513183594
787,cut2,787,POPC,918,195.26434326171875,49.8375129699707,66.7281494140625
787,cut2,787,POPC,919,26.570858001708984,202.4510040283203,53.03760528564453
787,cut2,787,POPC,920,68.99201202392578,24.535993576049805,57.207855224609375
787,cut2,787,POPC,921,68.09874725341797,34.726905822753906,54.441246032714844
787,cut2,787,POPC,922,117.92854309082031,145.30303955078125,37.91566467285156
787,cut2,787,POPC,923,17.44077491760254,147.64991760253906,44.082275390625
787,cut2,787,POPC,924,18.386537551879883,26.057979583740234,63.04896926879883
787,cut2,787,POPC,925,14.388934135437012,74.18142700195314,58.0272102355957
787,cut2,787,POPC,926,135.7059783935547,205.8004608154297,45.295345306396484
787,cut2,787,POPC,927,162.84927368164062,196.16188049316406,49.37373733520508
787,cut2,787,POPC,928,12.563309669494629,66.79533386230469,58.62576675415039
787,cut2,787,POPC,929,185.00604248046875,162.66775512695312,56.761043548583984
787,cut2,787,POPC,930,86.35607147216797,77.94116973876953,48.21751022338867
787,cut2,787,POPC,931,50.52229690551758,117.846923828125,34.729679107666016
787,cut2,787,POPC,932,64.8670654296875,72.36543273925781,46.7596321105957
787,cut2,787,POPC,933,42.61787796020508,46.57868957519531,55.73280715942383
787,cut2,787,POPC,934,47.465110778808594,69.67707061767578,53.903411865234375
787,cut2,787,POPC,935,95.87548065185547,60.10636138916016,48.94198226928711
787,cut2,787,POPC,936,71.58904266357422,207.9185333251953,51.470458984375
787,cut2,787,POPC,937,48.85055160522461,44.66515350341797,56.33250045776367
787,cut2,787,POPC,938,46.136871337890625,216.2988739013672,53.03900146484375
787,cut2,787,POPC,939,49.20234680175781,202.0033416748047,55.42747497558594
787,cut2,787,POPC,940,35.657779693603516,89.97163391113281,53.447959899902344
787,cut2,787,POPC,941,74.3967514038086,69.91191101074219,48.0496711730957
787,cut2,787,POPC,942,63.21244430541992,61.04115295410156,50.38919448852539
787,cut2,787,POPC,943,128.22267150878906,21.978315353393555,58.345802307128906
787,cut2,787,POPC,944,59.03018569946289,144.2152557373047,36.32615661621094
787,cut2,787,POPC,945,129.46694946289062,52.89954376220703,55.08625793457031
787,cut2,787,POPC,946,66.1236572265625,-1.4273672103881836,56.401737213134766
787,cut2,787,POPC,947,173.04151916503906,115.08604431152344,61.04872131347656
787,cut2,787,POPC,948,85.14671325683594,87.42304992675781,42.05485153198242
787,cut2,787,POPC,949,124.59186553955078,70.970458984375,50.4908447265625
787,cut2,787,POPC,950,26.30426025390625,149.49853515625,49.58174514770508
787,cut2,787,POPC,951,27.132396697998047,215.317626953125,56.3613166809082
787,cut2,787,POPC,952,159.8733673095703,211.1745147705078,52.745086669921875
787,cut2,787,POPC,953,172.92095947265625,11.650249481201172,58.647274017333984
787,cut2,787,POPC,954,18.8071346282959,223.27444458007812,61.20426559448242
787,cut2,787,POPC,955,17.545724868774414,192.60362243652344,48.9888801574707
787,cut2,787,POPC,956,36.19705581665039,201.43234252929688,53.18693542480469
787,cut2,787,POPC,957,175.4915008544922,33.660125732421875,64.39103698730469
787,cut2,787,POPC,958,153.5174102783203,133.62257385253906,47.442012786865234
787,cut2,787,POPC,959,160.5844268798828,229.89820861816406,53.39352798461914
787,cut2,787,POPC,960,62.61606216430664,85.24699401855469,42.41920852661133
787,cut2,787,POPC,961,179.04705810546875,212.13720703125,56.254005432128906
787,cut2,787,POPC,962,92.83406829833984,68.33234405517578,50.44424819946289
787,cut2,787,POPC,963,42.15370178222656,77.39889526367188,53.16349411010742
787,cut2,787,POPC,964,29.010269165039062,146.60743713378906,44.247283935546875
787,cut2,787,POPC,965,25.872528076171875,185.1922607421875,51.652587890625
787,cut2,787,POPC,966,165.70518493652344,39.701087951660156,67.06732177734375
787,cut2,787,POPC,967,198.9897918701172,43.85289001464843,64.43170928955078
787,cut2,787,POPC,968,43.86902618408203,231.09681701660156,59.764366149902344
787,cut2,787,POPC,969,61.650272369384766,4.2431206703186035,56.49626922607422
787,cut2,787,POPC,970,202.50462341308594,52.99318313598633,68.8248291015625
787,cut2,787,POPC,971,110.13971710205078,65.61837005615234,48.000282287597656
787,cut2,787,POPC,972,146.6765899658203,7.01440954208374,56.48202896118164
787,cut2,787,POPC,973,86.86552429199219,130.30908203125,41.34716796875
787,cut2,787,POPC,974,169.6467742919922,29.666431427001953,64.65840911865234
787,cut2,787,POPC,975,169.83340454101562,18.70447540283203,60.51198196411133
787,cut2,787,POPC,976,181.30369567871094,11.724210739135742,61.3696403503418
787,cut2,787,POPC,977,96.1084213256836,227.60751342773438,57.435062408447266
787,cut2,787,POPC,978,183.04054260253906,35.8510856628418,64.73556518554688
787,cut2,787,POPC,979,169.62159729003906,132.4227752685547,60.697383880615234
787,cut2,787,POPC,980,129.2190704345703,1.8981194496154785,54.59395217895508
787,cut2,787,POPC,981,28.237598419189457,230.8997344970703,64.12583923339844
787,cut2,787,POPC,982,33.32503890991211,162.59278869628906,46.34986114501953
787,cut2,787,POPC,983,97.64524841308594,82.63935852050781,42.14446258544922
787,cut2,787,POPC,984,62.06863021850586,120.3788833618164,40.326717376708984
787,cut2,787,POPC,985,188.40011596679688,5.3194899559021,59.59881591796875
787,cut2,787,POPC,986,197.58154296875,237.09317016601562,60.35190200805664
787,cut2,787,POPC,987,16.579696655273438,46.88322448730469,61.434688568115234
787,cut2,787,POPC,988,53.264404296875,2.605663776397705,59.78217697143555
787,cut2,787,POPC,989,119.98102569580078,19.304628372192383,54.581424713134766
787,cut2,787,POPC,990,84.7462387084961,140.76194763183594,39.25124740600586
787,cut2,787,POPC,991,192.89559936523438,15.997783660888672,64.13237762451172
787,cut2,787,POPC,992,75.56034851074219,24.806196212768555,56.75709533691406
787,cut2,787,POPC,993,63.2203483581543,41.861053466796875,58.967124938964844
787,cut2,787,POPC,994,71.88728332519531,153.8299102783203,41.31413269042969
787,cut2,787,POPC,995,54.627288818359375,224.35816955566406,56.774208068847656
787,cut2,787,POPC,996,34.181488037109375,81.47430419921875,54.82509231567383
787,cut2,787,POPC,997,157.16551208496094,189.01771545410156,53.08401870727539
787,cut2,787,POPC,998,161.69357299804688,168.7795867919922,50.55249786376953
787,cut2,787,POPC,999,116.61868286132812,71.44441223144531,44.64291763305664
787,cut2,787,POPC,1000,48.643428802490234,179.20773315429688,45.81747817993164
787,cut2,787,POPC,1001,100.47777557373047,119.74695587158203,42.005245208740234
787,cut2,787,POPC,1002,25.05853843688965,79.3913345336914,54.79439926147461
787,cut2,787,POPC,1003,122.99844360351562,156.12063598632812,37.868995666503906
787,cut2,787,POPC,1004,105.70121002197266,40.62623977661133,52.59391784667969
787,cut2,787,POPC,1005,94.48516845703125,125.23661041259766,45.44993209838867
787,cut2,787,POPC,1006,160.4876251220703,92.73197174072266,60.69823455810547
787,cut2,787,POPC,1007,183.3618621826172,20.841676712036133,61.128257751464844
787,cut2,787,POPC,1008,59.7215461730957,49.42144012451172,55.01386642456055
787,cut2,787,POPC,1009,176.10508728027344,209.7064666748047,51.76720428466797
787,cut2,787,POPC,1010,12.073546409606934,44.37371826171875,62.732913970947266
787,cut2,787,POPC,1011,60.099613189697266,161.1494598388672,46.66387939453125
787,cut2,787,POPC,1012,13.831982612609863,203.92483520507812,53.14723587036133
787,cut2,787,POPC,1013,46.47215270996094,169.12850952148438,47.07097625732422
787,cut2,787,POPC,1014,46.302520751953125,80.73079681396484,52.044349670410156
787,cut2,787,POPC,1015,186.39549255371094,212.64686584472656,55.236812591552734
787,cut2,787,POPC,1016,5.103208541870117,196.90464782714844,53.874698638916016
787,cut2,787,POPC,1017,31.22391128540039,141.00100708007812,42.77180480957031
787,cut2,787,POPC,1018,53.642032623291016,132.11993408203125,33.64347839355469
787,cut2,787,POPC,1019,177.2772674560547,150.2830352783203,66.33812713623047
787,cut2,787,POPC,1020,78.87590789794922,37.303287506103516,56.97056579589844
787,cut2,787,POPC,1021,138.21690368652344,102.72984313964844,47.67863464355469
787,cut2,787,POPC,1022,163.2793731689453,149.68707275390625,56.41545104980469
787,cut2,787,POPC,1023,188.17828369140625,110.20665740966797,59.80144500732422
787,cut2,787,POPC,1024,152.4084930419922,3.4658360481262207,60.1026725769043
787,cut2,787,POPC,1025,178.71029663085938,27.894695281982422,62.741695404052734
787,cut2,787,POPC,1026,100.8707046508789,36.95902633666992,54.64105224609375
787,cut2,787,POPC,1027,194.29446411132812,172.61212158203125,52.727115631103516
787,cut2,787,POPC,1028,171.00482177734375,42.222110748291016,65.59400177001953
787,cut2,787,POPC,1029,80.2960205078125,30.40283966064453,58.940032958984375
787,cut2,787,POPC,1030,188.91712951660156,87.4371109008789,61.391910552978516
787,cut2,787,POPC,1031,39.949745178222656,42.35904312133789,62.25290298461914
787,cut2,787,POPC,1032,98.67403411865234,93.62793731689453,39.639713287353516
787,cut2,787,POPC,1033,37.564815521240234,18.583826065063477,64.81761169433594
787,cut2,787,POPC,1034,58.69618606567383,-2.0869808197021484,59.058013916015625
787,cut2,787,POPC,1035,165.48008728027344,173.84165954589844,53.80739212036132
787,cut2,787,POPC,1036,65.00894165039062,9.226519584655762,57.81957244873047
787,cut2,787,POPC,1037,20.419843673706055,12.629800796508789,63.386783599853516
787,cut2,787,POPC,1038,180.2737579345703,167.5919189453125,54.702579498291016
787,cut2,787,POPC,1039,155.6739044189453,227.8627471923828,55.03861618041992
787,cut2,787,POPC,1040,157.9518280029297,177.5073394775391,47.47853088378906
787,cut2,787,POPC,1041,20.423240661621094,54.91818618774414,53.994014739990234
787,cut2,787,POPC,1042,17.965967178344727,38.383026123046875,64.3536376953125
787,cut2,787,POPC,1043,185.2260284423828,159.89637756347656,62.253936767578125
787,cut2,787,POPC,1044,21.284391403198242,154.3019256591797,48.70328140258789
787,cut2,787,POPC,1045,67.07815551757812,100.05743408203125,40.038475036621094
787,cut2,787,POPC,1046,60.0134391784668,199.29153442382812,52.78248596191406
787,cut2,787,POPC,1047,55.80786895751953,78.68880462646484,44.862281799316406
787,cut2,787,POPC,1048,28.465808868408203,50.24116516113281,55.886474609375
787,cut2,787,POPC,1049,31.008987426757812,185.33132934570312,55.534942626953125
787,cut2,787,POPC,1050,186.4236602783203,25.95056915283203,61.819400787353516
787,cut2,787,POPC,1051,137.02871704101562,186.6375732421875,41.34481430053711
787,cut2,787,POPC,1052,173.34310913085938,137.7017822265625,62.57561492919922
787,cut2,787,POPC,1053,176.39991760253906,132.33274841308594,61.70728302001953
787,cut2,787,POPC,1054,181.58958435058594,189.5702362060547,51.19546890258789
787,cut2,787,POPC,1055,164.21139526367188,105.04695129394531,59.243614196777344
787,cut2,787,POPC,1056,26.191518783569336,2.454929828643799,59.996700286865234
787,cut2,787,POPC,1057,136.4187774658203,143.28662109375,41.5197639465332
787,cut2,787,POPC,1058,42.08953094482422,153.35719299316406,42.085140228271484
787,cut2,787,POPC,1059,177.2280731201172,7.08981466293335,57.92477035522461
787,cut2,787,POPC,1060,2.456369400024414,27.015331268310547,64.29415893554688
787,cut2,787,POPC,1061,-3.5358707904815674,64.3086166381836,65.87943267822266
787,cut2,787,POPC,1062,173.79061889648438,89.95629119873047,60.66970443725586
787,cut2,787,POPC,1063,198.7352294921875,225.31788635253906,57.941402435302734
787,cut2,787,POPC,1064,42.6498908996582,188.158935546875,51.953651428222656
787,cut2,787,POPC,1065,51.36986541748047,35.939842224121094,60.96701431274414
787,cut2,787,POPC,1066,33.81607437133789,196.33615112304688,53.25361633300781
787,cut2,787,POPC,1067,48.5881462097168,52.308650970458984,56.39701843261719
787,cut2,787,POPC,1068,76.75311279296875,53.003658294677734,52.77237319946289
787,cut2,787,POPC,1069,123.07135772705078,60.22467041015625,52.421127319335945
787,cut2,787,POPC,1070,102.92206573486328,89.44950103759766,38.337303161621094
787,cut2,787,POPC,1071,43.01249694824219,0.35052916407585144,64.83116912841797
787,cut2,787,POPC,1072,141.9953155517578,145.311279296875,46.72203826904297
787,cut2,787,POPC,1073,84.72370910644531,38.18576431274414,56.22172927856445
787,cut2,787,POPC,1074,166.29901123046875,10.430891036987305,60.000728607177734
787,cut2,787,POPC,1075,87.27641296386719,203.79428100585938,52.425228118896484
787,cut2,787,POPC,1076,32.98283767700195,61.146919250488274,54.87113952636719
787,cut2,787,POPC,1077,152.33567810058594,28.420944213867188,57.234012603759766
787,cut2,787,POPC,1078,153.69480895996094,234.57904052734375,56.42961120605469
787,cut2,787,POPC,1079,38.457332611083984,10.95945930480957,62.475624084472656
787,cut2,787,POPC,1080,62.79886245727539,29.031707763671875,56.02875518798828
787,cut2,787,POPC,1081,194.53561401367188,102.62112426757812,63.94413375854492
787,cut2,787,POPC,1082,67.38905334472656,228.73641967773438,61.114139556884766
787,cut2,787,POPC,1083,75.11578369140625,191.2229766845703,47.64780044555664
787,cut2,787,POPC,1084,158.52357482910156,245.2268829345703,57.46382141113281
787,cut2,787,POPC,1085,187.7749786376953,43.448368072509766,65.09420776367188
787,cut2,787,POPC,1086,145.80105590820312,180.91925048828125,43.038169860839844
787,cut2,787,POPC,1087,178.42474365234375,178.33226013183594,51.31582260131836
787,cut2,787,POPC,1088,165.2710418701172,139.7870330810547,55.07563400268555
787,cut2,787,POPC,1089,27.697559356689453,90.31336212158203,54.35342788696289
787,cut2,787,POPC,1090,169.870361328125,172.2769012451172,50.17795944213867
787,cut2,787,POPC,1091,189.6621856689453,233.33351135253906,57.761043548583984
787,cut2,787,POPC,1092,157.691162109375,38.60610580444336,67.37423706054688
787,cut2,787,POPC,1093,96.98675537109375,183.82899475097656,41.095787048339844
787,cut2,787,POPC,1094,68.91390991210938,79.94218444824219,39.22636795043945
787,cut2,787,POPC,1095,111.08169555664062,27.89669418334961,53.80080032348633
787,cut2,787,POPC,1096,132.63584899902344,137.67678833007812,42.03135299682617
787,cut2,787,POPC,1097,170.46487426757812,125.73829650878906,61.27666473388672
787,cut2,787,POPC,1098,77.76224517822266,233.56712341308594,62.31229019165039
787,cut2,787,POPC,1099,184.22140502929685,200.40208435058594,53.964874267578125
787,cut2,787,POPC,1100,67.83173370361328,17.984344482421875,56.42334747314453
787,cut2,787,POPC,1101,69.95895385742188,60.77971649169922,45.24671173095703
787,cut2,787,POPC,1102,151.6499786376953,240.97628784179688,57.75825119018555
787,cut2,787,POPC,1103,152.13919067382812,9.835747718811035,56.699947357177734
787,cut2,787,POPC,1104,131.96533203125,30.691333770751953,58.265995025634766
787,cut2,787,POPC,1105,87.98055267333984,82.05484008789062,45.72426223754883
787,cut2,787,POPC,1106,37.200557708740234,215.1444854736328,53.6413459777832
787,cut2,787,POPC,1107,117.40367126464844,172.0531768798828,34.27140808105469
787,cut2,787,POPC,1108,151.75074768066406,155.15518188476562,49.62437057495117
787,cut2,787,POPC,1109,195.46701049804688,114.0881576538086,54.99173355102539
787,cut2,787,POPC,1110,138.94190979003906,13.993047714233398,52.980682373046875
787,cut2,787,POPC,1111,78.13941192626953,152.61134338378906,43.192405700683594
787,cut2,787,POPC,1112,12.295104026794434,99.59761810302734,53.06956481933594
787,cut2,787,POPC,1113,20.251827239990234,229.68927001953125,61.102840423583984
787,cut2,787,POPC,1114,13.497172355651855,214.38186645507812,57.290382385253906
787,cut2,787,POPC,1115,33.18562316894531,170.56494140625,48.99051284790039
787,cut2,787,POPC,1116,3.2864913940429688,3.4199461936950684,60.24992752075195
787,cut2,787,POPC,1117,165.9332275390625,23.840496063232422,62.883853912353516
787,cut2,787,POPC,1118,52.459407806396484,63.13274383544922,52.85639953613281
787,cut2,787,POPC,1119,31.613155364990234,76.06598663330077,50.82318115234375
787,cut2,787,POPC,1120,150.5644073486328,187.3463897705078,48.150516510009766
787,cut2,787,POPC,1121,113.09203338623047,99.7768325805664,39.08819580078125
787,cut2,787,POPC,1122,86.8294906616211,58.47505187988282,53.76280212402344
787,cut2,787,POPC,1123,149.4077606201172,226.49183654785156,58.76704788208008
787,cut2,787,POPC,1124,20.499107360839844,211.8856201171875,60.15689468383789
787,cut2,787,POPC,1125,50.088478088378906,140.9737091064453,34.38314437866211
787,cut2,787,POPC,1126,124.38414764404297,162.35546875,34.6693229675293
787,cut2,787,POPC,1127,3.5229969024658203,18.460527420043945,65.17005920410156
787,cut2,787,POPC,1128,55.20081329345703,22.986433029174805,64.23323822021484
787,cut2,787,POPC,1129,75.99207305908203,61.25251770019531,50.53781509399414
787,cut2,787,POPC,1130,102.41605377197266,178.36993408203125,32.106136322021484
787,cut2,787,POPC,1131,-1.1703763008117676,96.77962493896484,64.1033935546875
787,cut2,787,POPC,1132,36.797996520996094,48.841251373291016,57.855560302734375
787,cut2,787,POPC,1133,45.89794921875,208.96006774902344,53.2465934753418
787,cut2,787,POPC,1134,31.196395874023438,42.12109375,60.9508171081543
787,cut2,787,POPC,1135,81.59449005126953,65.36112976074219,49.74430465698242
787,cut2,787,POPC,1136,143.0826873779297,156.90139770507812,49.23601150512695
787,cut2,787,POPC,1137,7.463126182556152,78.75664520263672,59.21371841430664
787,cut2,787,POPC,1138,180.1506805419922,118.37091827392578,62.12440872192383
787,cut2,787,POPC,1139,39.255699157714844,177.60980224609375,49.31734466552735
787,cut2,787,POPC,1140,72.06459045410156,4.911759853363037,58.54361343383789
787,cut2,787,POPC,1141,94.6257095336914,129.91622924804688,48.98855972290039
787,cut2,787,POPC,1142,75.47806549072266,12.343524932861328,59.15451431274414
787,cut2,787,POPC,1143,169.27554321289062,220.8388214111328,53.84014129638672
787,cut2,787,SAPI,1144,79.79986572265625,18.365310668945312,59.67473220825195
787,cut2,787,SAPI,1145,67.89238739013672,142.25991821289062,38.80835723876953
787,cut2,787,SAPI,1146,124.03129577636719,40.97660827636719,62.247833251953125
787,cut2,787,SAPI,1147,24.42302703857422,63.76361846923828,52.56407928466797
787,cut2,787,SAPI,1148,37.43452072143555,149.99832153320312,41.0230598449707
787,cut2,787,SAPI,1149,6.621639251708984,163.1226043701172,47.8182487487793
787,cut2,787,SAPI,1150,176.78924560546875,157.8193817138672,60.74124526977539
787,cut2,787,SAPI,1151,117.96190643310547,162.8787078857422,33.57952880859375
787,cut2,787,SAPI,1152,6.164760589599609,141.4793243408203,48.66253662109375
787,cut2,787,SAPI,1153,77.95016479492188,201.6000518798828,50.84209060668945
787,cut2,787,SAPI,1154,83.55924987792969,239.59446716308594,59.83756637573242
787,cut2,787,SAPI,1155,152.4324951171875,36.21348571777344,61.78224182128906
787,cut2,787,SAPI,1156,129.2353973388672,144.45138549804688,38.57560729980469
787,cut2,787,SAPI,1157,136.45623779296875,25.450990676879883,59.27691650390625
787,cut2,787,SAPI,1158,191.18885803222656,102.08296966552734,58.332908630371094
787,cut2,787,SAPI,1159,78.9416275024414,91.94991302490234,40.89195251464844
787,cut2,787,SAPI,1160,129.4646453857422,215.78541564941406,47.748497009277344
787,cut2,787,SAPI,1161,72.77245330810547,95.10177612304688,40.06465530395508
787,cut2,787,SAPI,1162,134.98316955566406,126.73544311523438,44.44784927368164
787,cut2,787,SAPI,1163,167.39793395996094,95.66849517822266,58.333457946777344
787,cut2,787,SAPI,1164,161.13832092285156,124.87128448486328,50.40769577026367
787,cut2,787,SAPI,1165,154.11813354492188,105.4786148071289,57.87881851196289
787,cut2,787,SAPI,1166,4.560593605041504,103.26038360595703,54.72029113769531
787,cut2,787,SAPI,1167,165.6795654296875,226.53518676757812,51.82468795776367
787,cut2,787,SAPI,1168,169.5877685546875,236.290771484375,52.12357711791992
787,cut2,787,SAPI,1169,173.75303649902344,65.21796417236328,63.9219856262207
787,cut2,787,SAPI,1170,79.86818695068361,193.9552001953125,46.239952087402344
787,cut2,787,SAPI,1171,96.28765106201172,236.59710693359375,58.74065017700196
787,cut2,787,SAPI,1172,108.4537353515625,166.32041931152344,32.67391586303711
787,cut2,787,SAPI,1173,146.8424835205078,32.70578384399414,55.406951904296875
787,cut2,787,SAPI,1174,94.29496765136719,88.31507873535155,39.91820526123047
787,cut2,787,SAPI,1175,89.95051574707031,208.5589599609375,53.6023063659668
787,cut2,787,SAPI,1176,134.5941162109375,-1.6396064758300781,55.68858337402344
787,cut2,787,SAPI,1177,35.271392822265625,21.46106719970703,59.68518829345703
787,cut2,787,SAPI,1178,77.82479095458984,164.5167999267578,38.54414749145508
787,cut2,787,SAPI,1179,115.56752014160156,1.418553352355957,58.76813888549805
787,cut2,787,SAPI,1180,140.51303100585938,150.5948028564453,46.119285583496094
787,cut2,787,SAPI,1181,58.15869903564453,123.10462951660156,35.304359436035156
