,System,Frame,Resname,Resnum,X,Y,Z
4273,cut2,4273,POPC,0,173.43951416015625,79.27704620361328,98.4795913696289
4273,cut2,4273,POPC,1,13.821184158325195,234.3795623779297,90.56414031982422
4273,cut2,4273,POPC,2,160.25347900390625,27.540822982788086,99.36564636230469
4273,cut2,4273,POPC,3,144.66915893554688,141.24838256835938,86.22989654541016
4273,cut2,4273,POPC,4,9.919283866882324,195.3813934326172,91.10914611816408
4273,cut2,4273,POPC,5,148.2362823486328,189.1703643798828,87.09877014160156
4273,cut2,4273,POPC,6,173.46669006347656,233.19410705566406,89.49252319335938
4273,cut2,4273,POPC,7,36.18673324584961,30.719879150390625,94.2330093383789
4273,cut2,4273,POPC,8,16.840940475463867,191.3040313720703,92.52033233642578
4273,cut2,4273,POPC,9,170.6466827392578,138.1156463623047,94.64655303955078
4273,cut2,4273,POPC,10,110.00054168701172,178.54054260253906,73.6934814453125
4273,cut2,4273,POPC,11,11.247092247009277,162.08798217773438,88.54339599609375
4273,cut2,4273,POPC,12,197.5526123046875,166.7230987548828,90.73670959472656
4273,cut2,4273,POPC,13,154.0809326171875,218.96209716796875,89.98226928710938
4273,cut2,4273,POPC,14,117.07221221923828,181.25213623046875,76.2110824584961
4273,cut2,4273,POPC,15,200.61753845214844,0.34151360392570496,97.43797302246094
4273,cut2,4273,POPC,16,82.64379119873047,158.1886444091797,72.73359680175781
4273,cut2,4273,POPC,17,93.88407135009766,85.49502563476562,78.94979095458984
4273,cut2,4273,POPC,18,29.35774803161621,83.68399047851562,92.42601776123047
4273,cut2,4273,POPC,19,91.35104370117188,11.842316627502441,97.58403778076172
4273,cut2,4273,POPC,20,115.92550659179688,208.668212890625,77.4119644165039
4273,cut2,4273,POPC,21,124.68180084228516,67.58695220947266,89.27347564697266
4273,cut2,4273,POPC,22,98.38834381103516,1.3776249885559082,93.7436294555664
4273,cut2,4273,POPC,23,82.06976318359375,48.29937744140625,95.78002166748047
4273,cut2,4273,POPC,24,199.1544647216797,39.42914581298828,93.72785186767578
4273,cut2,4273,POPC,25,161.86642456054688,224.13731384277344,90.07025909423828
4273,cut2,4273,POPC,26,72.50694274902344,164.06674194335938,78.6767349243164
4273,cut2,4273,POPC,27,36.57900619506836,154.34152221679688,84.27577209472656
4273,cut2,4273,POPC,28,43.88749313354492,157.38055419921875,84.26031494140625
4273,cut2,4273,POPC,29,86.40792083740234,67.75578308105469,86.05847930908203
4273,cut2,4273,POPC,30,65.69821166992188,218.60459899902344,93.82058715820312
4273,cut2,4273,POPC,31,138.3684844970703,228.42698669433594,87.65440368652344
4273,cut2,4273,POPC,32,197.32258605957034,5.358150005340576,99.88150024414062
4273,cut2,4273,POPC,33,106.57179260253906,98.40026092529297,74.8604965209961
4273,cut2,4273,POPC,34,53.723365783691406,151.75540161132812,80.1727066040039
4273,cut2,4273,POPC,35,162.31947326660156,63.69060134887695,97.0954360961914
4273,cut2,4273,POPC,36,61.04209899902344,31.064260482788086,94.43087768554688
4273,cut2,4273,POPC,37,149.31288146972656,229.9719696044922,90.71347045898439
4273,cut2,4273,POPC,38,35.422176361083984,201.3794403076172,89.3251724243164
4273,cut2,4273,POPC,39,49.4782600402832,54.444705963134766,96.82096099853516
4273,cut2,4273,POPC,40,106.46321868896484,93.40008544921875,80.558837890625
4273,cut2,4273,POPC,41,116.97537994384766,40.01332092285156,91.52933502197266
4273,cut2,4273,POPC,42,150.3900604248047,133.2608184814453,90.78340911865234
4273,cut2,4273,POPC,43,42.445777893066406,76.34866333007812,90.14469146728516
4273,cut2,4273,POPC,44,1.9027196168899536,199.77960205078125,89.11495971679688
4273,cut2,4273,POPC,45,42.364566802978516,238.32373046875,96.52052307128906
4273,cut2,4273,POPC,46,52.08434295654297,191.6774139404297,90.11713409423828
4273,cut2,4273,POPC,47,181.53073120117188,92.21763610839844,101.34770202636719
4273,cut2,4273,POPC,48,89.15758514404297,32.98954772949219,93.47142028808594
4273,cut2,4273,POPC,49,35.236934661865234,16.753761291503906,96.36036682128906
4273,cut2,4273,POPC,50,83.58534240722656,196.64373779296875,85.223388671875
4273,cut2,4273,POPC,51,101.08895874023438,190.80186462402344,70.3720932006836
4273,cut2,4273,POPC,52,140.25332641601562,63.37932205200196,86.84358215332031
4273,cut2,4273,POPC,53,174.0601806640625,8.636693954467773,98.97408294677734
4273,cut2,4273,POPC,54,123.10820770263672,199.8118438720703,77.00125122070312
4273,cut2,4273,POPC,55,142.47303771972656,199.77088928222656,84.27682495117188
4273,cut2,4273,POPC,56,39.964595794677734,61.827659606933594,89.99798583984375
4273,cut2,4273,POPC,57,10.334942817687988,173.99612426757812,88.53260803222656
4273,cut2,4273,POPC,58,15.607422828674316,149.09408569335938,86.21371459960938
4273,cut2,4273,POPC,59,186.1929931640625,177.4500732421875,91.8797607421875
4273,cut2,4273,POPC,60,130.468505859375,203.142333984375,80.52655029296875
4273,cut2,4273,POPC,61,7.645817756652832,224.03892517089844,90.69392395019531
4273,cut2,4273,POPC,62,73.00634002685547,59.616649627685554,86.61062622070312
4273,cut2,4273,POPC,63,183.69749450683594,16.866294860839844,94.37981414794922
4273,cut2,4273,POPC,64,108.41343688964844,152.07553100585938,68.43258666992188
4273,cut2,4273,POPC,65,46.05397415161133,38.129581451416016,95.41136169433594
4273,cut2,4273,POPC,66,6.757208824157715,216.17539978027344,89.45276641845703
4273,cut2,4273,POPC,67,3.5173866748809814,162.8001708984375,83.18513488769531
4273,cut2,4273,POPC,68,110.56917572021484,193.29335021972656,74.60464477539062
4273,cut2,4273,POPC,69,99.29537963867188,81.03326416015625,82.86546325683594
4273,cut2,4273,POPC,70,104.29830169677734,203.28163146972656,48.473514556884766
4273,cut2,4273,POPC,71,160.07272338867188,93.28357696533203,92.55610656738281
4273,cut2,4273,POPC,72,178.9536895751953,122.96613311767578,94.22393798828125
4273,cut2,4273,POPC,73,202.37205505371094,136.3469696044922,85.34163665771484
4273,cut2,4273,POPC,74,130.43234252929688,214.51690673828125,86.64494323730469
4273,cut2,4273,POPC,75,42.83425521850586,135.63095092773438,74.4948959350586
4273,cut2,4273,POPC,76,135.7925567626953,163.36061096191406,74.29949188232422
4273,cut2,4273,POPC,77,130.56155395507812,-0.5188403725624084,91.92799377441406
4273,cut2,4273,POPC,78,166.45323181152344,168.0395050048828,97.56250762939453
4273,cut2,4273,POPC,79,14.815638542175293,79.28309631347656,59.85281753540039
4273,cut2,4273,POPC,80,74.27645111083984,19.934993743896484,96.5475082397461
4273,cut2,4273,POPC,81,76.5578384399414,196.32406616210938,89.14648437500001
4273,cut2,4273,POPC,82,188.25689697265625,59.93107604980469,94.91174316406249
4273,cut2,4273,POPC,83,14.94146251678467,208.9622344970703,90.38114166259766
4273,cut2,4273,POPC,84,79.60767364501953,140.06173706054688,77.63406372070312
4273,cut2,4273,POPC,85,104.72216796875,78.7200927734375,84.9805908203125
4273,cut2,4273,POPC,86,45.946556091308594,105.77835845947266,83.02241516113281
4273,cut2,4273,POPC,87,30.174535751342777,53.43998718261719,89.90576934814453
4273,cut2,4273,POPC,88,149.83644104003906,204.29103088378906,88.12494659423828
4273,cut2,4273,POPC,89,167.61541748046875,9.04141902923584,97.77182006835938
4273,cut2,4273,POPC,90,36.1077995300293,7.998518943786621,95.94694519042969
4273,cut2,4273,POPC,91,109.27885437011719,160.1580810546875,66.33638000488281
4273,cut2,4273,POPC,92,168.0933380126953,232.58543395996094,92.0650863647461
4273,cut2,4273,POPC,93,191.1474609375,22.232585906982422,96.22212219238281
4273,cut2,4273,POPC,94,118.60029602050781,187.89845275878906,76.46349334716797
4273,cut2,4273,POPC,95,139.31053161621094,117.4813461303711,85.78926086425781
4273,cut2,4273,POPC,96,104.5280532836914,126.7257308959961,49.14942932128906
4273,cut2,4273,POPC,97,53.79487609863281,97.73563385009766,85.21215057373047
4273,cut2,4273,POPC,98,79.65291595458984,35.43197250366211,98.43341064453125
4273,cut2,4273,POPC,99,-2.589132070541382,75.21735382080078,96.2140884399414
4273,cut2,4273,POPC,100,10.653923034667969,45.812313079833984,94.61103057861328
4273,cut2,4273,POPC,101,103.86943817138672,142.28001403808594,75.59957122802734
4273,cut2,4273,POPC,102,124.8875503540039,194.6741180419922,80.1171646118164
4273,cut2,4273,POPC,103,54.117862701416016,38.17650604248047,99.23306274414062
4273,cut2,4273,POPC,104,172.298095703125,224.72286987304688,90.7046890258789
4273,cut2,4273,POPC,105,28.5773868560791,94.09500885009766,91.7184066772461
4273,cut2,4273,POPC,106,138.02200317382812,203.9377899169922,84.50852966308594
4273,cut2,4273,POPC,107,100.42115783691406,46.248233795166016,94.7433090209961
4273,cut2,4273,POPC,108,127.15283966064453,45.560157775878906,90.80644226074219
4273,cut2,4273,POPC,109,142.7613983154297,26.56540870666504,95.99146270751953
4273,cut2,4273,POPC,110,21.82469367980957,7.240877628326416,94.58809661865234
4273,cut2,4273,POPC,111,123.58365631103516,99.2807846069336,78.55380249023438
4273,cut2,4273,POPC,112,43.395790100097656,67.27435302734375,90.37025451660156
4273,cut2,4273,POPC,113,102.52406311035156,29.064058303833008,96.3126220703125
4273,cut2,4273,POPC,114,31.65131187438965,225.57180786132812,91.4778060913086
4273,cut2,4273,POPC,115,182.6778106689453,36.819175720214844,97.66474151611328
4273,cut2,4273,POPC,116,114.45426177978516,89.59459686279297,77.22976684570312
4273,cut2,4273,POPC,117,108.57678985595703,211.47567749023438,76.61843872070312
4273,cut2,4273,POPC,118,195.83616638183594,84.9601821899414,96.09378814697266
4273,cut2,4273,POPC,119,81.5594253540039,58.49186706542969,88.21138000488281
4273,cut2,4273,POPC,120,171.06161499023438,205.0102081298828,88.38458251953125
4273,cut2,4273,POPC,121,11.374805450439453,204.12001037597656,88.29824829101562
4273,cut2,4273,POPC,122,71.55665588378906,66.3273696899414,86.74663543701172
4273,cut2,4273,POPC,123,154.32920837402344,190.79501342773438,88.05267333984375
4273,cut2,4273,POPC,124,116.9754409790039,138.45835876464844,73.95577239990234
4273,cut2,4273,POPC,125,50.32750701904297,16.603221893310547,97.33965301513672
4273,cut2,4273,POPC,126,71.4782943725586,30.13619041442871,94.69706726074217
4273,cut2,4273,POPC,127,50.81639862060547,166.5811309814453,88.34000396728516
4273,cut2,4273,POPC,128,149.43409729003906,148.3376922607422,86.32720184326172
4273,cut2,4273,POPC,129,23.746150970458984,190.59320068359375,92.21566009521484
4273,cut2,4273,POPC,130,49.994659423828125,224.2532958984375,53.44182586669922
4273,cut2,4273,POPC,131,101.2900619506836,141.76699829101562,46.736263275146484
4273,cut2,4273,POPC,132,76.916259765625,227.16807556152344,88.87565612792969
4273,cut2,4273,POPC,133,186.13427734375003,2.2948477268218994,99.664794921875
4273,cut2,4273,POPC,134,12.425140380859375,44.0932502746582,89.21224212646484
4273,cut2,4273,POPC,135,136.3577117919922,189.85458374023438,77.86238098144531
4273,cut2,4273,POPC,136,47.902156829833984,84.0536880493164,89.04318237304688
4273,cut2,4273,POPC,137,64.22864532470703,40.1327018737793,96.52586364746094
4273,cut2,4273,POPC,138,17.326425552368164,184.43942260742188,88.75041961669922
4273,cut2,4273,POPC,139,176.5969696044922,166.22576904296872,91.88834381103516
4273,cut2,4273,POPC,140,0.273203045129776,90.84034729003906,97.82212829589844
4273,cut2,4273,POPC,141,194.07969665527344,44.18577575683594,94.89151000976562
4273,cut2,4273,POPC,142,36.18996047973633,149.82220458984375,77.26885986328125
4273,cut2,4273,POPC,143,170.9983673095703,178.53883361816406,91.93606567382812
4273,cut2,4273,POPC,144,128.66436767578125,117.92852783203125,84.40081787109375
4273,cut2,4273,POPC,145,4.155426979064941,102.79534912109375,100.58927917480469
4273,cut2,4273,POPC,146,103.43771362304688,70.18345642089844,86.15377044677734
4273,cut2,4273,POPC,147,170.95501708984375,99.7025146484375,97.39515686035156
4273,cut2,4273,POPC,148,8.465269088745117,30.53207778930664,93.07672119140625
4273,cut2,4273,POPC,149,27.461811065673828,216.60238647460938,91.74515533447266
4273,cut2,4273,POPC,150,140.09461975097656,73.27875518798828,82.3331069946289
4273,cut2,4273,POPC,151,3.0526010990142822,71.43046569824219,97.4709701538086
4273,cut2,4273,POPC,152,199.36532592773438,26.577871322631836,93.40914154052734
4273,cut2,4273,POPC,153,162.74942016601562,106.61261749267578,93.04320526123047
4273,cut2,4273,POPC,154,145.39398193359375,167.93177795410156,86.49540710449219
4273,cut2,4273,POPC,155,37.021541595458984,183.20516967773438,89.12864685058594
4273,cut2,4273,POPC,156,15.086140632629395,98.77821350097656,93.16866302490234
4273,cut2,4273,POPC,157,66.32258605957031,88.75180053710938,78.92581176757812
4273,cut2,4273,POPC,158,12.196383476257324,10.063504219055176,99.41018676757812
4273,cut2,4273,POPC,159,26.51152229309082,130.892578125,78.04125213623047
4273,cut2,4273,POPC,160,187.9615478515625,89.64238739013672,97.65701293945312
4273,cut2,4273,POPC,161,-2.5402028560638428,194.50648498535156,89.6869125366211
4273,cut2,4273,POPC,162,105.64138793945312,110.17680358886719,76.72335815429688
4273,cut2,4273,POPC,163,59.68159866333007,132.47894287109375,75.67195892333984
4273,cut2,4273,POPC,164,125.08817291259766,7.743946552276611,89.38213348388672
4273,cut2,4273,POPC,165,61.256263732910156,187.64134216308594,84.46507263183594
4273,cut2,4273,POPC,166,167.04849243164062,55.36957550048828,97.13109588623047
4273,cut2,4273,POPC,167,174.42730712890625,0.3869123160839081,95.91291809082031
4273,cut2,4273,POPC,168,29.462020874023438,173.13050842285156,93.9296875
4273,cut2,4273,POPC,169,50.677093505859375,159.648681640625,82.25637817382812
4273,cut2,4273,POPC,170,38.84746551513672,234.9972381591797,93.8028793334961
4273,cut2,4273,POPC,171,160.95733642578125,136.5503387451172,97.23976135253906
4273,cut2,4273,POPC,172,51.74849319458008,65.45415496826172,91.35249328613281
4273,cut2,4273,POPC,173,73.37549591064453,81.04534912109375,83.80646514892578
4273,cut2,4273,POPC,174,199.04856872558594,140.86734008789062,91.43126678466797
4273,cut2,4273,POPC,175,121.64762115478516,179.78143310546875,74.96330261230469
4273,cut2,4273,POPC,176,12.592550277709963,61.97651672363282,96.34605407714844
4273,cut2,4273,POPC,177,127.0906753540039,77.85453033447266,84.7289047241211
4273,cut2,4273,POPC,178,109.69123840332031,49.78764724731445,90.24452209472656
4273,cut2,4273,POPC,179,190.35842895507812,197.2034454345703,87.4527816772461
4273,cut2,4273,POPC,180,54.75277328491211,220.90667724609375,89.91159057617188
4273,cut2,4273,POPC,181,96.81776428222656,53.63139343261719,90.9719009399414
4273,cut2,4273,POPC,182,83.90042877197266,81.91278076171875,82.190673828125
4273,cut2,4273,POPC,183,164.96755981445312,120.66980743408203,98.40299224853516
4273,cut2,4273,POPC,184,113.2223129272461,64.16130065917969,89.12089538574219
4273,cut2,4273,POPC,185,6.280664443969727,97.88450622558594,96.02304077148438
4273,cut2,4273,POPC,186,104.17732238769531,133.649169921875,77.4451675415039
4273,cut2,4273,POPC,187,165.53248596191406,202.890625,86.21592712402344
4273,cut2,4273,POPC,188,67.26696014404297,53.751686096191406,94.96708679199219
4273,cut2,4273,POPC,189,133.85984802246094,63.45249938964844,88.09554290771484
4273,cut2,4273,POPC,190,4.746933937072754,166.99900817871094,88.22184753417969
4273,cut2,4273,POPC,191,133.13995361328125,89.5471420288086,79.69837951660156
4273,cut2,4273,POPC,192,76.70311737060547,244.03822326660156,51.55398941040039
4273,cut2,4273,POPC,193,178.42431640625,99.30130004882812,100.01982116699219
4273,cut2,4273,POPC,194,186.0246124267578,14.017683029174805,98.96656799316408
4273,cut2,4273,POPC,195,42.31180191040039,190.1376495361328,88.95030975341797
4273,cut2,4273,POPC,196,48.64413833618164,92.31925201416016,87.19682312011719
4273,cut2,4273,POPC,197,179.36288452148438,72.67511749267578,95.48429870605469
4273,cut2,4273,POPC,198,25.575525283813477,178.71017456054688,92.74441528320312
4273,cut2,4273,POPC,199,60.56166458129883,65.00630950927734,91.4071044921875
4273,cut2,4273,POPC,200,20.966625213623047,217.7357177734375,90.07614135742188
4273,cut2,4273,POPC,201,110.19815826416016,42.340911865234375,95.8849105834961
4273,cut2,4273,POPC,202,159.7270355224609,19.290719985961914,56.735355377197266
4273,cut2,4273,POPC,203,85.5713119506836,88.75679016113281,77.10594940185547
4273,cut2,4273,POPC,204,113.5808334350586,173.66970825195312,75.98262786865234
4273,cut2,4273,POPC,205,-1.268833041191101,217.85397338867188,89.4759521484375
4273,cut2,4273,POPC,206,172.9197998046875,22.521772384643555,94.95079803466797
4273,cut2,4273,POPC,207,135.2298583984375,183.27037048339844,78.23094940185547
4273,cut2,4273,POPC,208,181.19613647460938,209.18580627441406,88.95366668701172
4273,cut2,4273,POPC,209,43.484893798828125,11.85036849975586,96.93034362792969
4273,cut2,4273,POPC,210,76.87073516845703,213.30264282226562,92.13495635986328
4273,cut2,4273,POPC,211,197.8618927001953,109.69821166992188,97.15154266357422
4273,cut2,4273,POPC,212,128.36976623535156,171.2888641357422,74.48650360107423
4273,cut2,4273,POPC,213,185.06056213378906,44.518741607666016,96.59442901611328
4273,cut2,4273,POPC,214,188.7025604248047,159.90150451660156,91.1376724243164
4273,cut2,4273,POPC,215,98.96337890625,21.113109588623047,95.8378677368164
4273,cut2,4273,POPC,216,154.25726318359375,28.336597442626953,96.65362548828125
4273,cut2,4273,POPC,217,29.629911422729492,75.48194885253906,94.84395599365234
4273,cut2,4273,POPC,218,138.94168090820312,131.69378662109375,86.12898254394531
4273,cut2,4273,POPC,219,93.1927490234375,3.2842915058135986,95.87628936767578
4273,cut2,4273,POPC,220,105.24658966064453,35.88328170776367,92.83387756347656
4273,cut2,4273,POPC,221,145.82899475097656,124.50302124023438,89.56803894042969
4273,cut2,4273,POPC,222,60.94780731201172,91.41445922851562,80.52085876464844
4273,cut2,4273,POPC,223,95.22574615478516,124.1527099609375,81.69804382324219
4273,cut2,4273,POPC,224,186.92874145507812,80.69361877441406,98.7291488647461
4273,cut2,4273,POPC,225,174.41616821289062,199.1690216064453,87.19808959960938
4273,cut2,4273,POPC,226,193.298828125,169.747314453125,89.22465515136719
4273,cut2,4273,POPC,227,14.62557029724121,131.8125457763672,79.55821228027344
4273,cut2,4273,POPC,228,188.73709106445312,33.19749069213867,96.10816192626953
4273,cut2,4273,POPC,229,74.93029022216797,98.88318634033203,79.29071044921875
4273,cut2,4273,POPC,230,182.59841918945312,166.92465209960938,91.66497802734375
4273,cut2,4273,POPC,231,192.15603637695312,103.0565185546875,101.20198822021484
4273,cut2,4273,POPC,232,142.338623046875,191.53829956054688,45.94954299926757
4273,cut2,4273,POPC,233,173.7476806640625,160.1960906982422,93.8577880859375
4273,cut2,4273,POPC,234,42.330326080322266,217.62815856933594,91.61062622070312
4273,cut2,4273,POPC,235,179.33596801757812,238.93223571777344,90.50704956054688
4273,cut2,4273,POPC,236,65.32981872558594,60.089900970458984,88.66058349609375
4273,cut2,4273,POPC,237,158.3118896484375,148.8487548828125,92.82896423339844
4273,cut2,4273,POPC,238,65.70849609375,84.79170989990234,84.13288116455078
4273,cut2,4273,POPC,239,60.75177001953125,155.79489135742188,81.97109985351562
4273,cut2,4273,POPC,240,59.50595474243164,162.63290405273438,82.69690704345703
4273,cut2,4273,POPC,241,186.15444946289062,25.881072998046875,95.70677185058594
4273,cut2,4273,POPC,242,54.73979949951172,79.31270599365234,86.07295989990234
4273,cut2,4273,POPC,243,124.82035827636719,91.59169006347656,78.6592788696289
4273,cut2,4273,POPC,244,86.10388946533203,150.9502716064453,69.64654541015625
4273,cut2,4273,POPC,245,14.505414962768555,178.8650665283203,90.57027435302734
4273,cut2,4273,POPC,246,89.6240005493164,80.04478454589844,85.98963928222656
4273,cut2,4273,POPC,247,81.66622924804688,232.3791046142578,55.63387680053711
4273,cut2,4273,POPC,248,14.832274436950684,71.60792541503906,91.51520538330078
4273,cut2,4273,POPC,249,60.9772834777832,50.27412033081055,95.73802947998047
4273,cut2,4273,POPC,250,2.680922746658325,48.913055419921875,93.3530502319336
4273,cut2,4273,POPC,251,120.52129364013672,59.754005432128906,89.92496490478516
4273,cut2,4273,POPC,252,142.89141845703125,103.76105499267578,74.0659408569336
4273,cut2,4273,POPC,253,174.78367614746094,93.76792907714844,100.02992248535156
4273,cut2,4273,POPC,254,19.986042022705078,124.70687103271484,74.99882507324217
4273,cut2,4273,POPC,255,47.395198822021484,231.4892120361328,89.95881652832031
4273,cut2,4273,POPC,256,152.32138061523438,155.15126037597656,91.97889709472658
4273,cut2,4273,POPC,257,79.06583404541016,86.43798828125,79.867919921875
4273,cut2,4273,POPC,258,65.55103302001953,203.6576690673828,89.6148681640625
4273,cut2,4273,POPC,259,52.479888916015625,142.42665100097656,79.10977172851562
4273,cut2,4273,POPC,260,49.142391204833984,74.480712890625,87.54377746582031
4273,cut2,4273,POPC,261,103.8011703491211,56.770660400390625,85.21114349365234
4273,cut2,4273,POPC,262,61.40822982788086,102.92842102050781,82.41376495361328
4273,cut2,4273,POPC,263,87.5029067993164,50.0902214050293,97.44054412841797
4273,cut2,4273,POPC,264,95.26725769042969,101.37310791015625,80.61822509765625
4273,cut2,4273,POPC,265,43.93889617919922,17.942245483398438,98.0578155517578
4273,cut2,4273,POPC,266,172.4363250732422,129.989501953125,94.30233001708984
4273,cut2,4273,POPC,267,61.1859245300293,232.9546356201172,90.09613800048828
4273,cut2,4273,POPC,268,131.2063446044922,146.16708374023438,80.09418487548828
4273,cut2,4273,POPC,269,102.55915832519533,171.29147338867188,68.03805541992186
4273,cut2,4273,POPC,270,136.86691284179688,25.129638671875,97.27760314941406
4273,cut2,4273,POPC,271,28.802242279052734,146.21507263183594,78.10235595703125
4273,cut2,4273,POPC,272,9.2421875,154.89674377441406,84.87373352050781
4273,cut2,4273,POPC,273,11.059258460998535,76.70144653320312,95.52633666992188
4273,cut2,4273,POPC,274,43.256629943847656,30.36016273498535,100.3040771484375
4273,cut2,4273,POPC,275,137.69805908203125,145.85940551757812,84.4124526977539
4273,cut2,4273,POPC,276,160.364501953125,126.24046325683594,49.21902084350586
4273,cut2,4273,POPC,277,84.75221252441406,232.11846923828125,89.52539825439453
4273,cut2,4273,POPC,278,110.60882568359375,101.77188110351562,79.42488098144531
4273,cut2,4273,POPC,279,159.34043884277344,0.49574610590934753,97.28687286376953
4273,cut2,4273,POPC,280,6.114001274108887,209.31381225585938,90.33403778076172
4273,cut2,4273,POPC,281,50.51301574707031,199.42782592773438,88.50716400146484
4273,cut2,4273,POPC,282,103.40546417236328,198.33425903320312,73.75614929199219
4273,cut2,4273,POPC,283,88.5549087524414,93.90254974365234,78.8763427734375
4273,cut2,4273,POPC,284,34.71107864379883,188.09959411621094,90.51954650878906
4273,cut2,4273,POPC,285,112.61962127685547,166.1306915283203,69.09223175048828
4273,cut2,4273,POPC,286,177.15704345703125,172.76522827148438,88.7001724243164
4273,cut2,4273,POPC,287,67.10224914550781,146.1475067138672,75.49766540527344
4273,cut2,4273,POPC,288,64.13444519042969,17.587080001831055,95.32643127441406
4273,cut2,4273,POPC,289,188.98255920410156,237.87109375,93.32608795166016
4273,cut2,4273,POPC,290,135.54144287109375,197.06147766113284,80.09011840820312
4273,cut2,4273,POPC,291,44.92959976196289,47.68900680541992,100.28114318847656
4273,cut2,4273,POPC,292,167.80523681640625,150.8048095703125,93.81392669677734
4273,cut2,4273,POPC,293,21.3361873626709,153.65364074707034,86.95093536376953
4273,cut2,4273,POPC,294,54.04633331298828,231.6632537841797,89.65924072265625
4273,cut2,4273,POPC,295,124.47806549072266,230.42788696289062,81.92709350585938
4273,cut2,4273,POPC,296,140.70877075195312,83.2908706665039,52.182926177978516
4273,cut2,4273,POPC,297,36.35695266723633,70.60221862792969,93.7760238647461
4273,cut2,4273,POPC,298,19.05582618713379,37.818058013916016,90.31591033935547
4273,cut2,4273,POPC,299,188.608642578125,151.7347869873047,89.87487030029297
4273,cut2,4273,POPC,300,23.76413345336914,76.21099090576172,92.76971435546875
4273,cut2,4273,POPC,301,17.23188400268555,79.0857925415039,92.66978454589844
4273,cut2,4273,POPC,302,67.76005554199219,4.035512447357178,94.61417388916016
4273,cut2,4273,POPC,303,122.72527313232422,78.25408172607422,80.08903503417969
4273,cut2,4273,POPC,304,143.33799743652344,177.30575561523438,85.40753173828125
4273,cut2,4273,POPC,305,90.09539794921875,236.2934112548828,91.38954162597656
4273,cut2,4273,POPC,306,51.49650192260742,183.03768920898438,88.05030822753906
4273,cut2,4273,POPC,307,95.65943145751953,94.98037719726562,80.0322265625
4273,cut2,4273,POPC,308,108.34701538085938,61.0350456237793,90.25098419189453
4273,cut2,4273,POPC,309,118.69815063476562,84.603271484375,76.60227966308594
4273,cut2,4273,POPC,310,95.551513671875,28.21500015258789,95.69012451171875
4273,cut2,4273,POPC,311,18.489824295043945,142.45706176757812,84.70691680908203
4273,cut2,4273,POPC,312,58.03993225097656,19.400257110595703,94.88147735595703
4273,cut2,4273,POPC,313,186.16061401367188,54.40941619873047,97.47008514404297
4273,cut2,4273,POPC,314,163.5780029296875,142.95008850097656,91.6141357421875
4273,cut2,4273,POPC,315,54.7335090637207,73.42606353759766,84.55146789550781
4273,cut2,4273,POPC,316,184.0410919189453,216.15890502929688,89.85099792480469
4273,cut2,4273,POPC,317,128.71180725097656,222.16778564453125,87.76040649414062
4273,cut2,4273,POPC,318,29.30168533325195,11.61990737915039,92.83338165283203
4273,cut2,4273,POPC,319,75.62755584716797,187.56593322753906,84.12454986572266
4273,cut2,4273,POPC,320,84.59518432617188,10.246697425842285,98.47502136230469
4273,cut2,4273,POPC,321,93.46965789794922,110.88987731933594,81.32814025878906
4273,cut2,4273,POPC,322,78.76730346679688,9.491272926330566,98.28922271728516
4273,cut2,4273,POPC,323,55.54714584350586,25.482276916503906,97.2234878540039
4273,cut2,4273,POPC,324,57.60286331176758,57.79634094238281,91.33079528808594
4273,cut2,4273,POPC,325,8.13010025024414,234.2886505126953,95.5317153930664
4273,cut2,4273,POPC,326,153.14700317382812,-1.1851952075958252,94.40323638916017
4273,cut2,4273,POPC,327,65.80517578125,45.81489562988281,98.58928680419922
4273,cut2,4273,POPC,328,99.78018188476562,116.03622436523438,80.61349487304688
4273,cut2,4273,POPC,329,16.76604652404785,18.030132293701172,98.32628631591797
4273,cut2,4273,POPC,330,65.16900634765625,-6.306358337402344,91.86859893798828
4273,cut2,4273,POPC,331,16.40378761291504,197.9599609375,92.03337860107422
4273,cut2,4273,POPC,332,152.7702178955078,148.84063720703125,91.2682113647461
4273,cut2,4273,POPC,333,133.64564514160156,11.461516380310059,94.2721176147461
4273,cut2,4273,POPC,334,112.96104431152344,201.82884216308594,78.35202026367188
4273,cut2,4273,POPC,335,161.97906494140625,209.50039672851562,87.12052154541016
4273,cut2,4273,POPC,336,19.52622413635254,87.10227966308594,95.7368392944336
4273,cut2,4273,POPC,337,65.72818756103516,125.17060089111328,73.93089294433594
4273,cut2,4273,POPC,338,203.76171875,228.2704620361328,94.47869110107422
4273,cut2,4273,POPC,339,145.01852416992188,191.0078125,82.11438751220703
4273,cut2,4273,POPC,340,54.26640319824219,49.0280876159668,99.64891052246094
4273,cut2,4273,POPC,341,198.4249267578125,238.09605407714844,94.29936981201172
4273,cut2,4273,POPC,342,171.9892120361328,184.9659423828125,90.77522277832031
4273,cut2,4273,POPC,343,152.93081665039062,162.49339294433594,93.57786560058594
4273,cut2,4273,POPC,344,197.35971069335938,31.856752395629883,92.95132446289062
4273,cut2,4273,POPC,345,140.00567626953125,90.1142349243164,79.61031341552734
4273,cut2,4273,POPC,346,171.91038513183594,146.0286102294922,93.56792449951172
4273,cut2,4273,POPC,347,165.4205322265625,212.43748474121094,51.432674407958984
4273,cut2,4273,POPC,348,101.88706970214844,101.37490844726562,77.03810119628906
4273,cut2,4273,POPC,349,157.19754028320312,233.36407470703125,93.01519012451172
4273,cut2,4273,POPC,350,198.44761657714844,11.447534561157227,100.66859436035156
4273,cut2,4273,POPC,351,43.04905319213867,200.12689208984375,85.64812469482422
4273,cut2,4273,POPC,352,136.624755859375,18.60215187072754,98.82676696777344
4273,cut2,4273,POPC,353,138.8072967529297,168.0593719482422,81.02294158935547
4273,cut2,4273,POPC,354,48.798614501953125,-6.172003746032715,93.6562728881836
4273,cut2,4273,POPC,355,84.1906967163086,172.88270568847656,78.51026153564453
4273,cut2,4273,POPC,356,105.6747055053711,9.959664344787598,95.44172668457031
4273,cut2,4273,POPC,357,139.97801208496094,210.78399658203125,85.96485137939453
4273,cut2,4273,POPC,358,155.88131713867188,115.96134185791014,96.43084716796874
4273,cut2,4273,POPC,359,117.47604370117188,223.2017059326172,79.44671630859375
4273,cut2,4273,POPC,360,125.66793060302734,153.82659912109375,77.22738647460938
4273,cut2,4273,POPC,361,27.519123077392578,37.52100372314453,86.70979309082031
4273,cut2,4273,POPC,362,127.35807800292969,141.0060577392578,81.21772766113281
4273,cut2,4273,POPC,363,47.85050582885742,128.37921142578125,70.7261734008789
4273,cut2,4273,POPC,364,77.46063995361328,105.03166198730469,78.55833435058594
4273,cut2,4273,POPC,365,147.5086669921875,117.15625762939453,89.52985382080078
4273,cut2,4273,POPC,366,176.901611328125,110.00225067138672,94.89750671386719
4273,cut2,4273,POPC,367,180.53900146484375,61.27640914916992,96.3346939086914
4273,cut2,4273,POPC,368,168.98341369628906,105.48602294921875,91.74592590332031
4273,cut2,4273,POPC,369,72.52654266357422,204.336181640625,90.42491912841797
4273,cut2,4273,POPC,370,192.2121124267578,228.50392150878906,94.06330871582031
4273,cut2,4273,POPC,371,63.64972686767578,197.480712890625,88.43352508544922
4273,cut2,4273,POPC,372,18.92867088317871,236.9556427001953,93.95767974853516
4273,cut2,4273,POPC,373,21.677684783935547,66.6480712890625,94.74049377441406
4273,cut2,4273,POPC,374,189.49311828613284,73.24696350097656,98.77206420898438
4273,cut2,4273,POPC,375,98.04275512695312,35.18411636352539,94.35406494140625
4273,cut2,4273,POPC,376,75.39152526855469,74.73628997802734,87.06692504882812
4273,cut2,4273,POPC,377,144.81411743164062,131.16529846191406,87.32760620117188
4273,cut2,4273,POPC,378,34.85101318359375,92.83490753173828,89.28557586669922
4273,cut2,4273,POPC,379,20.180072784423828,30.3336238861084,91.85626220703125
4273,cut2,4273,POPC,380,27.506725311279297,31.322797775268555,90.0174331665039
4273,cut2,4273,POPC,381,77.84892272949219,126.3890151977539,69.80386352539062
4273,cut2,4273,POPC,382,39.36970901489258,223.88131713867188,91.96039581298828
4273,cut2,4273,POPC,383,81.59051513671875,164.80160522460938,72.50873565673828
4273,cut2,4273,POPC,384,192.99053955078125,182.69351196289062,92.20355224609375
4273,cut2,4273,POPC,385,77.28170013427734,66.04023742675781,87.58724212646484
4273,cut2,4273,POPC,386,62.036476135253906,73.88471221923828,84.10920715332031
4273,cut2,4273,POPC,387,66.09825134277344,137.04600524902344,74.27436828613281
4273,cut2,4273,POPC,388,52.410614013671875,9.742183685302734,97.90052032470703
4273,cut2,4273,POPC,389,158.80201721191406,21.152711868286133,98.81816864013672
4273,cut2,4273,POPC,390,178.3660888671875,225.06231689453125,88.15946197509766
4273,cut2,4273,POPC,391,93.74201965332031,147.1215057373047,73.09503173828125
4273,cut2,4273,POPC,392,123.72883605957031,207.98553466796875,83.6573257446289
4273,cut2,4273,POPC,393,61.643741607666016,212.54095458984375,92.5704574584961
4273,cut2,4273,POPC,394,175.3946533203125,121.56465911865234,58.9522819519043
4273,cut2,4273,POPC,395,57.9169807434082,177.13812255859375,84.6004638671875
4273,cut2,4273,POPC,396,115.67198181152344,156.17633056640625,68.85310363769531
4273,cut2,4273,POPC,397,38.10133743286133,210.07778930664062,91.58756256103516
4273,cut2,4273,POPC,398,83.68087768554688,21.344181060791016,97.26675415039062
4273,cut2,4273,POPC,399,127.2286148071289,127.3692626953125,87.62315368652344
4273,cut2,4273,POPC,400,85.44121551513672,239.72276306152344,94.46199798583984
4273,cut2,4273,POPC,401,162.6675567626953,177.03790283203125,92.52845764160156
4273,cut2,4273,POPC,402,133.66896057128906,137.2948455810547,83.80028533935548
4273,cut2,4273,POPC,403,18.160667419433594,226.78573608398438,91.22968292236328
4273,cut2,4273,POPC,404,181.45361328125,195.6793670654297,87.291748046875
4273,cut2,4273,POPC,405,57.902618408203125,143.79124450683594,78.09364318847656
4273,cut2,4273,POPC,406,41.61811828613281,125.7215576171875,70.08694458007812
4273,cut2,4273,POPC,407,93.51327514648438,231.5527801513672,87.66471862792969
4273,cut2,4273,POPC,408,166.86781311035156,75.9981689453125,96.77403259277344
4273,cut2,4273,POPC,409,144.3396453857422,236.31455993652344,90.04720306396484
4273,cut2,4273,POPC,410,92.85301971435547,59.472991943359375,86.7498550415039
4273,cut2,4273,POPC,411,89.87140655517578,56.29257583618164,91.27586364746094
4273,cut2,4273,POPC,412,67.13178253173828,95.69291687011719,79.61903381347656
4273,cut2,4273,POPC,413,49.76003646850586,214.61337280273438,89.28929138183594
4273,cut2,4273,POPC,414,139.04217529296875,7.10184383392334,97.61164093017578
4273,cut2,4273,POPC,415,18.60293960571289,49.54903030395508,90.59353637695312
4273,cut2,4273,POPC,416,21.97022819519043,161.36648559570312,92.02375793457031
4273,cut2,4273,POPC,417,174.18072509765628,192.97776794433594,88.55281829833984
4273,cut2,4273,POPC,418,17.904296875,57.7449951171875,94.66738891601562
4273,cut2,4273,POPC,419,87.58564758300781,101.42635345458984,79.95072174072266
4273,cut2,4273,POPC,420,52.98646545410156,85.99501037597656,85.11634826660156
4273,cut2,4273,POPC,421,25.607187271118164,52.96871566772461,92.50597381591797
4273,cut2,4273,POPC,422,18.30502700805664,172.11647033691406,92.84947204589844
4273,cut2,4273,POPC,423,26.668617248535156,222.8412322998047,89.4586181640625
4273,cut2,4273,POPC,424,154.47488403320312,168.71177673339844,94.611083984375
4273,cut2,4273,POPC,425,136.54322814941406,152.252685546875,79.65451049804688
4273,cut2,4273,POPC,426,23.44495964050293,-2.433142900466919,90.97639465332031
4273,cut2,4273,POPC,427,113.4225845336914,98.1896743774414,74.80937957763672
4273,cut2,4273,POPC,428,136.2507781982422,220.76097106933594,86.66812896728516
4273,cut2,4273,POPC,429,33.47657012939453,48.30682373046875,92.78292083740234
4273,cut2,4273,POPC,430,172.554931640625,62.98099136352539,97.19388580322264
4273,cut2,4273,POPC,431,130.03524780273438,56.79264831542969,90.68443298339844
4273,cut2,4273,POPC,432,191.77696228027344,53.70606994628906,94.39920806884766
4273,cut2,4273,POPC,433,175.95570373535156,15.05669116973877,93.02569580078125
4273,cut2,4273,POPC,434,31.145307540893555,211.58784484863284,90.82537078857422
4273,cut2,4273,POPC,435,23.65839385986328,233.97512817382812,91.90829467773438
4273,cut2,4273,POPC,436,101.36621093749999,233.2915496826172,88.72075653076172
4273,cut2,4273,POPC,437,122.2849349975586,142.3589630126953,75.57794952392578
4273,cut2,4273,POPC,438,140.8722381591797,163.07516479492188,79.61222076416016
4273,cut2,4273,POPC,439,71.33724975585938,236.97476196289062,93.6304931640625
4273,cut2,4273,POPC,440,39.23073959350586,195.42782592773438,88.53527069091797
4273,cut2,4273,POPC,441,126.02372741699219,133.1098175048828,83.87583923339844
4273,cut2,4273,POPC,442,47.97193145751953,151.4319305419922,81.19676208496094
4273,cut2,4273,POPC,443,38.481937408447266,46.95161437988281,97.05203247070312
4273,cut2,4273,POPC,444,5.801660537719727,22.624210357666016,98.53968811035156
4273,cut2,4273,POPC,445,134.31976318359375,80.76898193359375,82.4023208618164
4273,cut2,4273,POPC,446,143.9342803955078,182.8854522705078,83.39712524414062
4273,cut2,4273,POPC,447,13.967694282531738,220.8978271484375,92.61417388916016
4273,cut2,4273,POPC,448,118.63140869140625,149.7594757080078,71.78253173828125
4273,cut2,4273,POPC,449,37.34296417236328,130.17022705078125,75.55300903320311
4273,cut2,4273,POPC,450,133.8299102783203,175.27001953125003,79.71843719482422
4273,cut2,4273,POPC,451,75.91983032226562,92.0970687866211,78.03541564941406
4273,cut2,4273,POPC,452,36.15348815917969,164.8313446044922,90.22206115722656
4273,cut2,4273,POPC,453,129.8257598876953,95.19718170166016,78.05535888671875
4273,cut2,4273,POPC,454,180.4010772705078,30.15597152709961,96.05044555664062
4273,cut2,4273,POPC,455,5.525204658508301,190.46267700195312,90.1972427368164
4273,cut2,4273,POPC,456,119.98870849609374,18.929672241210938,97.3614730834961
4273,cut2,4273,POPC,457,119.53852081298828,70.0335693359375,85.34915161132811
4273,cut2,4273,POPC,458,77.9852294921875,168.97842407226562,75.76300811767578
4273,cut2,4273,POPC,459,58.3835334777832,10.39278793334961,95.84905242919922
4273,cut2,4273,POPC,460,128.28224182128906,20.235918045043945,95.82489776611328
4273,cut2,4273,POPC,461,76.65721130371094,51.3448600769043,90.21559143066406
4273,cut2,4273,POPC,462,75.29004669189453,182.4077606201172,82.57142639160156
4273,cut2,4273,POPC,463,70.11045837402344,19.115724563598633,54.84671401977539
4273,cut2,4273,POPC,464,42.21329879760742,91.8595962524414,90.21387481689453
4273,cut2,4273,POPC,465,115.03764343261719,72.40211486816406,84.79188537597656
4273,cut2,4273,POPC,466,48.14278793334961,98.5206298828125,87.9754409790039
4273,cut2,4273,POPC,467,144.95005798339844,208.01296997070312,43.598838806152344
4273,cut2,4273,POPC,468,123.66668701171875,14.064128875732422,92.22344207763672
4273,cut2,4273,POPC,469,73.16253662109375,-1.2383711338043213,94.46621704101562
4273,cut2,4273,POPC,470,119.26583099365234,162.3667755126953,72.36000061035156
4273,cut2,4273,POPC,471,181.48646545410153,79.60076904296875,97.95684051513672
4273,cut2,4273,POPC,472,32.693565368652344,36.63847732543945,91.04505920410156
4273,cut2,4273,POPC,473,66.004150390625,159.6964569091797,81.22257995605469
4273,cut2,4273,POPC,474,181.1872100830078,117.55085754394531,93.22734832763672
4273,cut2,4273,POPC,475,193.21554565429688,92.95056915283203,98.51590728759766
4273,cut2,4273,POPC,476,158.7320556640625,55.450050354003906,91.53399658203125
4273,cut2,4273,POPC,477,47.7081413269043,224.26844787597656,90.92256927490234
4273,cut2,4273,POPC,478,82.78128051757812,32.93069076538086,94.57666015625
4273,cut2,4273,POPC,479,85.75330352783203,205.88507080078128,89.72322082519531
4273,cut2,4273,POPC,480,35.29117202758789,55.49239730834961,94.49156188964844
4273,cut2,4273,POPC,481,70.73509216308594,24.01896858215332,94.94828033447266
4273,cut2,4273,POPC,482,54.73243713378906,123.99151611328125,73.61736297607422
4273,cut2,4273,POPC,483,151.82545471191406,10.840871810913086,101.61672973632812
4273,cut2,4273,POPC,484,152.4890899658203,199.59373474121094,85.58087158203125
4273,cut2,4273,POPC,485,156.97312927246094,175.49554443359375,93.38835144042969
4273,cut2,4273,POPC,486,87.35090637207031,137.93714904785156,74.82453155517578
4273,cut2,4273,POPC,487,176.82749938964844,57.02164077758789,100.66373443603516
4273,cut2,4273,POPC,488,46.24681091308594,177.88046264648438,87.93448638916016
4273,cut2,4273,POPC,489,39.5909538269043,83.37318420410156,92.02737426757812
4273,cut2,4273,POPC,490,71.5105972290039,191.77684020996094,86.98710632324219
4273,cut2,4273,POPC,491,128.30616760253906,180.5438690185547,78.33369445800781
4273,cut2,4273,POPC,492,134.28050231933594,71.22405242919922,87.13445281982422
4273,cut2,4273,POPC,493,41.72624588012695,143.0865936279297,78.04065704345703
4273,cut2,4273,POPC,494,145.5716552734375,155.02793884277344,86.08684539794922
4273,cut2,4273,POPC,495,113.04237365722656,141.9857635498047,76.96781921386719
4273,cut2,4273,POPC,496,75.36808013916016,231.2829132080078,92.34266662597656
4273,cut2,4273,POPC,497,74.07670593261719,156.76226806640625,78.2532730102539
4273,cut2,4273,POPC,498,167.97119140625,188.35997009277344,87.48412322998047
4273,cut2,4273,POPC,499,118.20272064208984,96.5325927734375,79.7396011352539
4273,cut2,4273,POPC,500,48.70326614379883,138.63275146484375,76.08758544921875
4273,cut2,4273,POPC,501,6.420328140258789,90.75313568115234,95.12609100341797
4273,cut2,4273,POPC,502,119.11783599853516,5.431040287017822,95.4464569091797
4273,cut2,4273,POPC,503,56.520286560058594,210.21957397460938,91.14466857910156
4273,cut2,4273,POPC,504,75.73651885986328,42.197853088378906,96.25187683105469
4273,cut2,4273,POPC,505,64.67967987060547,170.11038208007812,84.23723602294922
4273,cut2,4273,POPC,506,127.2342529296875,187.333740234375,76.87056732177734
4273,cut2,4273,POPC,507,178.68368530273438,204.92156982421875,86.46963500976562
4273,cut2,4273,POPC,508,60.247379302978516,70.0592041015625,47.40589904785156
4273,cut2,4273,POPC,509,22.536754608154297,42.13910675048828,90.6362075805664
4273,cut2,4273,POPC,510,12.066699981689453,87.3405990600586,95.53639221191406
4273,cut2,4273,POPC,511,154.36660766601562,122.26983642578125,93.92926025390626
4273,cut2,4273,POPC,512,87.30812072753906,26.89407730102539,94.70886993408203
4273,cut2,4273,POPC,513,69.35093688964844,231.55960083007812,92.5497055053711
4273,cut2,4273,POPC,514,185.6958770751953,226.69874572753906,91.53873443603516
4273,cut2,4273,POPC,515,159.83212280273438,196.74139404296875,85.5162124633789
4273,cut2,4273,POPC,516,179.77235412597656,187.62953186035156,89.76026916503906
4273,cut2,4273,POPC,517,193.96890258789062,188.92327880859375,89.9365005493164
4273,cut2,4273,POPC,518,12.976123809814453,139.61863708496094,85.50858306884766
4273,cut2,4273,POPC,519,99.3268814086914,90.09396362304688,79.96385192871094
4273,cut2,4273,POPC,520,161.41751098632812,233.55300903320312,95.40161895751953
4273,cut2,4273,POPC,521,94.44971466064453,134.47125244140625,78.96780395507812
4273,cut2,4273,POPC,522,108.52099609375,87.4115982055664,82.19215393066406
4273,cut2,4273,POPC,523,26.816818237304688,23.95013999938965,91.1230697631836
4273,cut2,4273,POPC,524,163.09292602539062,155.67832946777344,98.68994903564453
4273,cut2,4273,POPC,525,44.306358337402344,166.6877899169922,89.52302551269531
4273,cut2,4273,POPC,526,118.3052978515625,10.796154022216797,93.94681549072266
4273,cut2,4273,POPC,527,58.62439727783203,170.36740112304688,86.84856414794922
4273,cut2,4273,POPC,528,18.506608963012695,1.362818121910095,94.24008178710938
4273,cut2,4273,POPC,529,32.27558135986328,230.9136505126953,95.52368927001953
4273,cut2,4273,POPC,530,63.74527359008789,178.0322723388672,82.43350219726562
4273,cut2,4273,POPC,531,166.30897521972656,86.30074310302734,96.0467300415039
4273,cut2,4273,POPC,532,4.138602256774902,35.09563064575195,92.85850524902344
4273,cut2,4273,POPC,533,174.5854797363281,70.95266723632812,95.96991729736328
4273,cut2,4273,POPC,534,115.24826049804688,197.6165008544922,74.92727661132812
4273,cut2,4273,POPC,535,29.22901153564453,151.91297912597656,83.52497863769531
4273,cut2,4273,POPC,536,92.18984985351562,43.1295166015625,97.74259948730469
4273,cut2,4273,POPC,537,183.15652465820312,201.37757873535156,84.05714416503906
4273,cut2,4273,POPC,538,70.64423370361328,177.7445068359375,82.24742889404297
4273,cut2,4273,POPC,539,166.4899139404297,93.07008361816406,95.05838012695312
4273,cut2,4273,POPC,540,119.24579620361327,212.06082153320312,81.25957489013672
4273,cut2,4273,POPC,541,147.885009765625,169.70201110839844,93.90861511230469
4273,cut2,4273,POPC,542,112.29666137695312,54.887908935546875,92.96852111816406
4273,cut2,4273,POPC,543,150.61239624023438,17.03804969787598,98.15597534179688
4273,cut2,4273,POPC,544,176.9065399169922,105.7547836303711,99.93036651611328
4273,cut2,4273,POPC,545,66.29217529296875,227.9561004638672,89.7348861694336
4273,cut2,4273,POPC,546,74.46759033203125,2.8881685733795166,98.64019775390625
4273,cut2,4273,POPC,547,4.804396629333496,181.6277313232422,90.43578338623047
4273,cut2,4273,POPC,548,72.8209228515625,86.59201049804688,80.09211730957031
4273,cut2,4273,POPC,549,114.92080688476562,80.21891021728516,82.56961059570312
4273,cut2,4273,POPC,550,5.510843276977539,134.6139373779297,80.05747985839844
4273,cut2,4273,POPC,551,72.6282730102539,13.931447982788086,95.55628204345703
4273,cut2,4273,POPC,552,23.221158981323242,185.07839965820312,90.25779724121094
4273,cut2,4273,POPC,553,94.09241485595703,67.82929229736328,89.8428726196289
4273,cut2,4273,POPC,554,75.46843719482422,218.47970581054688,93.44891357421875
4273,cut2,4273,POPC,555,60.43605422973633,201.5177459716797,92.3709487915039
4273,cut2,4273,POPC,556,187.8633575439453,99.0412826538086,100.7905502319336
4273,cut2,4273,POPC,557,44.02369689941406,207.7335968017578,86.08797454833984
4273,cut2,4273,POPC,558,81.6971664428711,97.93157196044922,76.73821258544922
4273,cut2,4273,POPC,559,130.3548126220703,159.38475036621094,71.1272964477539
4273,cut2,4273,POPC,560,32.700172424316406,159.94406127929688,88.72431182861328
4273,cut2,4273,POPC,561,11.518856048583984,35.602806091308594,92.72642517089844
4273,cut2,4273,POPC,562,174.84210205078125,45.5247688293457,95.29444885253906
4273,cut2,4273,POPC,563,185.90353393554688,189.73809814453125,89.71996307373047
4273,cut2,4273,POPC,564,40.90579605102539,54.42885971069336,91.98756408691406
4273,cut2,4273,POPC,565,54.482765197753906,237.5929718017578,89.30518341064453
4273,cut2,4273,POPC,566,84.30596160888672,146.1226043701172,75.11746978759766
4273,cut2,4273,POPC,567,36.001182556152344,142.96580505371094,78.13664245605469
4273,cut2,4273,POPC,568,10.046553611755371,52.88631820678711,97.04617309570312
4273,cut2,4273,POPC,569,145.99754333496097,217.025634765625,87.44004821777344
4273,cut2,4273,POPC,570,191.2504119873047,212.09486389160156,88.91043090820312
4273,cut2,4273,POPC,571,46.571929931640625,106.84849548339844,41.47715759277344
4273,cut2,4273,POPC,572,23.017839431762695,61.46677017211914,94.92908477783203
4273,cut2,4273,POPC,573,115.16012573242188,24.746055603027344,94.85162353515625
4273,cut2,4273,POPC,574,165.02032470703122,216.51893615722653,90.2057113647461
4273,cut2,4273,POPC,575,50.269813537597656,32.93270492553711,96.58345031738281
4273,cut2,4273,POPC,576,152.5073699951172,142.62814331054688,90.39639282226562
4273,cut2,4273,POPC,577,160.92774963378906,188.16221618652344,88.9269027709961
4273,cut2,4273,POPC,578,17.0509033203125,157.88719177246094,86.36824798583984
4273,cut2,4273,POPC,579,178.9700164794922,129.51414489746094,91.61165618896484
4273,cut2,4273,POPC,580,124.21562194824219,157.279296875,71.87530517578125
4273,cut2,4273,POPC,581,109.72883605957031,172.38775634765625,70.39265441894531
4273,cut2,4273,POPC,582,10.630167007446289,242.32017517089844,97.84400177001953
4273,cut2,4273,POPC,583,188.52870178222656,202.71588134765625,86.70521545410156
4273,cut2,4273,POPC,584,160.41123962402344,101.89923858642578,54.910274505615234
4273,cut2,4273,POPC,585,50.13435745239258,3.1419007778167725,97.04679870605469
4273,cut2,4273,POPC,586,163.31459045410156,12.983349800109863,99.32884216308594
4273,cut2,4273,POPC,587,101.129638671875,6.612326145172119,92.74602508544922
4273,cut2,4273,POPC,588,187.3437957763672,221.8358612060547,89.72753143310547
4273,cut2,4273,POPC,589,197.0365447998047,58.95357131958008,94.35665130615234
4273,cut2,4273,POPC,590,34.49432373046875,135.7934112548828,77.57476806640625
4273,cut2,4273,POPC,591,79.15310668945312,150.28521728515625,71.67790985107422
4273,cut2,4273,POPC,592,54.87981414794922,184.88552856445312,48.340553283691406
4273,cut2,4273,POPC,593,198.3869171142578,20.594552993774414,99.25104522705078
4273,cut2,4273,POPC,594,178.8987274169922,10.793717384338379,99.81997680664062
4273,cut2,4273,POPC,595,60.1732292175293,224.3482208251953,89.45121002197266
4273,cut2,4273,POPC,596,121.40983581542969,170.39146423339844,73.94325256347656
4273,cut2,4273,POPC,597,109.94844055175781,145.91403198242188,72.21746063232422
4273,cut2,4273,POPC,598,35.36408996582031,175.81881713867188,93.1402816772461
4273,cut2,4273,POPC,599,113.80359649658203,34.20540237426758,93.18936157226562
4273,cut2,4273,POPC,600,25.44178009033203,125.38239288330078,76.98866271972656
4273,cut2,4273,POPC,601,23.709917068481445,136.79568481445312,80.76103973388672
4273,cut2,4273,POPC,602,164.8594970703125,130.37338256835938,97.65782165527344
4273,cut2,4273,POPC,603,105.57160949707031,19.524017333984375,96.44074249267578
4273,cut2,4273,POPC,604,33.92255401611328,240.99301147460938,95.2914047241211
4273,cut2,4273,POPC,605,128.16213989257812,14.026355743408203,93.94842529296875
4273,cut2,4273,POPC,606,167.0299072265625,20.111953735351562,99.66352081298828
4273,cut2,4273,POPC,607,88.66997528076172,130.49176025390625,80.02715301513672
4273,cut2,4273,POPC,608,57.20119094848633,3.7143666744232178,94.39186096191406
4273,cut2,4273,POPC,609,9.07116413116455,15.460705757141113,101.05268859863281
4273,cut2,4273,POPC,610,24.16791534423828,201.71835327148438,91.12195587158203
4273,cut2,4273,POPC,611,178.5531768798828,178.74417114257812,91.21934509277344
4273,cut2,4273,POPC,612,55.3414306640625,195.12689208984375,85.83110046386719
4273,cut2,4273,POPC,613,169.7561492919922,236.7037811279297,57.099098205566406
4273,cut2,4273,POPC,614,132.33042907714844,226.0875244140625,85.04496002197266
4273,cut2,4273,POPC,615,199.83518981933594,206.01724243164062,89.87139892578125
4273,cut2,4273,POPC,616,183.24598693847656,237.62083435058594,93.7212905883789
4273,cut2,4273,POPC,617,143.96681213378903,205.04937744140625,85.28822326660156
4273,cut2,4273,POPC,618,9.623912811279297,149.2300262451172,87.35743713378906
4273,cut2,4273,POPC,619,201.179931640625,174.09617614746094,90.14139556884766
4273,cut2,4273,POPC,620,149.65785217285156,2.7130494117736816,101.88800048828125
4273,cut2,4273,POPC,621,155.31214904785156,226.3468780517578,92.17891693115234
4273,cut2,4273,POPC,622,155.57809448242188,181.68421936035156,89.52025604248047
4273,cut2,4273,POPC,623,122.20845794677734,46.12736511230469,94.08251190185547
4273,cut2,4273,POPC,624,133.74391174316406,157.78646850585938,76.61119842529297
4273,cut2,4273,POPC,625,143.67710876464844,151.78656005859375,80.56581115722656
4273,cut2,4273,POPC,626,130.72959899902344,101.9397201538086,39.83464050292969
4273,cut2,4273,POPC,627,54.760101318359375,178.02972412109375,49.04158020019531
4273,cut2,4273,POPC,628,59.36405944824219,194.27659606933594,49.85378646850587
4273,cut2,4273,POPC,629,148.0077362060547,172.51097106933594,48.68280029296875
4273,cut2,4273,POPC,630,119.82762908935547,73.0080795288086,46.62094497680664
4273,cut2,4273,POPC,631,21.02206039428711,244.17637634277344,52.1968879699707
4273,cut2,4273,POPC,632,134.0091552734375,206.96539306640625,41.51940155029297
4273,cut2,4273,POPC,633,133.32102966308594,152.50680541992188,41.537017822265625
4273,cut2,4273,POPC,634,42.972816467285156,186.5576934814453,46.98910140991211
4273,cut2,4273,POPC,635,136.80226135253906,12.458821296691895,54.75900650024414
4273,cut2,4273,POPC,636,10.590744018554688,174.17308044433594,44.78617477416992
4273,cut2,4273,POPC,637,-0.4346559941768646,21.599905014038086,56.59653854370117
4273,cut2,4273,POPC,638,107.8749771118164,47.000648498535156,58.24404525756836
4273,cut2,4273,POPC,639,72.10594940185547,207.47666931152344,48.70046615600586
4273,cut2,4273,POPC,640,192.8368682861328,224.63548278808594,53.119712829589844
4273,cut2,4273,POPC,641,167.11155700683594,163.71595764160156,52.41451644897461
4273,cut2,4273,POPC,642,163.92813110351562,181.86892700195312,49.31885528564453
4273,cut2,4273,POPC,643,70.20523071289062,196.9209747314453,44.158931732177734
4273,cut2,4273,POPC,644,37.55915832519531,85.20176696777344,51.55330276489258
4273,cut2,4273,POPC,645,-4.201204299926758,70.32571411132812,58.777244567871094
4273,cut2,4273,POPC,646,191.18174743652344,13.71713638305664,59.704673767089844
4273,cut2,4273,POPC,647,177.58590698242188,84.61493682861328,53.05332565307617
4273,cut2,4273,POPC,648,165.26890563964844,146.3593292236328,55.368919372558594
4273,cut2,4273,POPC,649,181.75538635253906,76.83707427978516,58.627864837646484
4273,cut2,4273,POPC,650,184.26185607910156,211.2655792236328,55.021766662597656
4273,cut2,4273,POPC,651,160.68316650390625,157.81109619140625,51.050437927246094
4273,cut2,4273,POPC,652,170.53305053710938,193.52737426757812,53.2341194152832
4273,cut2,4273,POPC,653,8.47198486328125,179.9653778076172,46.79475402832031
4273,cut2,4273,POPC,654,33.780330657958984,184.35768127441406,47.021610260009766
4273,cut2,4273,POPC,655,55.204383850097656,35.093772888183594,59.430667877197266
4273,cut2,4273,POPC,656,46.68059539794922,230.34828186035156,55.25202560424805
4273,cut2,4273,POPC,657,27.171405792236328,158.28839111328125,46.56144714355469
4273,cut2,4273,POPC,658,84.33538055419922,125.26560974121094,48.47190856933594
4273,cut2,4273,POPC,659,49.959957122802734,156.89788818359375,49.654388427734375
4273,cut2,4273,POPC,660,97.85664367675781,44.48697280883789,56.52131271362305
4273,cut2,4273,POPC,661,35.86358642578125,44.95756530761719,54.9500846862793
4273,cut2,4273,POPC,662,167.21498107910156,57.327972412109375,64.06661224365234
4273,cut2,4273,POPC,663,135.2451629638672,191.08018493652344,40.42674255371094
4273,cut2,4273,POPC,664,4.404750823974609,39.12065887451171,57.4109992980957
4273,cut2,4273,POPC,665,11.123723030090332,212.95745849609375,52.467620849609375
4273,cut2,4273,POPC,666,153.94351196289062,140.92550659179688,45.427650451660156
4273,cut2,4273,POPC,667,-0.6699255108833313,103.02460479736328,59.538387298583984
4273,cut2,4273,POPC,668,159.7557373046875,165.5392303466797,49.9251823425293
4273,cut2,4273,POPC,669,149.9875946044922,134.4766082763672,42.54951095581055
4273,cut2,4273,POPC,670,195.4788360595703,30.11139488220215,57.35803985595703
4273,cut2,4273,POPC,671,75.2163619995117,87.64707946777344,40.28520584106445
4273,cut2,4273,POPC,672,185.0886688232422,164.5771484375,50.932392120361335
4273,cut2,4273,POPC,673,113.54243469238281,12.406770706176758,56.22809600830078
4273,cut2,4273,POPC,674,178.5548858642578,52.065731048583984,61.551727294921875
4273,cut2,4273,POPC,675,65.49398803710938,183.87979125976565,44.291873931884766
4273,cut2,4273,POPC,676,66.9018325805664,89.41972351074219,40.83955001831055
4273,cut2,4273,POPC,677,147.1786346435547,196.53677368164062,45.726341247558594
4273,cut2,4273,POPC,678,39.87763977050781,223.4927215576172,55.70654296875
4273,cut2,4273,POPC,679,51.1358757019043,216.047119140625,51.29845428466797
4273,cut2,4273,POPC,680,133.3263702392578,169.7598419189453,36.57468795776367
4273,cut2,4273,POPC,681,64.17900085449219,53.3083381652832,52.0450325012207
4273,cut2,4273,POPC,682,114.33653259277344,76.7262191772461,46.03707504272461
4273,cut2,4273,POPC,683,174.5968780517578,233.5601043701172,57.76828384399414
4273,cut2,4273,POPC,684,111.59425354003906,139.27627563476562,41.203399658203125
4273,cut2,4273,POPC,685,119.96207427978516,24.464420318603516,57.8431396484375
4273,cut2,4273,POPC,686,72.47632598876953,171.6038970947266,39.437255859375
4273,cut2,4273,POPC,687,177.81686401367188,195.94473266601562,48.167572021484375
4273,cut2,4273,POPC,688,61.64365005493164,221.38983154296875,53.65910720825195
4273,cut2,4273,POPC,689,33.84868621826172,163.0573272705078,48.571720123291016
4273,cut2,4273,POPC,690,190.78762817382812,162.0940399169922,56.64676284790039
4273,cut2,4273,POPC,691,6.266543388366699,71.9521713256836,59.04148483276368
4273,cut2,4273,POPC,692,180.78651428222656,186.1836395263672,50.47850799560547
4273,cut2,4273,POPC,693,125.03897857666016,163.97897338867188,33.021400451660156
4273,cut2,4273,POPC,694,147.3170928955078,181.1061248779297,48.5478630065918
4273,cut2,4273,POPC,695,170.58251953125,220.1843719482422,50.8762092590332
4273,cut2,4273,POPC,696,112.84215545654297,34.907020568847656,57.794803619384766
4273,cut2,4273,POPC,697,79.89094543457031,31.171842575073242,53.299556732177734
4273,cut2,4273,POPC,698,85.40480041503906,37.11937713623047,53.86997604370117
4273,cut2,4273,POPC,699,190.93862915039062,53.40205001831055,59.19237518310547
4273,cut2,4273,POPC,700,106.40283203125,4.507718086242676,57.867454528808594
4273,cut2,4273,POPC,701,148.2138671875,211.74935913085938,51.5185661315918
4273,cut2,4273,POPC,702,78.66270446777344,74.7789535522461,48.90711975097656
4273,cut2,4273,POPC,703,35.2458610534668,64.2395248413086,55.37391662597656
4273,cut2,4273,POPC,704,89.58788299560547,233.5642852783203,54.55766296386719
4273,cut2,4273,POPC,705,88.22489929199219,220.16709899902347,50.39712142944336
4273,cut2,4273,POPC,706,61.011566162109375,185.25958251953125,48.366912841796875
4273,cut2,4273,POPC,707,18.423038482666016,19.649154663085938,55.08146667480469
4273,cut2,4273,POPC,708,72.73564910888672,148.28759765625,74.0366439819336
4273,cut2,4273,POPC,709,12.714863777160645,219.14718627929688,54.591102600097656
4273,cut2,4273,POPC,710,182.79644775390625,31.529920578002933,57.515045166015625
4273,cut2,4273,POPC,711,41.204036712646484,96.49163055419922,51.31815719604492
4273,cut2,4273,POPC,712,46.3694953918457,197.5904541015625,45.74775695800781
4273,cut2,4273,POPC,713,34.493507385253906,10.012990951538086,57.85744857788086
4273,cut2,4273,POPC,714,164.6985321044922,16.627120971679688,57.36802673339844
4273,cut2,4273,POPC,715,7.430280685424805,207.3806915283203,49.98904800415039
4273,cut2,4273,POPC,716,194.9965362548828,41.54851531982422,60.35041809082031
4273,cut2,4273,POPC,717,187.19125366210938,79.46499633789062,56.97041320800781
4273,cut2,4273,POPC,718,64.10578918457031,19.257314682006836,57.486793518066406
4273,cut2,4273,POPC,719,196.826171875,76.59937286376953,58.24945831298829
4273,cut2,4273,POPC,720,196.69114685058594,165.58239746093753,46.56027603149414
4273,cut2,4273,POPC,721,110.32638549804688,102.63363647460938,38.226165771484375
4273,cut2,4273,POPC,722,161.5332489013672,218.5542449951172,51.33498001098633
4273,cut2,4273,POPC,723,99.57052612304688,172.4580535888672,33.449893951416016
4273,cut2,4273,POPC,724,97.17153930664062,243.3841552734375,55.872528076171875
4273,cut2,4273,POPC,725,14.789092063903809,13.7278413772583,55.92607879638672
4273,cut2,4273,POPC,726,89.50516510009767,63.87346649169922,52.250587463378906
4273,cut2,4273,POPC,727,41.56033706665039,217.3245849609375,48.740665435791016
4273,cut2,4273,POPC,728,49.38510513305663,72.18046569824219,51.553253173828125
4273,cut2,4273,POPC,729,52.504940032958984,21.282176971435547,59.26336288452148
4273,cut2,4273,POPC,730,75.2496109008789,53.64888381958008,48.227508544921875
4273,cut2,4273,POPC,731,73.9950180053711,228.7235870361328,55.65186309814453
4273,cut2,4273,POPC,732,5.585352897644043,197.07292175292972,46.49705505371094
4273,cut2,4273,POPC,733,109.4447250366211,27.458833694458008,56.103240966796875
4273,cut2,4273,POPC,734,140.51473999023438,143.81675720214844,41.194129943847656
4273,cut2,4273,POPC,735,44.42255783081055,175.17330932617188,47.066715240478516
4273,cut2,4273,POPC,736,3.136121988296509,5.810036659240723,58.841796875
4273,cut2,4273,POPC,737,39.5517578125,40.36866760253906,54.36528396606445
4273,cut2,4273,POPC,738,28.239017486572266,202.32911682128906,53.407745361328125
4273,cut2,4273,POPC,739,179.45703125,139.47772216796875,59.47710037231445
4273,cut2,4273,POPC,740,58.65290451049805,40.52909851074219,57.104827880859375
4273,cut2,4273,POPC,741,193.21937561035156,191.31076049804688,44.47765350341797
4273,cut2,4273,POPC,742,28.009037017822266,226.00379943847656,56.52437973022461
4273,cut2,4273,POPC,743,82.93565368652344,213.0459442138672,50.76659393310547
4273,cut2,4273,POPC,744,91.510009765625,7.600297927856445,56.18040466308594
4273,cut2,4273,POPC,745,64.85087585449219,213.2180633544922,52.7004508972168
4273,cut2,4273,POPC,746,150.01808166503906,162.39692687988284,45.909244537353516
4273,cut2,4273,POPC,747,3.4183733463287354,157.0299530029297,53.646942138671875
4273,cut2,4273,POPC,748,108.2551040649414,57.11477279663086,53.721710205078125
4273,cut2,4273,POPC,749,25.125024795532227,209.533935546875,52.77996063232422
4273,cut2,4273,POPC,750,104.25108337402344,69.99925231933594,48.31809997558594
4273,cut2,4273,POPC,751,69.61582946777344,243.11711120605466,56.81546401977539
4273,cut2,4273,POPC,752,72.51263427734375,38.59791564941406,52.376060485839844
4273,cut2,4273,POPC,753,190.93148803710938,47.830089569091804,61.624290466308594
4273,cut2,4273,POPC,754,151.9512939453125,227.15061950683594,54.24793243408203
4273,cut2,4273,POPC,755,125.67511749267578,212.95823669433594,42.2162971496582
4273,cut2,4273,POPC,756,23.115438461303707,200.88726806640625,50.39749526977539
4273,cut2,4273,POPC,757,194.00987243652344,87.71391296386719,58.20549392700195
4273,cut2,4273,POPC,758,164.103759765625,170.66659545898438,51.42924880981445
4273,cut2,4273,POPC,759,86.39707946777344,43.741512298583984,51.6864013671875
4273,cut2,4273,POPC,760,156.62828063964844,152.1747283935547,50.390079498291016
4273,cut2,4273,POPC,761,197.02049255371094,59.52464294433594,60.97566223144531
4273,cut2,4273,POPC,762,14.020007133483887,227.46990966796875,56.90108108520508
4273,cut2,4273,POPC,763,163.00265502929688,111.76524353027344,57.28438949584962
4273,cut2,4273,POPC,764,28.244657516479492,61.41020584106445,56.30741500854492
4273,cut2,4273,POPC,765,13.513535499572754,39.00838851928711,55.716392517089844
4273,cut2,4273,POPC,766,58.150821685791016,163.6636505126953,40.14848327636719
4273,cut2,4273,POPC,767,58.57738494873047,175.5794219970703,42.93291473388672
4273,cut2,4273,POPC,768,69.21327209472656,66.29377746582031,47.201168060302734
4273,cut2,4273,POPC,769,179.7709503173828,58.736209869384766,63.777618408203125
4273,cut2,4273,POPC,770,105.61366271972656,32.21070098876953,59.47140121459961
4273,cut2,4273,POPC,771,175.44082641601562,65.93509674072266,62.815582275390625
4273,cut2,4273,POPC,772,10.759060859680176,236.74429321289062,55.47235870361329
4273,cut2,4273,POPC,773,55.887935638427734,25.365211486816406,62.35808563232421
4273,cut2,4273,POPC,774,76.85791015625,17.745079040527344,53.59968948364258
4273,cut2,4273,POPC,775,159.8740692138672,146.10894775390625,51.60874557495117
4273,cut2,4273,POPC,776,196.11488342285156,36.431121826171875,57.519927978515625
4273,cut2,4273,POPC,777,141.36570739746094,185.7525177001953,42.2887077331543
4273,cut2,4273,POPC,778,189.79782104492188,185.05386352539062,48.893333435058594
4273,cut2,4273,POPC,779,183.13096618652344,199.091064453125,48.81583023071289
4273,cut2,4273,POPC,780,2.8309614658355713,174.5006103515625,45.275596618652344
4273,cut2,4273,POPC,781,73.486083984375,11.429405212402344,55.60210800170899
4273,cut2,4273,POPC,782,141.60498046875,124.85393524169922,47.586368560791016
4273,cut2,4273,POPC,783,63.634700775146484,165.80055236816406,38.534420013427734
4273,cut2,4273,POPC,784,103.10851287841797,51.17150115966797,56.75407028198242
4273,cut2,4273,POPC,785,54.680946350097656,2.4593822956085205,54.62358093261719
4273,cut2,4273,POPC,786,155.9630126953125,179.74986267089844,52.530555725097656
4273,cut2,4273,POPC,787,175.72145080566406,17.0814151763916,58.242244720458984
4273,cut2,4273,POPC,788,191.757080078125,168.95640563964844,48.442317962646484
4273,cut2,4273,POPC,789,116.3455581665039,8.916446685791016,53.00846481323242
4273,cut2,4273,POPC,790,76.22286224365234,234.9151611328125,55.06343078613281
4273,cut2,4273,POPC,791,96.29234313964844,69.40925598144531,48.53982162475586
4273,cut2,4273,POPC,792,48.28169250488281,15.995218276977539,58.38008117675781
4273,cut2,4273,POPC,793,121.94449615478517,15.330318450927734,51.43425369262695
4273,cut2,4273,POPC,794,93.5464859008789,29.43605613708496,54.941078186035156
4273,cut2,4273,POPC,795,60.29391098022461,80.57334899902344,42.66555404663086
4273,cut2,4273,POPC,796,183.06492614746094,105.35419464111328,61.89665985107422
4273,cut2,4273,POPC,797,70.86802673339844,233.63201904296875,56.326026916503906
4273,cut2,4273,POPC,798,48.525386810302734,48.72328567504883,54.6982421875
4273,cut2,4273,POPC,799,170.5179443359375,65.3114013671875,59.75593948364258
4273,cut2,4273,POPC,800,101.85377502441406,99.37354278564453,37.46045684814453
4273,cut2,4273,POPC,801,37.00106811523438,16.842201232910156,60.41391372680664
4273,cut2,4273,POPC,802,30.603179931640625,39.23321533203125,52.607872009277344
4273,cut2,4273,POPC,803,185.46231079101562,4.199830055236816,55.10646057128906
4273,cut2,4273,POPC,804,126.58223724365234,156.92037963867188,37.19196701049805
4273,cut2,4273,POPC,805,161.13356018066406,26.310256958007812,60.12629699707031
4273,cut2,4273,POPC,806,58.62740707397461,52.72482299804688,51.16600036621094
4273,cut2,4273,POPC,807,103.23957824707031,10.786391258239746,58.60753631591797
4273,cut2,4273,POPC,808,55.368045806884766,47.57770538330078,56.15070724487305
4273,cut2,4273,POPC,809,169.1083526611328,51.1778450012207,65.6257553100586
4273,cut2,4273,POPC,810,193.96701049804688,197.4197540283203,45.50556564331055
4273,cut2,4273,POPC,811,144.18977355957028,171.01487731933594,41.94517135620117
4273,cut2,4273,POPC,812,152.0598907470703,30.372299194335938,62.15264892578125
4273,cut2,4273,POPC,813,42.11585235595703,46.05210876464844,56.11417770385742
4273,cut2,4273,POPC,814,191.23411560058594,120.98091125488281,55.25160598754883
4273,cut2,4273,POPC,815,21.98543930053711,139.12503051757812,42.85024642944336
4273,cut2,4273,POPC,816,15.153301239013672,28.03044319152832,49.120094299316406
4273,cut2,4273,POPC,817,179.0993194580078,11.568187713623047,55.99688720703125
4273,cut2,4273,POPC,818,18.498516082763672,194.57154846191406,50.11346435546875
4273,cut2,4273,POPC,819,96.27404022216797,112.07598876953125,42.22463607788086
4273,cut2,4273,POPC,820,29.72703742980957,113.43128204345703,43.975650787353516
4273,cut2,4273,POPC,821,129.2843475341797,194.4100341796875,40.32085418701172
4273,cut2,4273,POPC,822,1.1595784425735474,139.85719299316406,56.965476989746094
4273,cut2,4273,POPC,823,82.30574035644531,226.28500366210938,54.06816482543945
4273,cut2,4273,POPC,824,72.88434600830078,140.19004821777344,75.41226196289062
4273,cut2,4273,POPC,825,86.14546203613281,25.343271255493164,53.488704681396484
4273,cut2,4273,POPC,826,182.78172302246094,93.57158660888672,58.34974288940429
4273,cut2,4273,POPC,827,158.38238525390625,92.18156433105469,56.85643005371094
4273,cut2,4273,POPC,828,12.327366828918457,73.29570007324219,58.07651901245117
4273,cut2,4273,POPC,829,40.640602111816406,57.50509262084961,55.24510192871094
4273,cut2,4273,POPC,830,36.9730110168457,158.30999755859375,49.24661636352539
4273,cut2,4273,POPC,831,163.6412811279297,51.57212829589844,63.18592834472656
4273,cut2,4273,POPC,832,189.56112670898438,74.73594665527344,60.986366271972656
4273,cut2,4273,POPC,833,171.75709533691406,84.92243194580078,57.427433013916016
4273,cut2,4273,POPC,834,62.79434585571289,200.86297607421875,46.40065002441406
4273,cut2,4273,POPC,835,2.254272699356079,26.687179565429688,56.312625885009766
4273,cut2,4273,POPC,836,16.187660217285156,53.867122650146484,57.310794830322266
4273,cut2,4273,POPC,837,5.767548561096191,19.760103225708008,55.078857421875
4273,cut2,4273,POPC,838,99.7663345336914,5.163525104522705,56.43255615234375
4273,cut2,4273,POPC,839,152.3875732421875,126.16690063476562,45.340797424316406
4273,cut2,4273,POPC,840,62.691532135009766,-1.464841604232788,56.074317932128906
4273,cut2,4273,POPC,841,182.0237274169922,226.65902709960938,57.96267318725586
4273,cut2,4273,POPC,842,-0.09350951761007309,199.96127319335938,49.6795768737793
4273,cut2,4273,POPC,843,73.05656433105469,217.03018188476562,50.38254928588867
4273,cut2,4273,POPC,844,41.423343658447266,76.14513397216797,50.11542892456055
4273,cut2,4273,POPC,845,61.06108856201171,235.3269500732422,58.02302932739258
4273,cut2,4273,POPC,846,6.326311111450195,59.275211334228516,56.765220642089844
4273,cut2,4273,POPC,847,35.80131149291992,229.68995666503906,54.858211517333984
4273,cut2,4273,POPC,848,181.5716094970703,44.955169677734375,61.35672760009765
4273,cut2,4273,POPC,849,167.91375732421875,76.77986907958984,54.66794204711914
4273,cut2,4273,POPC,850,174.40069580078125,97.1440658569336,55.27128982543945
4273,cut2,4273,POPC,851,94.6094970703125,23.392423629760742,55.4536018371582
4273,cut2,4273,POPC,852,158.25021362304688,190.63682556152344,52.56203842163086
4273,cut2,4273,POPC,853,69.0483169555664,154.23715209960938,39.35784912109375
4273,cut2,4273,POPC,854,180.55580139160156,37.128005981445305,59.571434020996094
4273,cut2,4273,POPC,855,5.459346771240234,93.35631561279297,56.92704772949219
4273,cut2,4273,POPC,856,121.18854522705078,185.5720977783203,36.09738540649414
4273,cut2,4273,POPC,857,120.07170104980469,105.8348617553711,38.886253356933594
4273,cut2,4273,POPC,858,173.98719787597656,208.51983642578125,48.986507415771484
4273,cut2,4273,POPC,859,82.57813262939453,243.78314208984375,54.74282455444336
4273,cut2,4273,POPC,860,46.53779602050781,218.7587432861328,51.98674392700195
4273,cut2,4273,POPC,861,53.80083084106445,207.32046508789062,49.59672546386719
4273,cut2,4273,POPC,862,10.571038246154785,66.23973083496094,59.77925491333008
4273,cut2,4273,POPC,863,177.4717254638672,71.98208618164062,63.77069091796875
4273,cut2,4273,POPC,864,19.99433708190918,73.20621490478516,55.93523406982422
4273,cut2,4273,POPC,865,34.962894439697266,94.29339599609375,51.89992904663086
4273,cut2,4273,POPC,866,19.462984085083008,96.22795867919922,94.84990692138672
4273,cut2,4273,POPC,867,17.11690902709961,151.24810791015625,45.607879638671875
4273,cut2,4273,POPC,868,14.47208023071289,179.7705535888672,47.349853515625
4273,cut2,4273,POPC,869,172.4796600341797,115.85594940185547,57.55753707885742
4273,cut2,4273,POPC,870,71.13688659667969,159.4619598388672,37.63099670410156
4273,cut2,4273,POPC,871,176.12806701660156,227.2493438720703,56.54625701904297
4273,cut2,4273,POPC,872,128.5118865966797,181.38345336914062,38.11499786376953
4273,cut2,4273,POPC,873,61.97665786743164,144.57066345214844,42.1190071105957
4273,cut2,4273,POPC,874,52.500789642333984,148.05175781250003,46.78445816040039
4273,cut2,4273,POPC,875,164.87464904785156,189.83319091796875,51.007205963134766
4273,cut2,4273,POPC,876,109.16507720947266,41.0402946472168,58.66524887084961
4273,cut2,4273,POPC,877,36.53615951538086,175.74574279785156,49.006622314453125
4273,cut2,4273,POPC,878,142.89981079101562,135.14736938476562,44.58179473876953
4273,cut2,4273,POPC,879,25.019746780395508,99.87299346923828,92.49983215332031
4273,cut2,4273,POPC,880,58.841331481933594,129.35018920898438,37.39641189575195
4273,cut2,4273,POPC,881,5.133124351501465,53.369815826416016,59.47085952758789
4273,cut2,4273,POPC,882,102.06390380859375,112.2054672241211,43.814796447753906
4273,cut2,4273,POPC,883,121.74779510498047,40.05009078979492,55.5588150024414
4273,cut2,4273,POPC,884,178.89674377441406,3.662604570388794,52.1314811706543
4273,cut2,4273,POPC,885,25.86028480529785,177.68972778320312,47.3619499206543
4273,cut2,4273,POPC,886,52.42229080200195,191.57315063476562,46.91522979736328
4273,cut2,4273,POPC,887,41.89405822753906,204.47982788085938,46.20972442626953
4273,cut2,4273,POPC,888,40.615478515625,238.77389526367188,59.637474060058594
4273,cut2,4273,POPC,889,48.7741813659668,234.01571655273438,59.689456939697266
4273,cut2,4273,POPC,890,0.15935149788856506,12.885395050048828,60.997100830078125
4273,cut2,4273,POPC,891,174.4569854736328,215.64743041992188,50.15697479248047
4273,cut2,4273,POPC,892,171.41125488281253,198.51284790039062,50.94001007080078
4273,cut2,4273,POPC,893,181.6355438232422,221.6243896484375,55.42945098876953
4273,cut2,4273,POPC,894,186.0502166748047,57.553646087646484,59.793701171875
4273,cut2,4273,POPC,895,96.75901031494139,16.61556053161621,54.18461608886719
4273,cut2,4273,POPC,896,143.53030395507812,213.8653106689453,47.802894592285156
4273,cut2,4273,POPC,897,188.2225799560547,67.86272430419922,59.73786926269531
4273,cut2,4273,POPC,898,64.05924224853516,205.83824157714844,49.956146240234375
4273,cut2,4273,POPC,899,94.44038391113281,104.9696044921875,39.79313659667969
4273,cut2,4273,POPC,900,90.82892608642578,240.02012634277344,54.656593322753906
4273,cut2,4273,POPC,901,29.903715133666992,14.061005592346191,54.72907638549805
4273,cut2,4273,POPC,902,36.582672119140625,200.92550659179688,51.39590072631836
4273,cut2,4273,POPC,903,187.7587890625,137.021728515625,58.76587677001953
4273,cut2,4273,POPC,904,21.98646354675293,214.58848571777344,57.01029586791992
4273,cut2,4273,POPC,905,161.05604553222656,197.13404846191406,54.52433395385742
4273,cut2,4273,POPC,906,54.203369140625,15.613282203674316,58.212432861328125
4273,cut2,4273,POPC,907,57.58713150024415,202.301025390625,48.32870101928711
4273,cut2,4273,POPC,908,196.3193817138672,210.13792419433594,50.53778076171875
4273,cut2,4273,POPC,909,175.179931640625,161.17140197753906,54.36235427856445
4273,cut2,4273,POPC,910,176.76309204101562,156.3208770751953,57.69380569458008
4273,cut2,4273,POPC,911,186.7650909423828,146.16517639160156,60.48944854736328
4273,cut2,4273,POPC,912,18.36638069152832,97.15706634521484,56.75505828857422
4273,cut2,4273,POPC,913,115.62189483642578,91.93729400634766,36.69985580444336
4273,cut2,4273,POPC,914,36.39479064941406,53.43210220336914,55.14441680908203
4273,cut2,4273,POPC,915,181.62744140625,154.8265838623047,60.21218490600586
4273,cut2,4273,POPC,916,140.546875,4.24116325378418,57.191104888916016
4273,cut2,4273,POPC,917,166.86036682128906,1.7122262716293335,56.53519821166992
4273,cut2,4273,POPC,918,25.264223098754883,51.60285949707031,54.600738525390625
4273,cut2,4273,POPC,919,57.2348747253418,213.6645050048828,52.868648529052734
4273,cut2,4273,POPC,920,58.93238067626953,63.39072799682617,48.522666931152344
4273,cut2,4273,POPC,921,84.11810302734375,58.77446365356445,46.735111236572266
4273,cut2,4273,POPC,922,112.428955078125,146.75367736816406,36.038002014160156
4273,cut2,4273,POPC,923,10.819406509399414,149.6671142578125,47.60378646850586
4273,cut2,4273,POPC,924,26.536108016967773,34.7916145324707,53.308677673339844
4273,cut2,4273,POPC,925,3.8366034030914307,76.5624008178711,58.409141540527344
4273,cut2,4273,POPC,926,136.09022521972656,213.9618377685547,45.26496505737305
4273,cut2,4273,POPC,927,159.3895263671875,174.30606079101562,49.09889221191406
4273,cut2,4273,POPC,928,22.95586204528809,15.628981590270996,55.813899993896484
4273,cut2,4273,POPC,929,187.174072265625,157.0980682373047,58.202606201171875
4273,cut2,4273,POPC,930,68.86467742919922,81.51549530029297,43.98860168457031
4273,cut2,4273,POPC,931,50.26315689086914,115.85070037841797,38.29396438598633
4273,cut2,4273,POPC,932,45.16749572753906,65.60874938964844,50.63081359863281
4273,cut2,4273,POPC,933,60.20276641845703,16.332366943359375,60.631011962890625
4273,cut2,4273,POPC,934,11.987735748291016,50.6522102355957,55.17012023925781
4273,cut2,4273,POPC,935,97.10067749023438,65.52450561523438,52.34431457519531
4273,cut2,4273,POPC,936,80.65611267089844,218.7982635498047,50.73209762573242
4273,cut2,4273,POPC,937,66.480224609375,11.695215225219727,56.63915252685547
4273,cut2,4273,POPC,938,31.889450073242188,190.2016143798828,48.70123291015625
4273,cut2,4273,POPC,939,23.731870651245117,185.3986053466797,49.81639862060547
4273,cut2,4273,POPC,940,16.288532257080078,64.58792114257812,58.24083709716797
4273,cut2,4273,POPC,941,85.6488265991211,75.832763671875,49.421043395996094
4273,cut2,4273,POPC,942,34.857818603515625,73.63525390625,51.59813690185547
4273,cut2,4273,POPC,943,116.00987243652344,16.747987747192383,53.3356819152832
4273,cut2,4273,POPC,944,53.17062759399414,144.43014526367188,41.26356506347657
4273,cut2,4273,POPC,945,126.48138427734375,55.387813568115234,58.02408218383789
4273,cut2,4273,POPC,946,28.85209083557129,214.78213500976562,53.43928909301758
4273,cut2,4273,POPC,947,178.5810089111328,104.35136413574219,58.7646598815918
4273,cut2,4273,POPC,948,82.17135620117188,80.31214141845703,45.5021858215332
4273,cut2,4273,POPC,949,123.35160827636719,78.0583724975586,49.45899963378906
4273,cut2,4273,POPC,950,20.362375259399414,156.05615234375,45.29590606689453
4273,cut2,4273,POPC,951,11.616735458374023,166.73350524902344,46.273502349853516
4273,cut2,4273,POPC,952,155.3594207763672,216.5218963623047,52.79585266113281
4273,cut2,4273,POPC,953,164.75103759765625,37.06922149658203,60.48931884765625
4273,cut2,4273,POPC,954,194.25804138183594,217.79458618164062,51.41419982910156
4273,cut2,4273,POPC,955,188.9224853515625,211.72987365722656,52.51430130004883
4273,cut2,4273,POPC,956,17.851436614990234,188.88499450683594,48.75323486328125
4273,cut2,4273,POPC,957,179.46859741210938,239.8655548095703,57.699031829833984
4273,cut2,4273,POPC,958,145.927490234375,144.67420959472656,44.85261917114258
4273,cut2,4273,POPC,959,144.88743591308594,14.383302688598633,56.07958221435547
4273,cut2,4273,POPC,960,29.49516487121582,82.04163360595703,52.30683135986328
4273,cut2,4273,POPC,961,180.21299743652344,233.20668029785156,57.78696823120117
4273,cut2,4273,POPC,962,103.22348022460938,64.68580627441406,51.61127471923828
4273,cut2,4273,POPC,963,28.901737213134766,92.256591796875,49.012245178222656
4273,cut2,4273,POPC,964,20.683095932006836,145.65045166015625,43.04005432128906
4273,cut2,4273,POPC,965,9.723997116088867,200.0545196533203,49.65681838989258
4273,cut2,4273,POPC,966,157.35870361328125,32.22039031982422,60.75078582763672
4273,cut2,4273,POPC,967,183.64654541015625,64.57186889648438,63.54472351074219
4273,cut2,4273,POPC,968,47.18667221069336,209.677001953125,49.03413009643555
4273,cut2,4273,POPC,969,28.003385543823242,231.97390747070312,53.98160934448242
4273,cut2,4273,POPC,970,189.5489044189453,30.10160446166992,59.397239685058594
4273,cut2,4273,POPC,971,113.30487823486328,56.9724006652832,52.367919921875
4273,cut2,4273,POPC,972,131.3542022705078,23.31169319152832,51.377010345458984
4273,cut2,4273,POPC,973,82.28549194335938,128.37246704101562,40.93022918701172
4273,cut2,4273,POPC,974,154.5201416015625,9.78018569946289,54.44023132324219
4273,cut2,4273,POPC,975,190.87852478027344,5.901471138000488,56.841506958007805
4273,cut2,4273,POPC,976,6.4851579666137695,244.96267700195312,57.35530471801758
4273,cut2,4273,POPC,977,81.9901351928711,5.952517986297607,54.4888801574707
4273,cut2,4273,POPC,978,168.111572265625,30.81822967529297,63.44340515136719
4273,cut2,4273,POPC,979,178.18504333496094,128.7392120361328,58.67753982543945
4273,cut2,4273,POPC,980,146.26206970214844,3.1439425945281982,55.696109771728516
4273,cut2,4273,POPC,981,26.528600692749023,220.00347900390625,60.311214447021484
4273,cut2,4273,POPC,982,41.31230163574218,165.63328552246094,50.65665054321289
4273,cut2,4273,POPC,983,100.0004653930664,78.6369400024414,44.45771408081055
4273,cut2,4273,POPC,984,58.96973419189453,116.40087890625,42.14052200317383
4273,cut2,4273,POPC,985,186.69320678710938,39.53834915161133,61.00132751464844
4273,cut2,4273,POPC,986,183.3212127685547,20.22523307800293,54.69783401489258
4273,cut2,4273,POPC,987,38.151527404785156,24.68568992614746,54.921142578125
4273,cut2,4273,POPC,988,54.99944305419922,234.74516296386722,59.29593276977539
4273,cut2,4273,POPC,989,102.29103088378906,23.013776779174805,57.779388427734375
4273,cut2,4273,POPC,990,82.0774917602539,139.4097442626953,36.06504440307617
4273,cut2,4273,POPC,991,11.835918426513672,8.279668807983398,57.11015701293945
4273,cut2,4273,POPC,992,73.0738754272461,60.52523422241211,47.8923225402832
4273,cut2,4273,POPC,993,42.6628303527832,30.765432357788086,58.698184967041016
4273,cut2,4273,POPC,994,59.883079528808594,151.33587646484375,46.938594818115234
4273,cut2,4273,POPC,995,47.103187561035156,168.2220458984375,47.42676544189453
4273,cut2,4273,POPC,996,30.655092239379883,22.999286651611328,54.11630630493164
4273,cut2,4273,POPC,997,135.2545623779297,198.96957397460938,41.61270904541015
4273,cut2,4273,POPC,998,170.42510986328125,185.24925231933594,50.74235534667969
4273,cut2,4273,POPC,999,118.89263916015626,65.11103820800781,45.18748474121094
4273,cut2,4273,POPC,1000,45.2035026550293,160.46160888671875,54.141876220703125
4273,cut2,4273,POPC,1001,105.67068481445312,120.65111541748047,42.94721603393555
4273,cut2,4273,POPC,1002,24.852937698364258,58.83772277832031,59.4296875
4273,cut2,4273,POPC,1003,115.58028411865234,168.43212890625,33.38349533081055
4273,cut2,4273,POPC,1004,86.84033203125,10.245396614074707,53.95060348510742
4273,cut2,4273,POPC,1005,96.95880126953125,124.33135223388672,47.06421661376953
4273,cut2,4273,POPC,1006,172.1757049560547,104.12181091308594,58.966312408447266
4273,cut2,4273,POPC,1007,140.5260772705078,26.46480941772461,55.34196853637695
4273,cut2,4273,POPC,1008,49.55713653564453,42.07670593261719,58.10397720336914
4273,cut2,4273,POPC,1009,176.5648651123047,203.75132751464844,52.783206939697266
4273,cut2,4273,POPC,1010,17.89890480041504,34.08709716796875,54.094661712646484
4273,cut2,4273,POPC,1011,54.047119140625,153.81336975097656,46.81269454956055
4273,cut2,4273,POPC,1012,191.98275756835938,201.4491424560547,49.29494094848633
4273,cut2,4273,POPC,1013,37.008277893066406,191.0902862548828,48.0756950378418
4273,cut2,4273,POPC,1014,49.15751647949219,82.49742126464844,49.502628326416016
4273,cut2,4273,POPC,1015,194.54095458984375,229.84246826171875,54.684112548828125
4273,cut2,4273,POPC,1016,191.81344604492188,174.77272033691406,46.4406623840332
4273,cut2,4273,POPC,1017,30.217510223388672,138.080078125,42.265968322753906
4273,cut2,4273,POPC,1018,48.71744155883789,135.0654296875,39.14625930786133
4273,cut2,4273,POPC,1019,178.29763793945312,146.65924072265625,59.01734924316406
4273,cut2,4273,POPC,1020,57.20677947998047,76.01127624511719,48.129337310791016
4273,cut2,4273,POPC,1021,136.15872192382812,103.75830841064453,45.9830207824707
4273,cut2,4273,POPC,1022,167.28465270996094,137.21546936035156,53.2608642578125
4273,cut2,4273,POPC,1023,186.1028289794922,111.00938415527344,59.14582061767578
4273,cut2,4273,POPC,1024,130.5529327392578,15.615229606628418,53.340633392333984
4273,cut2,4273,POPC,1025,191.3877716064453,23.007963180541992,54.79138946533203
4273,cut2,4273,POPC,1026,90.73184204101562,35.06935501098633,53.07795715332031
4273,cut2,4273,POPC,1027,156.79562377929688,185.19017028808594,49.47061538696289
4273,cut2,4273,POPC,1028,159.51898193359375,41.047088623046875,64.34435272216797
4273,cut2,4273,POPC,1029,97.0359878540039,48.91585159301758,52.257911682128906
4273,cut2,4273,POPC,1030,169.4872589111328,110.15726470947266,59.270896911621094
4273,cut2,4273,POPC,1031,21.863605499267578,5.166374683380127,54.90396499633789
4273,cut2,4273,POPC,1032,94.57672882080078,100.2962646484375,35.46968460083008
4273,cut2,4273,POPC,1033,69.19990539550781,30.488052368164062,57.125423431396484
4273,cut2,4273,POPC,1034,57.21455764770508,230.16754150390625,54.769046783447266
4273,cut2,4273,POPC,1035,133.2674102783203,176.85824584960938,38.502140045166016
4273,cut2,4273,POPC,1036,56.358299255371094,-2.4224565029144287,58.60892868041992
4273,cut2,4273,POPC,1037,33.141536712646484,2.081271171569824,58.10497283935547
4273,cut2,4273,POPC,1038,170.52487182617188,159.7681121826172,56.74610137939453
4273,cut2,4273,POPC,1039,163.21775817871094,238.5548858642578,58.02407455444336
4273,cut2,4273,POPC,1040,150.2798614501953,149.41033935546875,44.964534759521484
4273,cut2,4273,POPC,1041,50.37044906616211,55.98249816894531,51.883514404296875
4273,cut2,4273,POPC,1042,63.02790832519531,25.1250057220459,57.581851959228516
4273,cut2,4273,POPC,1043,176.24501037597656,174.15928649902344,50.26294708251953
4273,cut2,4273,POPC,1044,27.479951858520508,164.3997344970703,49.18191146850586
4273,cut2,4273,POPC,1045,61.17559051513672,99.33453369140625,41.71601104736328
4273,cut2,4273,POPC,1046,73.00991821289062,223.03128051757812,49.45317459106445
4273,cut2,4273,POPC,1047,66.44147491455078,74.084716796875,47.9195556640625
4273,cut2,4273,POPC,1048,26.997032165527344,-2.8939077854156494,53.74003219604492
4273,cut2,4273,POPC,1049,184.13763427734375,180.19725036621094,49.14884567260742
4273,cut2,4273,POPC,1050,175.56253051757812,35.00605773925781,61.296531677246094
4273,cut2,4273,POPC,1051,125.98306274414062,203.3775177001953,38.49893569946289
4273,cut2,4273,POPC,1052,168.28170776367188,121.27442169189453,58.03569412231445
4273,cut2,4273,POPC,1053,172.61817932128906,134.55026245117188,58.59747314453125
4273,cut2,4273,POPC,1054,7.3265581130981445,218.2704315185547,51.49283981323242
4273,cut2,4273,POPC,1055,170.12486267089844,91.01384735107422,56.47713088989258
4273,cut2,4273,POPC,1056,20.788022994995117,225.36376953125,54.777984619140625
4273,cut2,4273,POPC,1057,166.20359802246094,130.40708923339844,54.38645935058594
4273,cut2,4273,POPC,1058,39.410484313964844,149.38681030273438,44.013267517089844
4273,cut2,4273,POPC,1059,187.4765167236328,226.9023895263672,56.38396072387695
4273,cut2,4273,POPC,1060,166.826416015625,8.204399108886719,54.98537063598633
4273,cut2,4273,POPC,1061,14.40890884399414,92.33471679687501,57.225093841552734
4273,cut2,4273,POPC,1062,188.1251220703125,89.9393539428711,58.020851135253906
4273,cut2,4273,POPC,1063,186.7197723388672,219.5579071044922,54.685298919677734
4273,cut2,4273,POPC,1064,15.791316986083984,209.6573944091797,52.84111785888672
4273,cut2,4273,POPC,1065,22.599245071411133,23.639629364013672,54.650569915771484
4273,cut2,4273,POPC,1066,7.736819267272949,185.2423095703125,46.50248718261719
4273,cut2,4273,POPC,1067,67.78328704833984,47.1951904296875,55.17931365966797
4273,cut2,4273,POPC,1068,49.30153274536133,62.07268142700195,52.27022171020508
4273,cut2,4273,POPC,1069,120.79034423828125,54.88455581665039,58.2447624206543
4273,cut2,4273,POPC,1070,97.69198608398438,90.8910903930664,31.682498931884766
4273,cut2,4273,POPC,1071,48.862091064453125,241.49560546875,58.774635314941406
4273,cut2,4273,POPC,1072,144.5030517578125,164.18333435058594,44.6589241027832
4273,cut2,4273,POPC,1073,72.69799041748047,48.42111587524414,50.877906799316406
4273,cut2,4273,POPC,1074,5.338009834289551,238.17202758789062,57.096824645996094
4273,cut2,4273,POPC,1075,78.01433563232422,208.41021728515625,47.24080276489258
4273,cut2,4273,POPC,1076,2.664424180984497,46.59946823120117,58.42667770385742
4273,cut2,4273,POPC,1077,148.345947265625,22.6441593170166,56.91022491455078
4273,cut2,4273,POPC,1078,15.554083824157715,239.4938507080078,54.282718658447266
4273,cut2,4273,POPC,1079,79.75206756591797,40.2849235534668,52.096839904785156
4273,cut2,4273,POPC,1080,54.90336608886719,9.723917007446289,57.3194465637207
4273,cut2,4273,POPC,1081,193.10848999023438,101.16045379638672,63.57246398925781
4273,cut2,4273,POPC,1082,31.687137603759766,208.04824829101562,51.52674102783203
4273,cut2,4273,POPC,1083,71.71747589111328,191.28759765625,40.093177795410156
4273,cut2,4273,POPC,1084,153.81089782714844,3.285196542739868,56.50455093383789
4273,cut2,4273,POPC,1085,171.2988739013672,25.127103805541992,57.46232986450195
4273,cut2,4273,POPC,1086,154.96890258789062,195.72442626953128,52.50882339477539
4273,cut2,4273,POPC,1087,152.9368438720703,169.457763671875,47.467384338378906
4273,cut2,4273,POPC,1088,159.3395233154297,140.79185485839844,48.5579719543457
4273,cut2,4273,POPC,1089,25.167871475219727,87.61058807373047,53.83077621459961
4273,cut2,4273,POPC,1090,166.8261260986328,152.4259490966797,55.06700134277344
4273,cut2,4273,POPC,1091,31.642976760864258,220.16233825683594,54.06865310668945
4273,cut2,4273,POPC,1092,152.78027343750003,38.27954864501953,63.23768615722656
4273,cut2,4273,POPC,1093,90.70093536376953,187.95587158203125,35.986968994140625
4273,cut2,4273,POPC,1094,75.27169799804688,82.16901397705078,42.88688278198242
4273,cut2,4273,POPC,1095,78.59295654296875,23.859445571899414,54.71772003173828
4273,cut2,4273,POPC,1096,132.39337158203125,137.9556884765625,39.80157470703125
4273,cut2,4273,POPC,1097,171.8913116455078,127.3103256225586,58.012081146240234
4273,cut2,4273,POPC,1098,72.1729507446289,4.68393087387085,54.81726837158203
4273,cut2,4273,POPC,1099,160.870849609375,231.62745666503906,55.50667190551758
4273,cut2,4273,POPC,1100,84.27839660644531,51.956520080566406,52.37282943725586
4273,cut2,4273,POPC,1101,102.3687515258789,35.16844940185547,56.891780853271484
4273,cut2,4273,POPC,1102,150.76266479492188,240.86276245117188,54.643218994140625
4273,cut2,4273,POPC,1103,196.0370635986328,4.739946365356445,59.40109634399414
4273,cut2,4273,POPC,1104,124.24462127685547,31.111568450927734,57.52113342285156
4273,cut2,4273,POPC,1105,87.71855163574219,81.4341049194336,45.619873046875
4273,cut2,4273,POPC,1106,64.93553924560547,229.69235229492188,53.89140701293945
4273,cut2,4273,POPC,1107,110.36292266845703,184.06930541992188,31.982410430908203
4273,cut2,4273,POPC,1108,139.9561004638672,177.49761962890625,40.2070198059082
4273,cut2,4273,POPC,1109,198.00572204589844,115.6905746459961,55.50772476196289
4273,cut2,4273,POPC,1110,125.97740936279297,24.028257369995117,53.84054183959961
4273,cut2,4273,POPC,1111,75.75763702392578,154.71417236328125,41.679931640625
4273,cut2,4273,POPC,1112,12.07491397857666,99.1561279296875,53.74449157714844
4273,cut2,4273,POPC,1113,195.27008056640625,238.35289001464844,57.950138092041016
4273,cut2,4273,POPC,1114,10.21436595916748,192.4518585205078,47.13996505737305
4273,cut2,4273,POPC,1115,54.06423568725586,170.98768615722656,44.70245361328125
4273,cut2,4273,POPC,1116,5.621137619018555,14.381342887878418,59.48560333251953
4273,cut2,4273,POPC,1117,174.27313232421875,42.999263763427734,62.207542419433594
4273,cut2,4273,POPC,1118,30.154478073120117,49.370460510253906,54.96831512451172
4273,cut2,4273,POPC,1119,3.4833967685699463,86.2384033203125,59.814292907714844
4273,cut2,4273,POPC,1120,146.44537353515625,187.7090301513672,48.22602844238281
4273,cut2,4273,POPC,1121,115.0538330078125,99.01963806152344,40.23090362548828
4273,cut2,4273,POPC,1122,63.63604736328125,59.7475700378418,48.431678771972656
4273,cut2,4273,POPC,1123,147.7394256591797,230.7728271484375,55.24626159667969
4273,cut2,4273,POPC,1124,8.294913291931152,228.19357299804688,54.719451904296875
4273,cut2,4273,POPC,1125,54.271121978759766,135.47377014160156,36.97847366333008
4273,cut2,4273,POPC,1126,114.01068115234375,174.5045928955078,31.925106048583984
4273,cut2,4273,POPC,1127,44.34502029418945,19.422679901123047,56.65749740600586
4273,cut2,4273,POPC,1128,19.4020938873291,234.764892578125,52.018226623535156
4273,cut2,4273,POPC,1129,90.92991638183594,71.46869659423828,52.40357208251953
4273,cut2,4273,POPC,1130,100.42206573486328,180.3725128173828,28.865415573120117
4273,cut2,4273,POPC,1131,197.33909606933594,95.424560546875,61.78815460205078
4273,cut2,4273,POPC,1132,28.55042266845703,72.45919799804688,55.45285797119141
4273,cut2,4273,POPC,1133,-4.408666610717773,181.8334503173828,45.3957405090332
4273,cut2,4273,POPC,1134,45.71823501586914,26.966175079345703,55.307193756103516
4273,cut2,4273,POPC,1135,81.66378021240234,69.48252868652344,49.5444221496582
4273,cut2,4273,POPC,1136,140.77536010742188,157.06011962890625,44.73478317260742
4273,cut2,4273,POPC,1137,20.092317581176758,84.17337799072266,57.145591735839844
4273,cut2,4273,POPC,1138,181.89816284179688,118.3929214477539,62.06149291992187
4273,cut2,4273,POPC,1139,33.8667106628418,169.83363342285156,46.80093002319336
4273,cut2,4273,POPC,1140,61.40095520019531,34.06389617919922,59.455692291259766
4273,cut2,4273,POPC,1141,94.75798034667969,130.76536560058594,48.59103775024414
4273,cut2,4273,POPC,1142,63.701087951660156,40.04737091064453,55.42441940307617
4273,cut2,4273,POPC,1143,174.89894104003906,28.1528377532959,60.70293045043945
4273,cut2,4273,SAPI,1144,88.49068450927734,54.84975814819335,49.60422897338867
4273,cut2,4273,SAPI,1145,65.87750244140625,138.55531311035156,38.346439361572266
4273,cut2,4273,SAPI,1146,118.24620056152344,43.61141586303711,59.92903137207031
4273,cut2,4273,SAPI,1147,23.547330856323242,39.745201110839844,51.969337463378906
4273,cut2,4273,SAPI,1148,29.350818634033203,144.657958984375,42.71210861206055
4273,cut2,4273,SAPI,1149,9.62917423248291,160.16905212402344,47.175785064697266
4273,cut2,4273,SAPI,1150,170.90127563476562,148.32177734375,57.589725494384766
4273,cut2,4273,SAPI,1151,113.38749694824219,163.99395751953125,28.53787612915039
4273,cut2,4273,SAPI,1152,8.807219505310059,142.49842834472656,47.54256820678711
4273,cut2,4273,SAPI,1153,73.4619369506836,200.26344299316406,46.77334213256836
4273,cut2,4273,SAPI,1154,84.65179443359375,17.45111846923828,53.33112335205078
4273,cut2,4273,SAPI,1155,143.6431121826172,34.62629699707031,61.91321563720703
4273,cut2,4273,SAPI,1156,127.38182067871094,144.18988037109375,37.8218994140625
4273,cut2,4273,SAPI,1157,131.8638153076172,30.920785903930668,53.087886810302734
4273,cut2,4273,SAPI,1158,188.8625030517578,96.18998718261719,61.06092071533203
4273,cut2,4273,SAPI,1159,82.98991394042969,85.98973846435547,41.87726593017578
4273,cut2,4273,SAPI,1160,128.81402587890625,219.68560791015625,46.34074401855469
4273,cut2,4273,SAPI,1161,76.34158325195312,93.98463439941406,42.1035270690918
4273,cut2,4273,SAPI,1162,135.24450683593747,128.83770751953125,41.13215637207031
4273,cut2,4273,SAPI,1163,162.28256225585938,96.65971374511719,54.73842239379883
4273,cut2,4273,SAPI,1164,165.0465545654297,121.3760986328125,52.92218780517578
4273,cut2,4273,SAPI,1165,152.7764892578125,105.9894790649414,55.005950927734375
4273,cut2,4273,SAPI,1166,3.7624876499176025,101.26907348632812,55.268524169921875
4273,cut2,4273,SAPI,1167,190.0872802734375,241.6256561279297,55.392452239990234
4273,cut2,4273,SAPI,1168,157.31234741210938,239.51499938964844,56.75834655761719
4273,cut2,4273,SAPI,1169,164.17259216308594,64.2898178100586,60.96263122558594
4273,cut2,4273,SAPI,1170,77.26416015625,194.9668731689453,42.23067092895508
4273,cut2,4273,SAPI,1171,95.6956558227539,229.6539306640625,57.18014144897461
4273,cut2,4273,SAPI,1172,102.80138397216797,167.74266052246094,30.099628448486328
4273,cut2,4273,SAPI,1173,144.72206115722656,28.611541748046875,58.37602233886719
4273,cut2,4273,SAPI,1174,90.9905014038086,87.91517639160156,40.55561447143555
4273,cut2,4273,SAPI,1175,91.29369354248047,209.14389038085938,49.008872985839844
4273,cut2,4273,SAPI,1176,132.7338104248047,1.0659923553466797,53.820831298828125
4273,cut2,4273,SAPI,1177,39.04445266723633,3.251131296157837,56.14707565307617
4273,cut2,4273,SAPI,1178,74.82112884521484,164.26625061035156,36.043521881103516
4273,cut2,4273,SAPI,1179,112.09625244140625,3.355938196182251,54.21609115600586
4273,cut2,4273,SAPI,1180,127.56708526611328,150.25686645507812,37.56611633300781
4273,cut2,4273,SAPI,1181,57.918724060058594,124.19464111328125,34.92264938354492
