,System,Frame,Resname,Resnum,X,Y,Z
2529,cut3,2529,POPC,0,14.587648391723633,143.48065185546875,80.97614288330078
2529,cut3,2529,POPC,1,22.37481117248535,147.61563110351562,80.44998931884766
2529,cut3,2529,POPC,2,184.31874084472656,45.613765716552734,96.92176055908203
2529,cut3,2529,POPC,3,202.97039794921875,144.7566375732422,84.34872436523438
2529,cut3,2529,POPC,4,182.83154296875,152.66490173339844,86.91181945800781
2529,cut3,2529,POPC,5,164.27354431152344,160.22879028320312,78.11265563964844
2529,cut3,2529,POPC,6,143.13186645507812,169.500732421875,73.00216674804688
2529,cut3,2529,POPC,7,206.07048034667966,64.43754577636719,94.28721618652344
2529,cut3,2529,POPC,8,200.89393615722656,38.7534294128418,95.21659851074219
2529,cut3,2529,POPC,9,208.32055664062503,142.46145629882812,83.20077514648438
2529,cut3,2529,POPC,10,20.775617599487305,126.9255599975586,83.78426361083984
2529,cut3,2529,POPC,11,185.99420166015625,103.88683319091797,92.45185089111328
2529,cut3,2529,POPC,12,70.91339874267578,179.81369018554688,82.285888671875
2529,cut3,2529,POPC,13,191.5090789794922,211.4611358642578,93.66937255859375
2529,cut3,2529,POPC,14,141.6216583251953,160.0037384033203,74.53186798095703
2529,cut3,2529,POPC,15,170.9255828857422,186.87423706054688,80.64109802246094
2529,cut3,2529,POPC,16,39.20759582519531,138.9495086669922,82.46810913085938
2529,cut3,2529,POPC,17,115.81085968017578,94.8512954711914,74.7785873413086
2529,cut3,2529,POPC,18,67.52654266357422,187.69671630859375,84.44178009033203
2529,cut3,2529,POPC,19,122.34616088867188,-2.1209659576416016,99.10697174072266
2529,cut3,2529,POPC,20,176.7976837158203,138.97035217285156,83.78969573974611
2529,cut3,2529,POPC,21,139.04872131347656,124.54393005371094,72.63871002197266
2529,cut3,2529,POPC,22,149.99075317382812,211.38397216796875,97.39501953125
2529,cut3,2529,POPC,23,126.62735748291016,70.07266998291016,76.32660675048828
2529,cut3,2529,POPC,24,93.01984405517578,205.0440673828125,88.08490753173828
2529,cut3,2529,POPC,25,94.31798553466797,87.83244323730469,79.90612030029297
2529,cut3,2529,POPC,26,208.24362182617188,156.32765197753906,88.17816925048828
2529,cut3,2529,POPC,27,55.36909103393555,180.89859008789062,86.02558135986328
2529,cut3,2529,POPC,28,104.70303344726562,28.99061393737793,91.02116394042969
2529,cut3,2529,POPC,29,132.7229766845703,34.03057098388672,85.96558380126953
2529,cut3,2529,POPC,30,63.71915817260742,8.63365364074707,92.23887634277344
2529,cut3,2529,POPC,31,148.6109619140625,157.7844696044922,76.76156616210938
2529,cut3,2529,POPC,32,93.81476593017578,197.26779174804688,90.85195922851562
2529,cut3,2529,POPC,33,85.78551483154297,50.69403076171875,87.26336669921875
2529,cut3,2529,POPC,34,155.95872497558594,103.9426040649414,86.57357025146486
2529,cut3,2529,POPC,35,103.31419372558594,52.382102966308594,86.55560302734375
2529,cut3,2529,POPC,36,183.90313720703125,212.34043884277344,96.1948013305664
2529,cut3,2529,POPC,37,75.87640380859375,27.176000595092773,90.22765350341797
2529,cut3,2529,POPC,38,83.56759643554688,89.73783874511719,82.02732849121094
2529,cut3,2529,POPC,39,163.42572021484375,178.09068298339844,82.05534362792969
2529,cut3,2529,POPC,40,106.0318374633789,70.30294036865234,80.53943634033203
2529,cut3,2529,POPC,41,73.83684539794922,101.33002471923828,85.88117980957031
2529,cut3,2529,POPC,42,21.55854606628418,80.53296661376953,94.0645523071289
2529,cut3,2529,POPC,43,79.17281341552734,95.58739471435547,83.74178314208984
2529,cut3,2529,POPC,44,103.56197357177734,206.5877227783203,88.00901794433594
2529,cut3,2529,POPC,45,75.63396453857422,57.48408889770508,88.46916961669922
2529,cut3,2529,POPC,46,110.91989135742188,9.873037338256836,97.20282745361328
2529,cut3,2529,POPC,47,49.30105209350586,30.81452751159668,89.93476867675781
2529,cut3,2529,POPC,48,165.0103759765625,103.46617889404297,86.79972076416016
2529,cut3,2529,POPC,49,203.6707763671875,202.0615234375,93.35469818115234
2529,cut3,2529,POPC,50,38.91626739501953,46.0809326171875,89.79795837402344
2529,cut3,2529,POPC,51,91.37810516357422,80.77978515625,83.13592529296875
2529,cut3,2529,POPC,52,35.177669525146484,126.14078521728516,83.57170104980469
2529,cut3,2529,POPC,53,92.27471923828125,169.02105712890625,81.60101318359376
2529,cut3,2529,POPC,54,183.19241333007812,173.25103759765625,85.48448181152344
2529,cut3,2529,POPC,55,123.769775390625,88.32048034667969,70.4926986694336
2529,cut3,2529,POPC,56,198.81256103515625,69.21224975585938,94.03350830078125
2529,cut3,2529,POPC,57,138.26231384277344,184.9469451904297,75.8187484741211
2529,cut3,2529,POPC,58,197.1630096435547,174.099853515625,87.26325988769531
2529,cut3,2529,POPC,59,120.33547973632812,19.43058204650879,96.36640930175781
2529,cut3,2529,POPC,60,33.6456413269043,164.6306304931641,86.48139190673828
2529,cut3,2529,POPC,61,164.40171813964844,123.08784484863281,79.782958984375
2529,cut3,2529,POPC,62,19.28709602355957,21.706459045410156,95.40380859375
2529,cut3,2529,POPC,63,84.85340118408203,170.39666748046875,81.07217407226562
2529,cut3,2529,POPC,64,179.93606567382812,101.93590545654297,92.85903930664062
2529,cut3,2529,POPC,65,109.03521728515625,118.96953582763672,78.06623077392578
2529,cut3,2529,POPC,66,2.059185266494751,44.37303161621094,92.29932403564453
2529,cut3,2529,POPC,67,26.310266494750977,171.30465698242188,87.68436431884766
2529,cut3,2529,POPC,68,62.49534225463867,21.021873474121094,93.15991973876953
2529,cut3,2529,POPC,69,20.595930099487305,3.2171449661254883,93.01194763183594
2529,cut3,2529,POPC,70,36.739620208740234,26.2648868560791,94.33379364013672
2529,cut3,2529,POPC,71,128.8441925048828,180.70065307617188,39.190147399902344
2529,cut3,2529,POPC,72,8.284967422485352,79.54437255859375,89.0842056274414
2529,cut3,2529,POPC,73,137.7898712158203,119.23837280273438,76.53902435302734
2529,cut3,2529,POPC,74,174.2472686767578,19.382190704345703,99.87544250488281
2529,cut3,2529,POPC,75,33.580955505371094,139.79127502441406,78.36976623535156
2529,cut3,2529,POPC,76,199.39846801757812,207.74888610839844,93.10356140136719
2529,cut3,2529,POPC,77,125.05064392089844,156.69725036621094,69.93852996826173
2529,cut3,2529,POPC,78,180.58334350585938,21.441545486450195,58.269081115722656
2529,cut3,2529,POPC,79,111.99034118652344,52.528995513916016,85.29473114013672
2529,cut3,2529,POPC,80,86.56239318847656,6.732250213623047,93.86647033691406
2529,cut3,2529,POPC,81,17.57854652404785,220.53526306152344,91.40088653564453
2529,cut3,2529,POPC,82,41.066932678222656,54.01738739013672,91.95682525634766
2529,cut3,2529,POPC,83,201.49227905273438,154.178466796875,89.95384216308594
2529,cut3,2529,POPC,84,69.20964050292969,163.3772735595703,80.99760437011719
2529,cut3,2529,POPC,85,141.1888885498047,52.14356231689453,82.8187026977539
2529,cut3,2529,POPC,86,49.93940353393555,206.99964904785156,87.17449188232422
2529,cut3,2529,POPC,87,63.74309158325195,35.75780487060547,89.17013549804688
2529,cut3,2529,POPC,88,9.759025573730469,20.77522087097168,90.94587707519531
2529,cut3,2529,POPC,89,146.52938842773438,151.359375,73.85308074951172
2529,cut3,2529,POPC,90,37.754451751708984,208.3776092529297,88.64212799072266
2529,cut3,2529,POPC,91,115.60171508789062,-1.348971962928772,95.44923400878906
2529,cut3,2529,POPC,92,157.67735290527344,133.0507354736328,75.10041809082031
2529,cut3,2529,POPC,93,30.746320724487305,29.836145401000977,89.96879577636719
2529,cut3,2529,POPC,94,5.339571475982666,50.37355422973633,95.84337615966797
2529,cut3,2529,POPC,95,139.02285766601562,130.34521484375,70.47859191894531
2529,cut3,2529,POPC,96,173.103515625,127.14905548095703,85.2574462890625
2529,cut3,2529,POPC,97,107.4714126586914,106.272705078125,46.34120559692383
2529,cut3,2529,POPC,98,206.4137420654297,83.593505859375,90.833740234375
2529,cut3,2529,POPC,99,79.99877166748047,151.41293334960938,77.68668365478516
2529,cut3,2529,POPC,100,25.97405433654785,22.229862213134766,93.19428253173828
2529,cut3,2529,POPC,101,70.77876281738281,125.58184814453125,71.4270248413086
2529,cut3,2529,POPC,102,162.6723175048828,135.43170166015625,77.33041381835938
2529,cut3,2529,POPC,103,95.63928985595703,75.68474578857422,81.19649505615234
2529,cut3,2529,POPC,104,33.31712341308593,4.02680778503418,91.3727035522461
2529,cut3,2529,POPC,105,21.39357566833496,177.43690490722656,90.20767974853516
2529,cut3,2529,POPC,106,118.07455444335938,55.52500915527344,84.14302062988281
2529,cut3,2529,POPC,107,114.40015411376953,41.09269714355469,86.21179962158203
2529,cut3,2529,POPC,108,174.7838592529297,217.26840209960938,97.51121520996094
2529,cut3,2529,POPC,109,205.22251892089844,149.8606719970703,87.31141662597656
2529,cut3,2529,POPC,110,115.54056549072266,4.810567855834961,97.0605239868164
2529,cut3,2529,POPC,111,118.56607818603516,32.776580810546875,91.68070220947266
2529,cut3,2529,POPC,112,82.70073699951172,17.42304039001465,93.1844482421875
2529,cut3,2529,POPC,113,186.20753479003906,54.03569412231445,97.99439239501953
2529,cut3,2529,POPC,114,91.35399627685547,223.3882293701172,93.14217376708984
2529,cut3,2529,POPC,115,203.57962036132812,-0.19709117710590363,90.4167251586914
2529,cut3,2529,POPC,116,182.95578002929688,68.97804260253906,97.17000579833984
2529,cut3,2529,POPC,117,142.3441619873047,33.07918167114257,89.09635162353516
2529,cut3,2529,POPC,118,62.81666946411133,130.53988647460938,77.90898895263672
2529,cut3,2529,POPC,119,103.04307556152344,19.64255714416504,93.69347381591797
2529,cut3,2529,POPC,120,55.53337478637695,222.166259765625,89.629638671875
2529,cut3,2529,POPC,121,168.1876220703125,116.93244934082031,86.67562103271484
2529,cut3,2529,POPC,122,122.86006164550781,149.35177612304688,71.40943908691406
2529,cut3,2529,POPC,123,5.2986626625061035,181.1772766113281,86.94074249267578
2529,cut3,2529,POPC,124,71.25109100341797,169.29281616210938,82.15259552001953
2529,cut3,2529,POPC,125,99.7183609008789,188.37442016601562,83.31107330322266
2529,cut3,2529,POPC,126,180.25112915039062,167.54286193847656,87.83743286132812
2529,cut3,2529,POPC,127,87.0062255859375,197.3697967529297,87.8369140625
2529,cut3,2529,POPC,128,32.33023452758789,179.7792510986328,46.97447967529297
2529,cut3,2529,POPC,129,102.6775894165039,120.8386459350586,48.335819244384766
2529,cut3,2529,POPC,130,91.86244201660156,193.0966339111328,87.49063110351562
2529,cut3,2529,POPC,131,187.38536071777344,110.42768096923828,89.65665435791016
2529,cut3,2529,POPC,132,195.9019012451172,121.91844177246094,91.36893463134766
2529,cut3,2529,POPC,133,187.63108825683594,76.09487915039062,97.20050811767578
2529,cut3,2529,POPC,134,99.93053436279297,162.34278869628906,75.59196472167969
2529,cut3,2529,POPC,135,101.79034423828125,108.40826416015625,86.1222152709961
2529,cut3,2529,POPC,136,193.68446350097656,157.333740234375,91.12301635742188
2529,cut3,2529,POPC,137,68.85637664794922,194.92796325683594,89.1023941040039
2529,cut3,2529,POPC,138,50.729671478271484,89.4717025756836,87.01996612548828
2529,cut3,2529,POPC,139,26.47435188293457,186.14651489257812,88.4569091796875
2529,cut3,2529,POPC,140,119.09305572509766,162.44529724121094,71.32347106933594
2529,cut3,2529,POPC,141,165.00286865234375,141.81031799316406,77.85113525390625
2529,cut3,2529,POPC,142,172.4034881591797,60.26688766479492,94.63909912109375
2529,cut3,2529,POPC,143,139.02407836914062,4.565033912658691,95.9822769165039
2529,cut3,2529,POPC,144,141.4993438720703,104.13359069824219,77.56048583984375
2529,cut3,2529,POPC,145,172.27392578125,51.2005500793457,93.2435302734375
2529,cut3,2529,POPC,146,71.1426773071289,11.460519790649414,91.60196685791016
2529,cut3,2529,POPC,147,15.354522705078127,10.741251945495605,94.264404296875
2529,cut3,2529,POPC,148,43.93952178955078,51.679874420166016,87.55770111083984
2529,cut3,2529,POPC,149,4.218698978424072,205.30055236816406,84.25431823730469
2529,cut3,2529,POPC,150,34.025672912597656,154.25059509277344,83.83689880371094
2529,cut3,2529,POPC,151,144.8158416748047,130.259765625,73.57771301269531
2529,cut3,2529,POPC,152,68.98515319824219,213.6592559814453,94.08330535888672
2529,cut3,2529,POPC,153,147.5837860107422,143.81460571289062,73.46865844726562
2529,cut3,2529,POPC,154,73.5829849243164,39.6696891784668,88.75846099853516
2529,cut3,2529,POPC,155,80.37135314941406,181.55917358398438,81.90937042236328
2529,cut3,2529,POPC,156,85.59626007080078,148.1593475341797,79.6797866821289
2529,cut3,2529,POPC,157,15.749502182006836,208.95648193359375,86.69647216796875
2529,cut3,2529,POPC,158,187.74209594726562,179.6339874267578,88.17860412597658
2529,cut3,2529,POPC,159,35.80778503417969,49.98706817626953,91.63787078857422
2529,cut3,2529,POPC,160,40.93406295776367,115.96111297607422,78.1119384765625
2529,cut3,2529,POPC,161,91.40296173095703,174.36952209472656,84.15827941894531
2529,cut3,2529,POPC,162,99.94002532958984,1.8837841749191284,93.35094451904297
2529,cut3,2529,POPC,163,33.16149139404297,22.53847312927246,91.046142578125
2529,cut3,2529,POPC,164,35.06630325317383,119.45621490478516,78.96656799316406
2529,cut3,2529,POPC,165,85.27436065673828,219.97508239746094,93.53617095947266
2529,cut3,2529,POPC,166,30.308259963989258,81.87876892089844,93.04830932617188
2529,cut3,2529,POPC,167,154.44277954101562,98.40000915527344,85.45343780517578
2529,cut3,2529,POPC,168,6.1819329261779785,70.31616973876953,94.55087280273438
2529,cut3,2529,POPC,169,205.4217834472656,16.352563858032227,94.65347290039062
2529,cut3,2529,POPC,170,116.66500854492188,85.98419189453125,74.64209747314453
2529,cut3,2529,POPC,171,68.47528839111328,95.42109680175781,87.0609359741211
2529,cut3,2529,POPC,172,159.6390838623047,3.2967281341552734,99.28707122802734
2529,cut3,2529,POPC,173,17.42411231994629,123.4804458618164,80.17509460449219
2529,cut3,2529,POPC,174,92.72035217285156,47.48271942138672,86.03337097167969
2529,cut3,2529,POPC,175,193.36376953125,67.47943878173828,96.28043365478516
2529,cut3,2529,POPC,176,71.02132415771484,4.1197357177734375,91.27992248535156
2529,cut3,2529,POPC,177,83.4793472290039,29.94577980041504,89.32984924316406
2529,cut3,2529,POPC,178,111.96646118164062,126.64639282226562,73.1258773803711
2529,cut3,2529,POPC,179,80.24632263183594,53.76350021362305,87.61982727050781
2529,cut3,2529,POPC,180,60.2989616394043,65.01942443847656,86.90186309814453
2529,cut3,2529,POPC,181,109.59832763671874,191.82652282714844,83.2424545288086
2529,cut3,2529,POPC,182,170.29374694824222,226.58584594726562,97.32911682128906
2529,cut3,2529,POPC,183,110.13074493408203,86.70547485351562,75.06704711914062
2529,cut3,2529,POPC,184,20.896581649780273,49.309471130371094,49.82078170776367
2529,cut3,2529,POPC,185,191.90196228027344,201.3856353759766,94.95580291748047
2529,cut3,2529,POPC,186,108.82083129882812,223.1949920654297,94.26264953613281
2529,cut3,2529,POPC,187,159.11532592773438,221.27880859375,96.85345458984375
2529,cut3,2529,POPC,188,206.90573120117188,35.38253402709961,92.38410186767578
2529,cut3,2529,POPC,189,54.215641021728516,65.89569091796875,90.7474365234375
2529,cut3,2529,POPC,190,194.1005096435547,100.47293090820312,93.1049575805664
2529,cut3,2529,POPC,191,93.88130950927734,20.345821380615234,91.94717407226562
2529,cut3,2529,POPC,192,184.34521484375,128.7798309326172,86.8535385131836
2529,cut3,2529,POPC,193,40.7557258605957,172.1603546142578,87.2369613647461
2529,cut3,2529,POPC,194,116.62051391601562,79.38520812988281,75.3453369140625
2529,cut3,2529,POPC,195,182.52597045898435,180.10357666015625,54.31175231933594
2529,cut3,2529,POPC,196,25.392732620239258,42.58414840698242,90.62420654296875
2529,cut3,2529,POPC,197,175.4064178466797,147.85972595214844,82.85332489013672
2529,cut3,2529,POPC,198,1.127050757408142,77.28427124023438,93.999267578125
2529,cut3,2529,POPC,199,33.1856803894043,38.348548889160156,93.17436981201172
2529,cut3,2529,POPC,200,17.4975643157959,41.113128662109375,93.30429077148438
2529,cut3,2529,POPC,201,2.8894293308258057,60.535221099853516,93.5960464477539
2529,cut3,2529,POPC,202,209.98492431640625,178.12640380859375,88.07733917236328
2529,cut3,2529,POPC,203,119.5811538696289,186.62997436523438,76.02297210693361
2529,cut3,2529,POPC,204,208.6336669921875,206.0930938720703,89.4705810546875
2529,cut3,2529,POPC,205,60.07168197631836,162.87567138671878,81.06702423095703
2529,cut3,2529,POPC,206,201.64324951171875,91.4914321899414,92.70706939697266
2529,cut3,2529,POPC,207,2.544731378555298,1.161864161491394,89.37030792236328
2529,cut3,2529,POPC,208,187.64166259765625,29.363428115844727,98.55924224853516
2529,cut3,2529,POPC,209,53.99972152709961,165.65084838867188,83.06156921386719
2529,cut3,2529,POPC,210,62.0427360534668,45.78236389160156,86.10042572021484
2529,cut3,2529,POPC,211,56.90559005737305,155.29777526855472,81.29593658447264
2529,cut3,2529,POPC,212,166.6634063720703,155.5632781982422,82.55778503417969
2529,cut3,2529,POPC,213,178.13394165039062,112.94818878173828,88.2972640991211
2529,cut3,2529,POPC,214,35.39218521118164,58.13646697998047,92.91319274902344
2529,cut3,2529,POPC,215,77.43529510498047,44.745059967041016,91.44808959960938
2529,cut3,2529,POPC,216,38.08839416503906,214.75636291503906,87.82695007324219
2529,cut3,2529,POPC,217,34.26966857910156,75.01305389404297,93.46553802490234
2529,cut3,2529,POPC,218,97.36719512939453,101.26295471191406,83.9026870727539
2529,cut3,2529,POPC,219,22.549509048461914,50.07319641113281,95.3836135864258
2529,cut3,2529,POPC,220,133.9113311767578,155.4275665283203,70.97745513916016
2529,cut3,2529,POPC,221,6.897161960601806,171.648681640625,87.35546875
2529,cut3,2529,POPC,222,3.8242971897125244,138.3541717529297,79.52058410644531
2529,cut3,2529,POPC,223,109.11741638183594,38.268245697021484,85.82296752929688
2529,cut3,2529,POPC,224,133.38040161132812,128.09823608398438,70.48847198486328
2529,cut3,2529,POPC,225,157.19480895996094,183.09658813476562,80.222412109375
2529,cut3,2529,POPC,226,154.06214904785156,173.5919189453125,43.231773376464844
2529,cut3,2529,POPC,227,127.74320220947266,146.567138671875,70.20863342285156
2529,cut3,2529,POPC,228,72.7293472290039,194.88006591796875,84.97199249267578
2529,cut3,2529,POPC,229,194.42701721191406,190.0757293701172,93.08721923828125
2529,cut3,2529,POPC,230,90.63475036621094,94.20039367675781,79.44930267333984
2529,cut3,2529,POPC,231,121.2861328125,139.46331787109375,69.10950469970703
2529,cut3,2529,POPC,232,123.89240264892578,8.004812240600586,97.15190887451172
2529,cut3,2529,POPC,233,7.835819721221924,213.5817413330078,83.69541931152344
2529,cut3,2529,POPC,234,214.17523193359375,219.50753784179688,91.02658081054688
2529,cut3,2529,POPC,235,54.65348434448242,170.03273010253906,87.29106140136719
2529,cut3,2529,POPC,236,161.63998413085938,76.09168243408203,91.7874984741211
2529,cut3,2529,POPC,237,139.7766571044922,61.36831283569336,78.05271911621094
2529,cut3,2529,POPC,238,78.90689849853516,197.29115295410156,86.2936019897461
2529,cut3,2529,POPC,239,42.671478271484375,15.193449020385742,91.42310333251952
2529,cut3,2529,POPC,240,129.46705627441406,88.2892837524414,73.33917999267578
2529,cut3,2529,POPC,241,89.0124282836914,62.50765609741211,50.95619583129883
2529,cut3,2529,POPC,242,22.288393020629883,190.7860565185547,84.88995361328125
2529,cut3,2529,POPC,243,67.55902862548828,56.59647750854492,86.4972915649414
2529,cut3,2529,POPC,244,206.97438049316406,49.80857467651367,91.52693176269531
2529,cut3,2529,POPC,245,137.23562622070312,38.94186782836914,88.67984771728516
2529,cut3,2529,POPC,246,160.82162475585938,77.9525146484375,85.76564025878906
2529,cut3,2529,POPC,247,156.8273162841797,92.79348754882812,87.56595611572266
2529,cut3,2529,POPC,248,115.4214096069336,27.797761917114258,90.51730346679688
2529,cut3,2529,POPC,249,30.109086990356445,150.57705688476562,78.73688507080078
2529,cut3,2529,POPC,250,170.6363067626953,167.73683166503906,85.15007019042969
2529,cut3,2529,POPC,251,19.20490837097168,158.62222290039062,85.80491638183594
2529,cut3,2529,POPC,252,148.422607421875,55.639976501464844,81.84823608398438
2529,cut3,2529,POPC,253,200.47036743164062,85.00226593017578,96.07500457763672
2529,cut3,2529,POPC,254,53.71561050415039,73.02979278564453,90.05416107177734
2529,cut3,2529,POPC,255,203.62770080566406,74.97150421142578,94.68431854248047
2529,cut3,2529,POPC,256,78.25594329833984,66.45166778564453,90.64944458007812
2529,cut3,2529,POPC,257,163.11082458496094,84.2515869140625,86.99282836914062
2529,cut3,2529,POPC,258,149.9730224609375,125.06238555908203,76.26339721679686
2529,cut3,2529,POPC,259,91.20854187011719,71.71974182128906,84.3033447265625
2529,cut3,2529,POPC,260,174.916748046875,170.1794891357422,86.25485229492188
2529,cut3,2529,POPC,261,153.66342163085938,142.6861572265625,76.83417510986328
2529,cut3,2529,POPC,262,184.7999725341797,16.594854354858402,98.82421112060547
2529,cut3,2529,POPC,263,40.182167053222656,125.38330078125,78.03919982910156
2529,cut3,2529,POPC,264,52.65937423706055,119.81784057617188,70.93790435791016
2529,cut3,2529,POPC,265,34.301475524902344,173.77574157714844,84.83643341064453
2529,cut3,2529,POPC,266,143.90284729003906,68.77366638183594,76.27656555175781
2529,cut3,2529,POPC,267,170.49998474121094,150.35423278808594,85.32962036132812
2529,cut3,2529,POPC,268,161.92422485351562,125.89466857910156,42.39439392089844
2529,cut3,2529,POPC,269,131.50662231445312,60.246463775634766,78.82404327392578
2529,cut3,2529,POPC,270,124.47466278076172,36.921295166015625,86.0061264038086
2529,cut3,2529,POPC,271,82.90521240234375,193.1153564453125,83.21659851074219
2529,cut3,2529,POPC,272,16.579790115356445,153.32949829101562,84.86358642578125
2529,cut3,2529,POPC,273,113.85249328613281,73.00765228271483,79.6375732421875
2529,cut3,2529,POPC,274,136.74874877929688,167.44273376464844,72.90991973876953
2529,cut3,2529,POPC,275,71.72766876220703,44.916194915771484,87.26990509033203
2529,cut3,2529,POPC,276,209.31903076171875,5.0677900314331055,90.2367172241211
2529,cut3,2529,POPC,277,129.09649658203125,178.11553955078125,73.34993743896484
2529,cut3,2529,POPC,278,12.56948471069336,45.25429916381836,95.03893280029297
2529,cut3,2529,POPC,279,131.6924285888672,138.2939453125,69.57445526123047
2529,cut3,2529,POPC,280,76.86820220947266,124.33560180664062,70.05451202392578
2529,cut3,2529,POPC,281,193.27713012695312,8.909369468688965,95.17110443115234
2529,cut3,2529,POPC,282,197.82342529296875,32.98244094848633,96.6185073852539
2529,cut3,2529,POPC,283,63.09952163696289,175.92759704589844,81.81414794921875
2529,cut3,2529,POPC,284,56.71210861206055,189.62242126464844,85.78204345703125
2529,cut3,2529,POPC,285,72.42227172851562,32.6224365234375,87.89836883544922
2529,cut3,2529,POPC,286,98.28173065185548,26.75529670715332,92.21221160888672
2529,cut3,2529,POPC,287,165.21368408203125,-2.4663610458374023,97.5942611694336
2529,cut3,2529,POPC,288,12.147781372070312,61.22267532348633,93.72238159179688
2529,cut3,2529,POPC,289,146.64114379882812,64.04804229736328,39.45751953125
2529,cut3,2529,POPC,290,92.04457092285156,35.143306732177734,88.57106018066406
2529,cut3,2529,POPC,291,46.9659423828125,73.37911224365234,89.8123779296875
2529,cut3,2529,POPC,292,196.2253875732422,167.68548583984375,90.71304321289062
2529,cut3,2529,POPC,293,210.3306427001953,55.468589782714844,93.44354248046875
2529,cut3,2529,POPC,294,62.39845657348633,219.1320343017578,90.91255187988281
2529,cut3,2529,POPC,295,102.38448333740234,34.668678283691406,88.81519317626953
2529,cut3,2529,POPC,296,81.85552978515625,83.74419403076172,86.86858367919922
2529,cut3,2529,POPC,297,0.07248813658952713,172.93394470214844,87.54656982421875
2529,cut3,2529,POPC,298,75.70726013183594,218.5721893310547,92.60286712646484
2529,cut3,2529,POPC,299,2.908540964126587,8.925506591796875,88.76226043701172
2529,cut3,2529,POPC,300,70.65727233886719,85.0314712524414,90.05398559570312
2529,cut3,2529,POPC,301,86.48674011230469,22.370737075805664,87.6920394897461
2529,cut3,2529,POPC,302,122.48746490478516,46.83727264404297,82.44500732421875
2529,cut3,2529,POPC,303,18.7091121673584,184.5385284423828,88.56769561767578
2529,cut3,2529,POPC,304,180.50973510742188,223.53517150878906,99.39102172851562
2529,cut3,2529,POPC,305,27.683134078979492,69.64055633544922,93.83380889892578
2529,cut3,2529,POPC,306,188.00254821777344,119.43720245361328,90.27247619628906
2529,cut3,2529,POPC,307,194.40380859375,50.13560485839844,100.03925323486328
2529,cut3,2529,POPC,308,214.77398681640625,157.5526123046875,89.70952606201172
2529,cut3,2529,POPC,309,205.73837280273438,214.4923095703125,90.28032684326172
2529,cut3,2529,POPC,310,199.45542907714844,220.2013702392578,89.83004760742188
2529,cut3,2529,POPC,311,106.60897827148438,213.52267456054688,89.0758056640625
2529,cut3,2529,POPC,312,132.85897827148438,4.306807518005371,95.61488342285156
2529,cut3,2529,POPC,313,83.09718322753906,133.50856018066406,70.73018646240234
2529,cut3,2529,POPC,314,60.49814987182617,73.26525115966797,87.53885650634766
2529,cut3,2529,POPC,315,63.9186897277832,123.3913803100586,73.74420166015625
2529,cut3,2529,POPC,316,100.70722198486327,94.88568115234375,81.46871948242188
2529,cut3,2529,POPC,317,28.869237899780273,61.52067184448242,94.01153564453125
2529,cut3,2529,POPC,318,107.91452026367188,198.52383422851562,90.03450775146484
2529,cut3,2529,POPC,319,59.28488540649414,93.48271179199219,87.94451904296875
2529,cut3,2529,POPC,320,197.32632446289062,199.86346435546875,93.34791564941406
2529,cut3,2529,POPC,321,3.968427896499634,17.676082611083988,90.72228240966797
2529,cut3,2529,POPC,322,41.70637512207031,191.5863800048828,88.98184204101562
2529,cut3,2529,POPC,323,28.653947830200195,8.503177642822266,92.25230407714844
2529,cut3,2529,POPC,324,175.6023712158203,208.85430908203125,92.68689727783203
2529,cut3,2529,POPC,325,76.49500274658203,15.367443084716797,92.76607513427734
2529,cut3,2529,POPC,326,25.8992977142334,122.60530090332031,81.26830291748047
2529,cut3,2529,POPC,327,185.11721801757812,184.8716583251953,89.77767181396484
2529,cut3,2529,POPC,328,177.860107421875,70.52822875976562,97.38878631591797
2529,cut3,2529,POPC,329,80.33964538574219,22.679697036743164,88.4212417602539
2529,cut3,2529,POPC,330,16.12807846069336,27.789030075073242,92.67780303955078
2529,cut3,2529,POPC,331,11.836418151855467,52.9988899230957,94.88053894042969
2529,cut3,2529,POPC,332,125.91851806640625,209.6222686767578,93.48909759521484
2529,cut3,2529,POPC,333,142.24842834472656,74.2751693725586,71.14824676513672
2529,cut3,2529,POPC,334,13.371803283691406,78.4273681640625,95.4102783203125
2529,cut3,2529,POPC,335,165.71243286132812,5.377048492431641,101.48855590820312
2529,cut3,2529,POPC,336,167.3978729248047,128.9461669921875,79.12940979003906
2529,cut3,2529,POPC,337,209.07504272460938,5.7112321853637695,54.35612869262695
2529,cut3,2529,POPC,338,124.54988098144531,54.57486343383789,82.18838500976562
2529,cut3,2529,POPC,339,47.113853454589844,62.59840774536133,92.45081329345703
2529,cut3,2529,POPC,340,141.54098510742188,140.75518798828125,71.05537414550781
2529,cut3,2529,POPC,341,202.45286560058594,181.32325744628906,89.8591537475586
2529,cut3,2529,POPC,342,50.226871490478516,17.255855560302734,89.35819244384766
2529,cut3,2529,POPC,343,152.35107421875,136.25257873535156,76.492919921875
2529,cut3,2529,POPC,344,98.25184631347656,59.82210159301758,84.57020568847656
2529,cut3,2529,POPC,345,114.57324981689453,199.7104949951172,89.85588836669922
2529,cut3,2529,POPC,346,87.3504409790039,39.203277587890625,88.0522689819336
2529,cut3,2529,POPC,347,28.208765029907227,160.80690002441406,87.3939437866211
2529,cut3,2529,POPC,348,174.55589294433594,158.39657592773438,85.94699096679688
2529,cut3,2529,POPC,349,194.98086547851562,113.06946563720703,90.1223373413086
2529,cut3,2529,POPC,350,135.988037109375,159.57606506347656,73.9601821899414
2529,cut3,2529,POPC,351,150.211181640625,171.4309539794922,74.30292510986328
2529,cut3,2529,POPC,352,37.57276916503906,147.3604736328125,80.09834289550781
2529,cut3,2529,POPC,353,76.44366455078125,204.0316925048828,89.47208404541016
2529,cut3,2529,POPC,354,127.8326644897461,116.53339385986328,74.03853607177734
2529,cut3,2529,POPC,355,56.31925582885742,109.13382720947266,73.32144165039062
2529,cut3,2529,POPC,356,136.57908630371094,78.79766845703125,69.10037994384766
2529,cut3,2529,POPC,357,184.54612731933594,136.24765014648438,84.89888000488281
2529,cut3,2529,POPC,358,10.269643783569336,206.20127868652344,84.32947540283205
2529,cut3,2529,POPC,359,171.63351440429688,29.33330726623535,102.39295959472656
2529,cut3,2529,POPC,360,167.63711547851562,72.54959106445314,97.75152587890625
2529,cut3,2529,POPC,361,49.00931930541992,179.60153198242188,85.24608612060547
2529,cut3,2529,POPC,362,23.737699508666992,154.2493133544922,82.157470703125
2529,cut3,2529,POPC,363,38.23479080200195,6.929405212402344,87.198974609375
2529,cut3,2529,POPC,364,23.219205856323242,74.21187591552734,94.7519302368164
2529,cut3,2529,POPC,365,23.572507858276367,-2.150974988937378,91.10090637207031
2529,cut3,2529,POPC,366,116.6631088256836,60.06892013549805,80.69200897216797
2529,cut3,2529,POPC,367,123.4338607788086,94.74494934082031,71.60049438476562
2529,cut3,2529,POPC,368,194.081787109375,149.41004943847656,87.3191146850586
2529,cut3,2529,POPC,369,217.60882568359375,39.39411926269531,92.50117492675781
2529,cut3,2529,POPC,370,196.6218719482422,75.95301818847656,93.97673034667969
2529,cut3,2529,POPC,371,167.1307373046875,165.17791748046875,79.88835906982422
2529,cut3,2529,POPC,372,45.846763610839844,42.65523147583008,91.86282348632812
2529,cut3,2529,POPC,373,16.124292373657227,118.24665832519531,81.79959869384766
2529,cut3,2529,POPC,374,170.28143310546875,133.96055603027344,82.10274505615233
2529,cut3,2529,POPC,375,126.14600372314453,73.81648254394531,71.88660430908203
2529,cut3,2529,POPC,376,31.960634231567383,47.231327056884766,92.27548980712892
2529,cut3,2529,POPC,377,89.19477844238281,125.85701751708984,77.13157653808594
2529,cut3,2529,POPC,378,206.48437499999997,43.025150299072266,91.28553771972656
2529,cut3,2529,POPC,379,156.2400054931641,19.304401397705078,92.16300964355469
2529,cut3,2529,POPC,380,184.3755340576172,10.202362060546875,97.74768829345703
2529,cut3,2529,POPC,381,47.617774963378906,164.73524475097656,85.3626480102539
2529,cut3,2529,POPC,382,49.2582664489746,140.33340454101562,79.70126342773438
2529,cut3,2529,POPC,383,88.97711944580078,60.600040435791016,86.4319076538086
2529,cut3,2529,POPC,384,143.48976135253906,124.58403015136719,36.04975891113281
2529,cut3,2529,POPC,385,67.62381744384766,132.07470703125,75.12925720214844
2529,cut3,2529,POPC,386,205.80335998535156,10.338081359863281,89.83501434326172
2529,cut3,2529,POPC,387,115.76136779785156,138.5637969970703,72.43666076660156
2529,cut3,2529,POPC,388,179.27407836914062,204.81593322753906,94.45623779296875
2529,cut3,2529,POPC,389,37.06367492675781,66.5052719116211,90.87548828125
2529,cut3,2529,POPC,390,185.65731811523438,163.33229064941406,89.25450897216797
2529,cut3,2529,POPC,391,126.6959228515625,80.774658203125,70.48881530761719
2529,cut3,2529,POPC,392,189.08697509765625,169.24571228027344,90.90200805664062
2529,cut3,2529,POPC,393,151.6603240966797,180.470458984375,77.1338882446289
2529,cut3,2529,POPC,394,50.8663444519043,-0.13562782108783722,89.1710433959961
2529,cut3,2529,POPC,395,106.0230026245117,62.85725784301758,84.82072448730469
2529,cut3,2529,POPC,396,105.35763549804688,150.96243286132812,74.18360137939453
2529,cut3,2529,POPC,397,110.84977722167969,23.056100845336914,91.60869598388672
2529,cut3,2529,POPC,398,14.094959259033203,34.85879135131836,92.76448822021484
2529,cut3,2529,POPC,399,68.89415740966798,77.40972137451172,87.56610107421875
2529,cut3,2529,POPC,400,151.73785400390625,46.081600189208984,85.614990234375
2529,cut3,2529,POPC,401,147.78318786621094,6.719768524169922,95.05815887451172
2529,cut3,2529,POPC,402,154.00845336914062,218.66017150878906,94.83599853515625
2529,cut3,2529,POPC,403,61.0411262512207,13.397285461425781,94.43846130371094
2529,cut3,2529,POPC,404,54.52156448364258,212.5452423095703,86.03714752197266
2529,cut3,2529,POPC,405,103.54733276367188,123.04348754882812,78.65105438232422
2529,cut3,2529,POPC,406,57.88779067993164,202.58181762695312,86.89847564697266
2529,cut3,2529,POPC,407,57.02682876586914,196.37730407714844,86.94249725341797
2529,cut3,2529,POPC,408,57.78147506713867,4.895139694213867,94.60929870605469
2529,cut3,2529,POPC,409,84.99606323242188,68.02610778808594,86.377197265625
2529,cut3,2529,POPC,410,42.643917083740234,150.8233184814453,80.70426177978516
2529,cut3,2529,POPC,411,118.70845794677734,12.97627067565918,98.65522003173828
2529,cut3,2529,POPC,412,161.4290771484375,108.6657943725586,88.05582427978516
2529,cut3,2529,POPC,413,114.55542755126955,155.53814697265625,66.25253295898438
2529,cut3,2529,POPC,414,48.359066009521484,194.04299926757812,87.4095687866211
2529,cut3,2529,POPC,415,111.68941497802734,64.5224380493164,82.11936950683594
2529,cut3,2529,POPC,416,207.01937866210938,24.113794326782227,92.57193756103516
2529,cut3,2529,POPC,417,177.14801025390625,84.52505493164062,92.75932312011719
2529,cut3,2529,POPC,418,193.1826934814453,80.83092498779297,94.74064636230469
2529,cut3,2529,POPC,419,186.7827606201172,62.5477409362793,95.19498443603514
2529,cut3,2529,POPC,420,134.18972778320312,65.88854217529297,77.3525161743164
2529,cut3,2529,POPC,421,196.05862426757812,23.51677131652832,98.82875061035156
2529,cut3,2529,POPC,422,187.2130889892578,83.08804321289062,95.60357666015625
2529,cut3,2529,POPC,423,9.138065338134766,149.53451538085938,84.72109985351562
2529,cut3,2529,POPC,424,24.01590919494629,33.627235412597656,92.94586181640625
2529,cut3,2529,POPC,425,134.95643615722656,148.954345703125,69.06301879882812
2529,cut3,2529,POPC,426,196.29643249511722,16.759288787841797,93.695068359375
2529,cut3,2529,POPC,427,170.3776092529297,180.48873901367188,85.3712387084961
2529,cut3,2529,POPC,428,161.1846466064453,147.41688537597656,76.94795227050781
2529,cut3,2529,POPC,429,75.33216094970703,172.8855438232422,76.8192367553711
2529,cut3,2529,POPC,430,209.40841674804688,185.70152282714844,91.1092529296875
2529,cut3,2529,POPC,431,200.85006713867188,48.983551025390625,95.22705841064453
2529,cut3,2529,POPC,432,139.6328582763672,223.9699249267578,93.06641387939453
2529,cut3,2529,POPC,433,148.15599060058594,109.32958221435547,81.5533218383789
2529,cut3,2529,POPC,434,21.581430435180664,213.35609436035156,89.42723083496094
2529,cut3,2529,POPC,435,156.08050537109375,122.0948257446289,79.40501403808594
2529,cut3,2529,POPC,436,93.43099975585938,146.38999938964844,77.18865966796875
2529,cut3,2529,POPC,437,129.97532653808594,121.90390014648438,70.7615966796875
2529,cut3,2529,POPC,438,60.89583969116211,100.12627410888672,85.58395385742188
2529,cut3,2529,POPC,439,49.09749221801758,156.88111877441406,82.94194030761719
2529,cut3,2529,POPC,440,82.8677749633789,77.60757446289062,86.73135375976562
2529,cut3,2529,POPC,441,26.844758987426758,86.52920532226562,91.16249084472656
2529,cut3,2529,POPC,442,192.67745971679688,61.382991790771484,97.4650650024414
2529,cut3,2529,POPC,443,61.548954010009766,54.313690185546875,85.91986846923828
2529,cut3,2529,POPC,444,67.11673736572266,71.4537353515625,87.90560913085938
2529,cut3,2529,POPC,445,92.91177368164062,181.01718139648438,85.69835662841797
2529,cut3,2529,POPC,446,99.4852294921875,211.32131958007812,90.5805892944336
2529,cut3,2529,POPC,447,188.2108612060547,23.207889556884766,100.8841323852539
2529,cut3,2529,POPC,448,93.7811508178711,216.5150146484375,89.47755432128906
2529,cut3,2529,POPC,449,59.0676155090332,36.503170013427734,49.70696258544922
2529,cut3,2529,POPC,450,18.401498794555664,63.88289260864258,94.04402160644531
2529,cut3,2529,POPC,451,106.38343811035156,44.69231414794922,86.88231658935547
2529,cut3,2529,POPC,452,18.365110397338867,217.49996948242188,53.843650817871094
2529,cut3,2529,POPC,453,18.472055435180664,194.83154296875,81.84217071533203
2529,cut3,2529,POPC,454,57.86696243286133,140.74668884277344,81.43211364746095
2529,cut3,2529,POPC,455,136.17373657226562,178.8273162841797,73.19168853759766
2529,cut3,2529,POPC,456,173.66143798828125,90.43600463867188,92.84481048583984
2529,cut3,2529,POPC,457,50.45760726928711,48.5316047668457,92.05694580078125
2529,cut3,2529,POPC,458,62.20521926879883,145.35504150390625,80.21868133544922
2529,cut3,2529,POPC,459,198.57852172851562,57.15617752075195,95.47233581542969
2529,cut3,2529,POPC,460,179.81008911132812,55.02219009399414,98.31888580322266
2529,cut3,2529,POPC,461,97.8345718383789,81.47574615478516,78.55049133300781
2529,cut3,2529,POPC,462,46.68331527709961,6.592836380004883,88.81050872802734
2529,cut3,2529,POPC,463,13.262805938720703,180.7428436279297,89.2613754272461
2529,cut3,2529,POPC,464,208.8133087158203,-2.8858399391174316,90.29020690917969
2529,cut3,2529,POPC,465,70.53376007080078,156.48687744140625,79.55118560791016
2529,cut3,2529,POPC,466,10.586410522460938,15.265035629272461,94.28223419189453
2529,cut3,2529,POPC,467,13.59819221496582,133.28720092773438,80.17369842529297
2529,cut3,2529,POPC,468,97.72866821289062,181.16676330566406,83.32913208007812
2529,cut3,2529,POPC,469,61.05599594116211,135.93829345703125,80.17887115478516
2529,cut3,2529,POPC,470,187.64981079101562,130.47032165527344,91.64093780517578
2529,cut3,2529,POPC,471,180.6854248046875,21.646272659301758,101.6313705444336
2529,cut3,2529,POPC,472,96.53473663330078,157.86705017089844,80.09626770019531
2529,cut3,2529,POPC,473,57.45774459838867,59.44063186645508,90.6000747680664
2529,cut3,2529,POPC,474,28.546205520629883,143.38671875,76.21944427490234
2529,cut3,2529,POPC,475,156.97752380371094,153.01234436035156,80.55398559570312
2529,cut3,2529,POPC,476,144.52552795410156,43.16096878051758,87.8964157104492
2529,cut3,2529,POPC,477,29.550668716430664,117.3918685913086,79.70735168457031
2529,cut3,2529,POPC,478,135.01019287109375,143.52720642089844,71.09062957763672
2529,cut3,2529,POPC,479,144.01190185546875,181.14303588867188,75.45134735107422
2529,cut3,2529,POPC,480,170.20687866210938,122.38195037841797,80.16065979003906
2529,cut3,2529,POPC,481,29.16123390197754,14.612710952758789,92.6624984741211
2529,cut3,2529,POPC,482,74.44579315185545,161.96824645996094,80.92084503173828
2529,cut3,2529,POPC,483,61.20442581176758,157.09744262695312,77.9845962524414
2529,cut3,2529,POPC,484,51.58828353881836,95.255859375,82.37659454345703
2529,cut3,2529,POPC,485,72.30132293701172,147.06687927246094,77.67430877685547
2529,cut3,2529,POPC,486,159.20968627929688,12.527990341186523,96.11656188964844
2529,cut3,2529,POPC,487,77.98834228515625,185.8862762451172,80.02992248535156
2529,cut3,2529,POPC,488,40.09840774536133,178.4890899658203,83.9732437133789
2529,cut3,2529,POPC,489,87.15309143066406,157.83729553222656,80.02992248535156
2529,cut3,2529,POPC,490,151.46554565429688,114.53700256347656,80.18836212158203
2529,cut3,2529,POPC,491,153.1390838623047,189.11817932128906,81.82571411132812
2529,cut3,2529,POPC,492,119.11318969726562,45.562591552734375,49.244327545166016
2529,cut3,2529,POPC,493,50.68296432495117,79.94066619873048,89.44524383544922
2529,cut3,2529,POPC,494,9.382770538330078,1.60173499584198,93.53521728515625
2529,cut3,2529,POPC,495,129.2181396484375,164.739501953125,74.8301010131836
2529,cut3,2529,POPC,496,131.22621154785156,25.802614212036133,92.81631469726562
2529,cut3,2529,POPC,497,110.67281341552734,204.82347106933594,87.94683837890625
2529,cut3,2529,POPC,498,119.67372131347656,212.74264526367188,95.76671600341797
2529,cut3,2529,POPC,499,20.157182693481445,204.3607635498047,85.58901977539062
2529,cut3,2529,POPC,500,97.25645446777344,39.39003372192383,86.29058837890625
2529,cut3,2529,POPC,501,54.09188461303711,133.7689208984375,77.53038787841797
2529,cut3,2529,POPC,502,182.13267517089844,142.56747436523438,84.61556243896484
2529,cut3,2529,POPC,503,124.87889862060547,61.33430862426758,79.01437377929688
2529,cut3,2529,POPC,504,22.10140037536621,139.64715576171875,80.16815948486328
2529,cut3,2529,POPC,505,135.76812744140625,47.651309967041016,84.7684326171875
2529,cut3,2529,POPC,506,120.26708221435548,42.383941650390625,84.7453842163086
2529,cut3,2529,POPC,507,176.88027954101562,28.831716537475586,99.91558074951172
2529,cut3,2529,POPC,508,127.65679168701172,130.79331970214844,70.79644775390625
2529,cut3,2529,POPC,509,14.408153533935547,163.15989685058594,87.56027221679688
2529,cut3,2529,POPC,510,57.68918228149414,38.134246826171875,88.90313720703125
2529,cut3,2529,POPC,511,171.6133575439453,79.58924102783203,95.09197998046875
2529,cut3,2529,POPC,512,91.40744018554688,210.39134216308594,91.3769302368164
2529,cut3,2529,POPC,513,76.75382995605469,4.015328407287598,94.76992797851562
2529,cut3,2529,POPC,514,66.99555206298828,25.019798278808594,90.18804931640625
2529,cut3,2529,POPC,515,169.37559509277344,216.1695556640625,95.64814758300781
2529,cut3,2529,POPC,516,181.7112274169922,93.66588592529297,92.11055755615234
2529,cut3,2529,POPC,517,95.3770980834961,6.590350151062012,94.33078002929688
2529,cut3,2529,POPC,518,200.74061584472656,24.011089324951172,94.49930572509766
2529,cut3,2529,POPC,519,7.536074161529541,26.846887588500977,90.4310531616211
2529,cut3,2529,POPC,520,111.81285095214844,91.70069885253906,77.84163665771484
2529,cut3,2529,POPC,521,54.2005729675293,25.25582504272461,87.67295837402344
2529,cut3,2529,POPC,522,197.28654479980472,10.362651824951172,91.3183364868164
2529,cut3,2529,POPC,523,209.7118377685547,191.40142822265625,89.47640228271484
2529,cut3,2529,POPC,524,-0.49161213636398315,211.15966796875,85.84889221191406
2529,cut3,2529,POPC,525,178.76519775390625,125.28712463378908,87.0017318725586
2529,cut3,2529,POPC,526,0.609394371509552,29.861906051635742,92.06743621826172
2529,cut3,2529,POPC,527,34.10475158691406,202.46363830566406,89.1346664428711
2529,cut3,2529,POPC,528,11.359142303466797,67.46376037597656,95.14669799804688
2529,cut3,2529,POPC,529,20.440893173217773,57.685264587402344,94.1097412109375
2529,cut3,2529,POPC,530,168.98648071289062,81.2740249633789,90.58935546875
2529,cut3,2529,POPC,531,179.05517578125,5.466348648071289,100.75328063964844
2529,cut3,2529,POPC,532,130.47076416015625,46.800472259521484,86.10464477539062
2529,cut3,2529,POPC,533,70.43070220947266,201.93017578125,89.10391235351562
2529,cut3,2529,POPC,534,56.889957427978516,44.715118408203125,91.52935028076172
2529,cut3,2529,POPC,535,96.94943237304688,68.20974731445312,80.69416046142578
2529,cut3,2529,POPC,536,162.9077911376953,17.27585792541504,97.63117980957031
2529,cut3,2529,POPC,537,91.34307098388672,141.30148315429688,75.25602722167969
2529,cut3,2529,POPC,538,75.42264556884766,132.98374938964844,71.49305725097656
2529,cut3,2529,POPC,539,107.1232681274414,78.51066589355469,78.12969207763672
2529,cut3,2529,POPC,540,65.13127136230469,85.34280395507812,89.51644897460938
2529,cut3,2529,POPC,541,119.5970230102539,66.70274353027344,78.81041717529297
2529,cut3,2529,POPC,542,163.37677001953125,211.539794921875,98.39550018310547
2529,cut3,2529,POPC,543,24.321107864379883,28.07794761657715,93.9244155883789
2529,cut3,2529,POPC,544,111.08818054199219,99.89910125732422,79.65715789794922
2529,cut3,2529,POPC,545,209.80091857910156,163.7113800048828,88.6763916015625
2529,cut3,2529,POPC,546,201.66354370117188,190.04469299316406,92.27665710449219
2529,cut3,2529,POPC,547,83.261474609375,98.46681213378906,80.06742095947266
2529,cut3,2529,POPC,548,72.53799438476562,189.49087524414062,80.3305435180664
2529,cut3,2529,POPC,549,188.02638244628906,190.11154174804688,90.73583984375
2529,cut3,2529,POPC,550,99.23797607421875,153.709228515625,75.68062591552734
2529,cut3,2529,POPC,551,81.44127655029297,127.29435729980469,67.63036346435547
2529,cut3,2529,POPC,552,48.281734466552734,122.04808807373047,75.61688995361328
2529,cut3,2529,POPC,553,56.88918685913086,52.501617431640625,89.58370971679688
2529,cut3,2529,POPC,554,196.95104980468747,44.57984161376953,98.6499481201172
2529,cut3,2529,POPC,555,4.554619312286377,146.12191772460935,82.65882873535156
2529,cut3,2529,POPC,556,54.56450271606445,95.41626739501953,53.88662338256836
2529,cut3,2529,POPC,557,124.80066680908203,216.56869506835938,98.05645751953125
2529,cut3,2529,POPC,558,43.657066345214844,36.30918502807617,91.87765502929688
2529,cut3,2529,POPC,559,-1.5953060388565061,70.20762634277344,95.21217346191406
2529,cut3,2529,POPC,560,140.2440185546875,114.228759765625,79.21543884277344
2529,cut3,2529,POPC,561,102.57208251953125,193.73956298828125,84.76875305175781
2529,cut3,2529,POPC,562,173.8900146484375,101.2868423461914,90.21109771728516
2529,cut3,2529,POPC,563,37.44009017944336,109.20003509521484,81.04899597167969
2529,cut3,2529,POPC,564,130.3519744873047,171.3083953857422,75.41747283935547
2529,cut3,2529,POPC,565,80.24693298339844,206.93597412109375,92.90005493164062
2529,cut3,2529,POPC,566,162.3033905029297,168.76551818847656,81.61077880859375
2529,cut3,2529,POPC,567,188.578369140625,87.97208404541016,58.20648956298828
2529,cut3,2529,POPC,568,56.72902297973633,31.5363712310791,91.96849060058594
2529,cut3,2529,POPC,569,43.74611282348633,20.44707489013672,91.15808868408203
2529,cut3,2529,POPC,570,169.06732177734378,95.18667602539062,90.23011779785156
2529,cut3,2529,POPC,571,209.42564392089844,128.04078674316406,86.2429428100586
2529,cut3,2529,POPC,572,9.685213088989258,190.85984802246094,84.44384765625
2529,cut3,2529,POPC,573,24.116586685180664,134.36572265625,82.31584167480469
2529,cut3,2529,POPC,574,54.42414474487305,124.54554748535156,75.45520782470703
2529,cut3,2529,POPC,575,86.91974639892578,37.781063079833984,51.89560317993165
2529,cut3,2529,POPC,576,78.45819854736328,73.73583984375,87.47534942626953
2529,cut3,2529,POPC,577,9.491477966308594,196.8806915283203,85.57929992675781
2529,cut3,2529,POPC,578,46.527740478515625,186.42674255371094,86.7713851928711
2529,cut3,2529,POPC,579,142.9845733642578,190.4013214111328,76.51846313476562
2529,cut3,2529,POPC,580,154.0802459716797,108.98095703125,84.53260040283203
2529,cut3,2529,POPC,581,18.19061470031738,111.31322479248047,79.837890625
2529,cut3,2529,POPC,582,203.4488983154297,172.40109252929688,88.2584228515625
2529,cut3,2529,POPC,583,171.2064666748047,107.04631042480469,87.57395935058594
2529,cut3,2529,POPC,584,105.631591796875,3.2407474517822266,96.99481964111328
2529,cut3,2529,POPC,585,129.6961212158203,18.20135498046875,96.80382537841797
2529,cut3,2529,POPC,586,192.35134887695312,225.26132202148438,93.40242767333984
2529,cut3,2529,POPC,587,192.38479614257812,218.57113647460938,93.67671966552734
2529,cut3,2529,POPC,588,15.580684661865234,174.1975555419922,88.03720092773438
2529,cut3,2529,POPC,589,64.79657745361328,180.9429473876953,82.90213775634766
2529,cut3,2529,POPC,590,37.90141677856445,196.9444580078125,89.42903900146484
2529,cut3,2529,POPC,591,71.02330780029297,139.40045166015625,78.1968002319336
2529,cut3,2529,POPC,592,101.66175079345705,13.824882507324219,93.89095306396484
2529,cut3,2529,POPC,593,32.09602355957031,183.06605529785156,90.9971694946289
2529,cut3,2529,POPC,594,14.89268684387207,1.9338964223861694,53.062198638916016
2529,cut3,2529,POPC,595,159.1453399658203,127.18852996826172,76.9094009399414
2529,cut3,2529,POPC,596,24.461679458618164,197.79840087890625,84.54476928710938
2529,cut3,2529,POPC,597,81.43731689453125,11.548933029174805,94.34187316894531
2529,cut3,2529,POPC,598,32.11306381225586,215.88986206054688,88.4001235961914
2529,cut3,2529,POPC,599,40.2570686340332,223.1453399658203,88.19439697265625
2529,cut3,2529,POPC,600,45.90205764770508,128.1573944091797,75.91575622558594
2529,cut3,2529,POPC,601,26.55488395690918,204.1796112060547,87.77145385742188
2529,cut3,2529,POPC,602,77.72291564941406,143.42056274414062,76.52013397216797
2529,cut3,2529,POPC,603,44.76015853881836,80.2982406616211,93.23851013183594
2529,cut3,2529,POPC,604,15.040420532226562,200.26235961914062,83.7214126586914
2529,cut3,2529,POPC,605,106.80528259277344,88.71781921386719,80.74921417236328
2529,cut3,2529,POPC,606,155.7664794921875,169.21035766601562,79.4457778930664
2529,cut3,2529,POPC,607,122.50797271728516,172.22470092773438,73.17539978027342
2529,cut3,2529,POPC,608,128.41607666015625,94.66775512695312,35.512969970703125
2529,cut3,2529,POPC,609,203.55526733398438,58.158321380615234,60.54320526123047
2529,cut3,2529,POPC,610,92.54542541503906,178.85781860351562,42.08674621582031
2529,cut3,2529,POPC,611,171.64695739746094,154.86929321289062,45.35725402832031
2529,cut3,2529,POPC,612,44.20606994628906,62.114131927490234,47.67845535278321
2529,cut3,2529,POPC,613,163.1206817626953,173.4904327392578,43.114051818847656
2529,cut3,2529,POPC,614,148.62991333007812,132.60621643066406,38.86082077026367
2529,cut3,2529,POPC,615,147.95703125,225.25599670410156,61.093177795410156
2529,cut3,2529,POPC,616,165.6294403076172,6.497979164123535,63.31370544433594
2529,cut3,2529,POPC,617,101.76348876953125,188.89825439453125,48.00929641723633
2529,cut3,2529,POPC,618,81.82789611816406,162.4607696533203,35.147830963134766
2529,cut3,2529,POPC,619,18.592985153198242,33.35209655761719,51.47331619262695
2529,cut3,2529,POPC,620,7.891911029815674,190.8168487548828,50.46171569824219
2529,cut3,2529,POPC,621,178.34011840820312,199.8149871826172,52.42341613769531
2529,cut3,2529,POPC,622,75.02326202392578,28.687402725219727,52.16535568237305
2529,cut3,2529,POPC,623,52.38071823120117,25.86550521850586,50.44765090942383
2529,cut3,2529,POPC,624,17.16473960876465,86.86360931396484,52.046173095703125
2529,cut3,2529,POPC,625,191.56979370117188,163.24215698242188,44.637550354003906
2529,cut3,2529,POPC,626,25.042280197143555,39.62554168701172,52.55394744873047
2529,cut3,2529,POPC,627,185.79505920410156,117.43879699707031,48.09048843383789
2529,cut3,2529,POPC,628,121.35962677001953,207.17904663085938,56.371376037597656
2529,cut3,2529,POPC,629,178.0775909423828,183.97389221191406,60.172523498535156
2529,cut3,2529,POPC,630,179.02467346191406,107.83971405029297,47.45889663696289
2529,cut3,2529,POPC,631,196.20712280273438,146.30197143554688,51.96234130859375
2529,cut3,2529,POPC,632,39.78525161743164,221.7842254638672,55.181644439697266
2529,cut3,2529,POPC,633,21.199766159057617,205.22976684570312,49.83514404296875
2529,cut3,2529,POPC,634,43.94456100463867,1.2327722311019897,55.756404876708984
2529,cut3,2529,POPC,635,61.638980865478516,154.3436279296875,38.74525451660156
2529,cut3,2529,POPC,636,30.943742752075195,152.4700927734375,41.87287902832031
2529,cut3,2529,POPC,637,91.55745697021484,114.50153350830078,49.5507698059082
2529,cut3,2529,POPC,638,42.27016067504883,23.55881690979004,49.76811981201172
2529,cut3,2529,POPC,639,97.68702697753906,30.803964614868164,49.07316589355469
2529,cut3,2529,POPC,640,193.52810668945312,23.9793701171875,51.34595870971679
2529,cut3,2529,POPC,641,197.47715759277344,128.95046997070312,51.280540466308594
2529,cut3,2529,POPC,642,203.0120849609375,137.21917724609375,53.30089569091797
2529,cut3,2529,POPC,643,30.056795120239258,48.12479019165039,53.890052795410156
2529,cut3,2529,POPC,644,171.84202575683594,21.851745605468754,60.57545471191406
2529,cut3,2529,POPC,645,127.37034606933594,143.48348999023438,32.116607666015625
2529,cut3,2529,POPC,646,203.77835083007812,72.10601806640625,59.518463134765625
2529,cut3,2529,POPC,647,188.0867156982422,102.14054870605469,54.70260238647461
2529,cut3,2529,POPC,648,32.18146896362305,41.056419372558594,50.96162033081055
2529,cut3,2529,POPC,649,189.70851135253906,134.0587615966797,51.03282165527344
2529,cut3,2529,POPC,650,175.12210083007812,16.65589141845703,59.802513122558594
2529,cut3,2529,POPC,651,195.96693420410156,185.4703826904297,56.339935302734375
2529,cut3,2529,POPC,652,72.54560852050781,174.2750701904297,44.271400451660156
2529,cut3,2529,POPC,653,48.59730911254883,73.3734359741211,55.029293060302734
2529,cut3,2529,POPC,654,193.6129608154297,119.87145233154297,51.12617492675781
2529,cut3,2529,POPC,655,51.578495025634766,211.8024139404297,49.00700378417969
2529,cut3,2529,POPC,656,65.52374267578125,213.86338806152344,48.149288177490234
2529,cut3,2529,POPC,657,94.06491088867188,208.3477783203125,54.74946212768555
2529,cut3,2529,POPC,658,162.43502807617188,122.75799560546875,36.491886138916016
2529,cut3,2529,POPC,659,122.82172393798828,59.77914047241211,43.729488372802734
2529,cut3,2529,POPC,660,214.70314025878903,208.25839233398438,51.958675384521484
2529,cut3,2529,POPC,661,100.4547348022461,126.95545196533203,44.8454704284668
2529,cut3,2529,POPC,662,53.62749099731445,62.63728713989258,52.878116607666016
2529,cut3,2529,POPC,663,46.88585662841797,181.61622619628906,51.873783111572266
2529,cut3,2529,POPC,664,44.93464660644531,35.043060302734375,52.598976135253906
2529,cut3,2529,POPC,665,65.99812316894531,11.136123657226562,49.8120231628418
2529,cut3,2529,POPC,666,64.77881622314453,181.08009338378906,42.42768096923828
2529,cut3,2529,POPC,667,41.70956802368164,164.53024291992188,45.52891159057617
2529,cut3,2529,POPC,668,87.43408966064453,2.481389045715332,51.772457122802734
2529,cut3,2529,POPC,669,122.00527954101562,137.00503540039062,33.379642486572266
2529,cut3,2529,POPC,670,15.776765823364258,194.56773376464844,50.85636520385742
2529,cut3,2529,POPC,671,17.206804275512695,153.21202087402344,46.4947509765625
2529,cut3,2529,POPC,672,198.01123046875,153.78318786621094,49.584556579589844
2529,cut3,2529,POPC,673,44.021827697753906,216.43170166015625,57.02619171142578
2529,cut3,2529,POPC,674,186.19859313964844,11.383598327636719,56.05807876586914
2529,cut3,2529,POPC,675,12.120637893676758,36.613182067871094,49.77265930175781
2529,cut3,2529,POPC,676,149.65170288085938,171.72804260253906,40.445186614990234
2529,cut3,2529,POPC,677,7.513798236846924,57.58084487915039,53.235172271728516
2529,cut3,2529,POPC,678,38.036529541015625,78.94732666015625,50.52621078491211
2529,cut3,2529,POPC,679,70.49434661865234,45.59459686279297,51.37095642089844
2529,cut3,2529,POPC,680,109.57661437988281,6.01894474029541,51.77671432495117
2529,cut3,2529,POPC,681,67.50080871582031,34.86534881591797,50.3028564453125
2529,cut3,2529,POPC,682,89.0903091430664,162.05929565429688,38.41230773925781
2529,cut3,2529,POPC,683,78.77519989013672,156.71250915527344,75.61881256103514
2529,cut3,2529,POPC,684,185.26907348632812,211.2102813720703,53.548828125
2529,cut3,2529,POPC,685,169.04127502441406,2.1872944831848145,59.659385681152344
2529,cut3,2529,POPC,686,48.96308517456055,86.03164672851562,55.67808151245117
2529,cut3,2529,POPC,687,129.220703125,16.94688606262207,56.74060821533203
2529,cut3,2529,POPC,688,56.16348648071289,-1.790079951286316,53.15033721923828
2529,cut3,2529,POPC,689,199.0578155517578,39.33146286010742,56.604312896728516
2529,cut3,2529,POPC,690,90.1741943359375,213.46929931640625,54.296512603759766
2529,cut3,2529,POPC,691,-0.29846256971359253,20.046140670776367,54.18976974487305
2529,cut3,2529,POPC,692,27.146589279174805,192.72915649414062,49.96580505371094
2529,cut3,2529,POPC,693,14.982597351074219,214.5752716064453,49.74980926513672
2529,cut3,2529,POPC,694,112.16024017333984,192.9620361328125,47.348228454589844
2529,cut3,2529,POPC,695,107.92211151123047,85.35354614257812,39.50943374633789
2529,cut3,2529,POPC,696,119.46405029296875,155.2769775390625,34.296329498291016
2529,cut3,2529,POPC,697,89.39740753173828,10.103866577148438,51.36024475097656
2529,cut3,2529,POPC,698,183.6732635498047,101.65430450439453,50.670623779296875
2529,cut3,2529,POPC,699,24.441804885864258,-1.3316272497177124,53.90329360961914
2529,cut3,2529,POPC,700,54.59385299682617,210.184814453125,53.147186279296875
2529,cut3,2529,POPC,701,16.964841842651367,13.897905349731445,51.45917892456055
2529,cut3,2529,POPC,702,114.6799545288086,211.0059051513672,52.9828987121582
2529,cut3,2529,POPC,703,50.832149505615234,10.672298431396484,53.44550323486328
2529,cut3,2529,POPC,704,74.1083755493164,203.21585083007812,49.68477249145508
2529,cut3,2529,POPC,705,150.79335021972656,7.69536018371582,59.51911926269531
2529,cut3,2529,POPC,706,200.40103149414062,108.10441589355469,53.34808349609375
2529,cut3,2529,POPC,707,92.78699493408203,190.89236450195312,43.81502151489258
2529,cut3,2529,POPC,708,4.031025409698486,-0.3553228974342346,54.084869384765625
2529,cut3,2529,POPC,709,140.27578735351562,154.31674194335938,32.93684387207031
2529,cut3,2529,POPC,710,191.86419677734375,180.59828186035156,53.864139556884766
2529,cut3,2529,POPC,711,118.41777038574219,205.9742431640625,47.922752380371094
2529,cut3,2529,POPC,712,11.559835433959961,69.13029479980469,53.349761962890625
2529,cut3,2529,POPC,713,101.83539581298828,3.5689144134521484,52.48688125610352
2529,cut3,2529,POPC,714,86.54399108886719,219.96298217773438,50.39704895019531
2529,cut3,2529,POPC,715,85.50963592529297,177.05079650878906,44.70022964477538
2529,cut3,2529,POPC,716,85.05248260498047,151.70816040039062,34.09541702270508
2529,cut3,2529,POPC,717,193.14024353027344,193.1885223388672,57.53396987915039
2529,cut3,2529,POPC,718,131.61109924316406,42.64713668823242,46.12918472290039
2529,cut3,2529,POPC,719,64.53582763671875,224.4020538330078,51.29323196411133
2529,cut3,2529,POPC,720,127.70590209960938,62.5139274597168,41.64049530029297
2529,cut3,2529,POPC,721,80.05382537841797,222.773681640625,51.40102005004883
2529,cut3,2529,POPC,722,51.57963180541992,229.2112274169922,55.53431701660156
2529,cut3,2529,POPC,723,38.3477783203125,45.22698593139649,49.67265701293945
2529,cut3,2529,POPC,724,187.14865112304688,159.27108764648438,47.00226974487305
2529,cut3,2529,POPC,725,185.93441772460938,183.68470764160156,56.16230392456055
2529,cut3,2529,POPC,726,65.37638092041016,60.10573959350586,48.99786376953126
2529,cut3,2529,POPC,727,174.57107543945312,190.70501708984375,54.04579544067383
2529,cut3,2529,POPC,728,57.7408332824707,134.1334686279297,38.29086303710938
2529,cut3,2529,POPC,729,34.05119705200195,65.4459457397461,52.15842819213867
2529,cut3,2529,POPC,730,147.15148925781253,101.18009948730469,32.60328674316406
2529,cut3,2529,POPC,731,27.86220359802246,209.0627136230469,51.18468856811524
2529,cut3,2529,POPC,732,-0.34161823987960815,44.8651008605957,52.88129425048828
2529,cut3,2529,POPC,733,167.3870086669922,153.89389038085938,40.992916107177734
2529,cut3,2529,POPC,734,197.26998901367188,57.44402313232422,58.99993896484375
2529,cut3,2529,POPC,735,35.25613021850586,52.66047286987305,53.357994079589844
2529,cut3,2529,POPC,736,71.41356658935547,150.44976806640625,35.76245880126953
2529,cut3,2529,POPC,737,53.642574310302734,182.7125244140625,50.314910888671875
2529,cut3,2529,POPC,738,87.87577819824219,70.39091491699219,49.64075469970703
2529,cut3,2529,POPC,739,21.49579429626465,183.03240966796875,47.77432632446289
2529,cut3,2529,POPC,740,168.08363342285156,109.9252700805664,39.220455169677734
2529,cut3,2529,POPC,741,157.97119140625,143.52676391601562,38.89798355102539
2529,cut3,2529,POPC,742,103.1046142578125,34.714481353759766,50.163169860839844
2529,cut3,2529,POPC,743,1.6891120672225952,80.14508819580078,57.98346710205078
2529,cut3,2529,POPC,744,208.11167907714844,36.625030517578125,57.30931854248047
2529,cut3,2529,POPC,745,65.7977066040039,41.36344909667969,49.85231018066406
2529,cut3,2529,POPC,746,66.1887435913086,50.50849533081055,50.79288101196289
2529,cut3,2529,POPC,747,181.14772033691406,133.63571166992188,46.78160095214844
2529,cut3,2529,POPC,748,72.04986572265626,8.757335662841797,54.216407775878906
2529,cut3,2529,POPC,749,190.96279907226562,109.33174896240234,52.29399108886719
2529,cut3,2529,POPC,750,55.602787017822266,150.54037475585938,42.444664001464844
2529,cut3,2529,POPC,751,135.47987365722656,216.79248046875,60.390403747558594
2529,cut3,2529,POPC,752,138.30638122558594,139.37722778320312,34.407371520996094
2529,cut3,2529,POPC,753,68.22906494140625,156.71722412109375,38.13679885864258
2529,cut3,2529,POPC,754,90.34410095214844,17.482685089111328,51.4167366027832
2529,cut3,2529,POPC,755,181.3451232910156,58.642921447753906,55.23418045043945
2529,cut3,2529,POPC,756,52.751583099365234,49.225746154785156,47.37040328979492
2529,cut3,2529,POPC,757,82.06190490722656,11.04310417175293,56.22773361206055
2529,cut3,2529,POPC,758,179.74008178710938,80.54254150390625,55.33316421508789
2529,cut3,2529,POPC,759,58.004817962646484,4.411561965942383,52.251243591308594
2529,cut3,2529,POPC,760,56.67708206176758,177.19801330566406,42.90507125854492
2529,cut3,2529,POPC,761,128.7194366455078,22.62643814086914,60.10004806518555
2529,cut3,2529,POPC,762,110.81594848632812,55.299625396728516,49.42369842529297
2529,cut3,2529,POPC,763,75.4129638671875,82.70494079589844,51.032737731933594
2529,cut3,2529,POPC,764,82.70162200927734,63.608821868896484,45.34329605102539
2529,cut3,2529,POPC,765,124.31453704833984,50.38949966430664,42.26272964477539
2529,cut3,2529,POPC,766,79.46883392333984,24.976343154907227,53.37420654296875
2529,cut3,2529,POPC,767,178.4895477294922,66.4906234741211,53.450252532958984
2529,cut3,2529,POPC,768,61.79806137084961,199.4153289794922,48.111732482910156
2529,cut3,2529,POPC,769,14.097578048706055,200.38861083984375,49.51115417480469
2529,cut3,2529,POPC,770,104.05341339111328,73.33380126953125,42.77365493774414
2529,cut3,2529,POPC,771,99.38113403320312,197.1558074951172,47.07295227050781
2529,cut3,2529,POPC,772,8.753870010375977,27.760629653930664,51.6749382019043
2529,cut3,2529,POPC,773,145.29751586914062,155.60069274902344,31.27676773071289
2529,cut3,2529,POPC,774,204.72915649414062,30.70750617980957,55.87288284301758
2529,cut3,2529,POPC,775,0.5546725392341614,13.511354446411133,51.24982833862305
2529,cut3,2529,POPC,776,163.19735717773438,218.2606658935547,58.53927993774414
2529,cut3,2529,POPC,777,205.89537048339844,197.4536590576172,51.16193389892578
2529,cut3,2529,POPC,778,42.03349685668945,191.12265014648438,49.936004638671875
2529,cut3,2529,POPC,779,184.54400634765625,63.9788932800293,54.52947998046875
2529,cut3,2529,POPC,780,75.27556610107422,226.7241668701172,54.06086349487305
2529,cut3,2529,POPC,781,183.00177001953125,33.58034133911133,54.47016525268555
2529,cut3,2529,POPC,782,32.773475646972656,130.62478637695312,40.36458969116211
2529,cut3,2529,POPC,783,203.09909057617188,-0.10302884876728058,52.926246643066406
2529,cut3,2529,POPC,784,49.602230072021484,221.41070556640625,56.54535675048828
2529,cut3,2529,POPC,785,78.29857635498047,174.42904663085938,41.271175384521484
2529,cut3,2529,POPC,786,8.615903854370117,163.98614501953122,49.251319885253906
2529,cut3,2529,POPC,787,111.27052307128906,105.06697845458984,41.88675308227539
2529,cut3,2529,POPC,788,33.6332664489746,108.66267395019533,51.22536087036133
2529,cut3,2529,POPC,789,169.6893157958984,175.16188049316406,49.11428451538086
2529,cut3,2529,POPC,790,8.476831436157227,130.36636352539062,55.85276794433594
2529,cut3,2529,POPC,791,42.235233306884766,8.285673141479492,53.647621154785156
2529,cut3,2529,POPC,792,49.143497467041016,150.74395751953125,80.31317138671875
2529,cut3,2529,POPC,793,20.201417922973633,199.13006591796875,51.611263275146484
2529,cut3,2529,POPC,794,59.05508041381836,18.161523818969727,48.411441802978516
2529,cut3,2529,POPC,795,175.24082946777344,121.5712890625,48.91903305053711
2529,cut3,2529,POPC,796,178.6263885498047,87.03668212890625,55.750431060791016
2529,cut3,2529,POPC,797,62.32962417602539,159.9358367919922,42.529541015625
2529,cut3,2529,POPC,798,200.43101501464844,26.282644271850586,51.8795166015625
2529,cut3,2529,POPC,799,-1.2220722436904907,61.733821868896484,60.864784240722656
2529,cut3,2529,POPC,800,143.8549041748047,137.67567443847656,39.37379837036133
2529,cut3,2529,POPC,801,11.775569915771484,177.29745483398438,52.598323822021484
2529,cut3,2529,POPC,802,69.73932647705078,30.393835067749023,47.38954544067383
2529,cut3,2529,POPC,803,10.855909347534181,91.66826629638672,56.220458984375
2529,cut3,2529,POPC,804,64.80174255371094,185.691162109375,50.795318603515625
2529,cut3,2529,POPC,805,185.88075256347656,23.285669326782223,54.5748405456543
2529,cut3,2529,POPC,806,2.4583513736724854,218.27713012695312,53.55984115600586
2529,cut3,2529,POPC,807,92.08177947998047,45.917579650878906,50.193572998046875
2529,cut3,2529,POPC,808,133.9505615234375,11.791173934936523,56.736503601074226
2529,cut3,2529,POPC,809,68.25115966796875,197.33885192871094,47.85298538208008
2529,cut3,2529,POPC,810,77.61981964111328,215.8379364013672,48.380287170410156
2529,cut3,2529,POPC,811,42.967586517333984,198.0063934326172,53.2209587097168
2529,cut3,2529,POPC,812,84.62483215332031,46.72539138793945,50.12145233154297
2529,cut3,2529,POPC,813,204.36599731445312,218.15428161621094,54.360443115234375
2529,cut3,2529,POPC,814,74.39024353027344,192.634765625,44.4253044128418
2529,cut3,2529,POPC,815,171.28599548339844,8.571165084838867,62.36522674560547
2529,cut3,2529,POPC,816,211.33990478515625,89.55494689941406,61.204254150390625
2529,cut3,2529,POPC,817,17.796388626098633,57.25408935546875,55.00159454345703
2529,cut3,2529,POPC,818,37.85529327392578,58.66747283935547,49.027740478515625
2529,cut3,2529,POPC,819,193.61013793945312,220.06396484375,54.72323989868164
2529,cut3,2529,POPC,820,87.52249908447266,56.49420166015625,53.22651290893555
2529,cut3,2529,POPC,821,8.42354965209961,46.30220031738281,47.92472457885742
2529,cut3,2529,POPC,822,115.92984008789062,6.780331611633301,53.44525909423828
2529,cut3,2529,POPC,823,160.3474884033203,168.6389617919922,40.75508117675781
2529,cut3,2529,POPC,824,6.448732852935791,80.63569641113281,55.54447937011719
2529,cut3,2529,POPC,825,121.7442398071289,80.57638549804688,34.58932495117187
2529,cut3,2529,POPC,826,33.00811004638672,194.8717803955078,51.39345932006836
2529,cut3,2529,POPC,827,67.80355834960938,206.0800018310547,48.827449798583984
2529,cut3,2529,POPC,828,54.45964431762695,192.77000427246094,49.463191986083984
2529,cut3,2529,POPC,829,52.73318099975586,128.9049835205078,41.283607482910156
2529,cut3,2529,POPC,830,190.4884796142578,144.86856079101562,48.03693389892578
2529,cut3,2529,POPC,831,44.70442199707032,82.77132415771484,51.437416076660156
2529,cut3,2529,POPC,832,43.24537658691406,73.70064544677734,51.383033752441406
2529,cut3,2529,POPC,833,25.879453659057617,79.11447143554688,51.80857849121094
2529,cut3,2529,POPC,834,8.986726760864258,146.9013214111328,48.9644660949707
2529,cut3,2529,POPC,835,13.497516632080078,157.88027954101562,48.74849319458008
2529,cut3,2529,POPC,836,52.59370803833008,164.2201385498047,45.25465774536133
2529,cut3,2529,POPC,837,183.76158142089844,174.57589721679688,48.31330108642578
2529,cut3,2529,POPC,838,184.99293518066406,145.41717529296875,49.366249084472656
2529,cut3,2529,POPC,839,75.10260009765625,133.60923767089844,39.88519287109375
2529,cut3,2529,POPC,840,60.86867904663086,145.80050659179688,35.808250427246094
2529,cut3,2529,POPC,841,95.41780090332031,204.06101989746094,48.25689697265625
2529,cut3,2529,POPC,842,114.70155334472656,28.3818302154541,50.58277893066406
2529,cut3,2529,POPC,843,107.09843444824219,19.55506134033203,52.766448974609375
2529,cut3,2529,POPC,844,147.7076416015625,120.07005310058594,35.678653717041016
2529,cut3,2529,POPC,845,52.45383071899414,142.89028930664062,40.69434356689453
2529,cut3,2529,POPC,846,22.26041984558106,28.600732803344727,52.89830017089844
2529,cut3,2529,POPC,847,99.78327178955078,96.3398666381836,39.257076263427734
2529,cut3,2529,POPC,848,57.4355583190918,201.61581420898438,51.63119125366211
2529,cut3,2529,POPC,849,172.63771057128906,29.341096878051758,61.57251739501953
2529,cut3,2529,POPC,850,73.84133911132812,37.64618682861328,49.76314163208008
2529,cut3,2529,POPC,851,115.97126770019531,12.979135513305664,53.62173843383789
2529,cut3,2529,POPC,852,197.15699768066406,79.89328002929688,57.614707946777344
2529,cut3,2529,POPC,853,15.32114028930664,75.00518798828125,51.92277145385742
2529,cut3,2529,POPC,854,10.264190673828125,220.72178649902344,54.81817626953125
2529,cut3,2529,POPC,855,122.3189468383789,23.739774703979492,57.24835968017578
2529,cut3,2529,POPC,856,175.44650268554688,98.32292938232422,48.64784622192383
2529,cut3,2529,POPC,857,170.73851013183594,148.56344604492188,44.99945068359375
2529,cut3,2529,POPC,858,119.97779083251953,223.8496856689453,56.7841911315918
2529,cut3,2529,POPC,859,39.24379348754883,38.46089553833008,52.62895584106445
2529,cut3,2529,POPC,860,29.616098403930664,218.67237854003906,53.870689392089844
2529,cut3,2529,POPC,861,198.6116943359375,121.85576629638672,52.8396110534668
2529,cut3,2529,POPC,862,187.8751983642578,52.2194938659668,57.22728729248047
2529,cut3,2529,POPC,863,92.62281799316406,184.69410705566406,43.75741958618164
2529,cut3,2529,POPC,864,107.13265991210938,79.7862777709961,38.000572204589844
2529,cut3,2529,POPC,865,107.60151672363281,34.655208587646484,45.43363952636719
2529,cut3,2529,POPC,866,206.319091796875,156.91073608398438,49.19131851196289
2529,cut3,2529,POPC,867,2.375215768814087,175.5467529296875,45.67998123168946
2529,cut3,2529,POPC,868,39.08583450317383,214.5701141357422,53.168399810791016
2529,cut3,2529,POPC,869,143.67601013183594,147.40353393554688,33.892818450927734
2529,cut3,2529,POPC,870,10.935089111328123,185.9286346435547,52.963584899902344
2529,cut3,2529,POPC,871,45.576847076416016,40.970821380615234,48.44139480590821
2529,cut3,2529,POPC,872,59.4192008972168,213.9319610595703,51.889869689941406
2529,cut3,2529,POPC,873,57.76993942260742,30.657320022583008,50.20573806762695
2529,cut3,2529,POPC,874,58.84652328491211,24.250452041625977,47.53532791137695
2529,cut3,2529,POPC,875,124.52300262451172,15.617584228515625,55.45676040649414
2529,cut3,2529,POPC,876,58.29375076293945,187.25633239746094,49.785606384277344
2529,cut3,2529,POPC,877,189.7012481689453,0.9507588744163513,55.35417556762695
2529,cut3,2529,POPC,878,173.35597229003906,93.07818603515625,52.75641632080078
2529,cut3,2529,POPC,879,85.72999572753906,26.46387481689453,55.478675842285156
2529,cut3,2529,POPC,880,133.34701538085938,88.15611267089844,36.660762786865234
2529,cut3,2529,POPC,881,54.84183883666992,55.834503173828125,45.987586975097656
2529,cut3,2529,POPC,882,191.669189453125,75.50437164306639,57.54767990112305
2529,cut3,2529,POPC,883,172.69757080078125,210.19415283203125,61.198890686035156
2529,cut3,2529,POPC,884,187.56797790527344,82.93595123291016,60.585899353027344
2529,cut3,2529,POPC,885,35.05342102050781,10.142611503601074,52.59811782836914
2529,cut3,2529,POPC,886,37.02185821533203,164.3759307861328,41.44882583618164
2529,cut3,2529,POPC,887,72.12026977539062,212.9467315673828,49.2774658203125
2529,cut3,2529,POPC,888,-3.5985124111175537,52.686763763427734,57.01747512817383
2529,cut3,2529,POPC,889,115.21578216552734,124.74158477783203,36.66872024536133
2529,cut3,2529,POPC,890,14.4556884765625,133.34988403320312,46.88591003417969
2529,cut3,2529,POPC,891,3.9184019565582275,34.90517044067383,53.82493209838867
2529,cut3,2529,POPC,892,204.5479278564453,93.08953094482422,52.8692741394043
2529,cut3,2529,POPC,893,173.8221893310547,171.59730529785156,44.733036041259766
2529,cut3,2529,POPC,894,49.238529205322266,175.71400451660156,47.41559982299805
2529,cut3,2529,POPC,895,57.21367263793945,171.27090454101562,41.90616989135742
2529,cut3,2529,POPC,896,194.71177673339844,207.25552368164062,54.2457389831543
2529,cut3,2529,POPC,897,75.10810852050781,59.035518646240234,46.21774673461914
2529,cut3,2529,POPC,898,57.8144645690918,128.7919464111328,34.5966911315918
2529,cut3,2529,POPC,899,185.71470642089844,70.9544677734375,59.522132873535156
2529,cut3,2529,POPC,900,2.0534403324127197,5.231874465942383,53.518131256103516
2529,cut3,2529,POPC,901,8.775362014770506,8.768858909606934,49.72181701660156
2529,cut3,2529,POPC,902,71.29120635986328,72.32830810546875,49.568763732910156
2529,cut3,2529,POPC,903,110.44864654541016,207.4040069580078,49.21897506713867
2529,cut3,2529,POPC,904,52.78815841674805,147.71910095214844,46.676612854003906
2529,cut3,2529,POPC,905,36.39657974243164,188.09896850585938,50.56075668334961
2529,cut3,2529,POPC,906,205.67636108398438,79.53495025634766,56.5113525390625
2529,cut3,2529,POPC,907,25.56639289855957,23.531051635742188,49.020782470703125
2529,cut3,2529,POPC,908,194.9037628173828,64.43913269042969,59.40337371826172
2529,cut3,2529,POPC,909,54.724491119384766,117.7400131225586,38.11739730834961
2529,cut3,2529,POPC,910,113.55384063720703,59.69002914428711,45.63626098632812
2529,cut3,2529,POPC,911,105.77615356445312,215.8820037841797,51.55707931518555
2529,cut3,2529,POPC,912,195.16412353515625,103.39161682128908,54.18204116821289
2529,cut3,2529,POPC,913,46.5923957824707,50.98680877685547,47.58625030517578
2529,cut3,2529,POPC,914,129.28404235839844,38.23137283325195,49.86216354370117
2529,cut3,2529,POPC,915,43.56607437133789,140.92884826660156,40.612178802490234
2529,cut3,2529,POPC,916,78.19190216064453,7.030117034912109,53.68332290649414
2529,cut3,2529,POPC,917,162.8245086669922,111.92554473876953,36.64516830444336
2529,cut3,2529,POPC,918,6.564995288848877,197.43348693847656,48.65925216674805
2529,cut3,2529,POPC,919,29.832406997680664,170.67179870605466,45.44013595581055
2529,cut3,2529,POPC,920,52.34025955200195,155.9703826904297,45.77921676635742
2529,cut3,2529,POPC,921,60.99606704711914,53.27546691894531,51.407955169677734
2529,cut3,2529,POPC,922,175.50057983398438,43.91658020019531,60.398590087890625
2529,cut3,2529,POPC,923,172.3219451904297,104.43925476074219,47.903949737548835
2529,cut3,2529,POPC,924,167.33935546875,97.1086654663086,50.55739212036133
2529,cut3,2529,POPC,925,50.001651763916016,17.186079025268555,48.249000549316406
2529,cut3,2529,POPC,926,14.366085052490234,7.929196357727051,52.39441680908203
2529,cut3,2529,POPC,927,104.7420425415039,12.385639190673828,53.318580627441406
2529,cut3,2529,POPC,928,27.029367446899414,129.8290557861328,44.47745895385742
2529,cut3,2529,POPC,929,77.30632781982422,73.39261627197266,52.98048782348633
2529,cut3,2529,POPC,930,84.78213500976562,18.13673973083496,53.26693344116211
2529,cut3,2529,POPC,931,189.45143127441406,59.06772232055664,59.196006774902344
2529,cut3,2529,POPC,932,203.5479736328125,85.47228240966797,60.265586853027344
2529,cut3,2529,POPC,933,199.7118682861328,45.1959342956543,57.43842697143555
2529,cut3,2529,POPC,934,60.7186164855957,13.239437103271484,51.28365707397461
2529,cut3,2529,POPC,935,202.93936157226562,50.912254333496094,57.219627380371094
2529,cut3,2529,POPC,936,116.86490631103516,53.51979446411133,46.14486312866211
2529,cut3,2529,POPC,937,181.21005249023438,223.51153564453125,58.91240692138672
2529,cut3,2529,POPC,938,86.1496810913086,118.22883605957031,43.00069808959961
2529,cut3,2529,POPC,939,95.82183074951172,6.05169677734375,51.480712890625
2529,cut3,2529,POPC,940,200.33465576171875,12.854593276977539,53.433956146240234
2529,cut3,2529,POPC,941,197.96726989746097,53.73025131225586,55.8673095703125
2529,cut3,2529,POPC,942,105.51605224609375,194.5470733642578,51.18999099731445
2529,cut3,2529,POPC,943,168.17529296875,90.1865234375,52.64797592163086
2529,cut3,2529,POPC,944,174.38658142089844,127.04739379882812,48.62165069580078
2529,cut3,2529,POPC,945,22.315385818481445,10.26057243347168,51.361473083496094
2529,cut3,2529,POPC,946,199.29728698730466,201.27479553222656,52.205894470214844
2529,cut3,2529,POPC,947,-0.44787949323654175,185.0994873046875,52.831024169921875
2529,cut3,2529,POPC,948,126.14708709716797,75.67607116699219,33.3540153503418
2529,cut3,2529,POPC,949,62.05073165893555,105.67916107177734,40.04216384887695
2529,cut3,2529,POPC,950,80.20068359375,38.455509185791016,51.03731918334961
2529,cut3,2529,POPC,951,19.115781784057617,188.8717498779297,51.525997161865234
2529,cut3,2529,POPC,952,175.22813415527344,6.980391502380371,56.8415412902832
2529,cut3,2529,POPC,953,18.8951358795166,21.782791137695312,50.3399772644043
2529,cut3,2529,POPC,954,21.985864639282227,167.3014678955078,45.481971740722656
2529,cut3,2529,POPC,955,81.90239715576172,126.53681182861328,36.53129959106445
2529,cut3,2529,POPC,956,181.59434509277344,44.84265518188477,54.62916946411133
2529,cut3,2529,POPC,957,190.45004272460938,124.61000061035156,47.27880096435547
2529,cut3,2529,POPC,958,183.62953186035156,90.66035461425781,57.908748626708984
2529,cut3,2529,POPC,959,65.3818359375,80.06764221191406,48.17606735229492
2529,cut3,2529,POPC,960,38.11674880981445,205.6659698486328,54.31721115112305
2529,cut3,2529,POPC,961,92.97427368164062,197.27786254882812,45.02433013916016
2529,cut3,2529,POPC,962,147.47935485839844,13.806116104125977,60.2494125366211
2529,cut3,2529,POPC,963,27.327592849731445,72.15160369873047,53.18268966674805
2529,cut3,2529,POPC,964,43.05317306518555,156.89346313476562,46.36793518066406
2529,cut3,2529,POPC,965,153.97119140625,128.02589416503906,36.7913932800293
2529,cut3,2529,POPC,966,203.6632537841797,133.65328979492188,46.952606201171875
2529,cut3,2529,POPC,967,132.54307556152344,47.43685531616211,40.62016296386719
2529,cut3,2529,POPC,968,21.336538314819336,139.0048828125,42.213218688964844
2529,cut3,2529,POPC,969,106.07717895507812,93.52810668945312,38.944488525390625
2529,cut3,2529,POPC,970,56.69905471801758,44.14394760131836,47.77300262451172
2529,cut3,2529,POPC,971,132.73544311523438,152.32081604003906,33.84861755371094
2529,cut3,2529,POPC,972,3.0752336978912354,26.348312377929688,54.94979476928712
2529,cut3,2529,POPC,973,101.58231353759766,113.93594360351562,45.472721099853516
2529,cut3,2529,POPC,974,165.0247039794922,143.55715942382812,39.970733642578125
2529,cut3,2529,POPC,975,28.75203514099121,3.777141571044922,53.13581466674805
2529,cut3,2529,POPC,976,189.14208984375,153.47247314453125,48.873207092285156
2529,cut3,2529,POPC,977,129.963134765625,5.255275726318359,59.02384185791016
2529,cut3,2529,POPC,978,198.75550842285156,195.08958435058594,53.94807815551758
2529,cut3,2529,POPC,979,96.82488250732422,19.966394424438477,50.32887268066406
2529,cut3,2529,POPC,980,205.8564910888672,65.0837173461914,58.404666900634766
2529,cut3,2529,POPC,981,209.5821533203125,169.67225646972656,46.104042053222656
2529,cut3,2529,POPC,982,63.61555099487305,6.618511199951172,52.41438674926758
2529,cut3,2529,POPC,983,27.504304885864258,139.66412353515625,41.17033004760742
2529,cut3,2529,POPC,984,52.522167205810554,104.35316467285156,47.36038589477539
2529,cut3,2529,POPC,985,168.90719604492188,116.01069641113281,41.3492317199707
2529,cut3,2529,POPC,986,19.11374855041504,173.96661376953125,49.6815185546875
2529,cut3,2529,POPC,987,147.718994140625,88.51457977294922,40.16751480102539
2529,cut3,2529,POPC,988,184.87954711914062,129.48434448242188,48.123008728027344
2529,cut3,2529,POPC,989,173.9243927001953,78.30394744873047,52.20384216308594
2529,cut3,2529,POPC,990,168.7937469482422,73.65296936035156,53.124839782714844
2529,cut3,2529,POPC,991,190.93975830078125,41.1444091796875,56.75217056274414
2529,cut3,2529,POPC,992,31.686941146850586,13.723217010498047,49.75690460205078
2529,cut3,2529,POPC,993,115.97631072998047,216.22488403320312,53.87997817993164
2529,cut3,2529,POPC,994,179.3709259033203,141.80780029296875,49.54783248901367
2529,cut3,2529,POPC,995,148.9744873046875,19.887866973876957,61.78857421875
2529,cut3,2529,POPC,996,110.37549591064453,221.3890838623047,52.82484817504883
2529,cut3,2529,POPC,997,180.69874572753906,50.20055389404297,58.04419708251953
2529,cut3,2529,POPC,998,209.7152557373047,27.695196151733402,54.80472946166992
2529,cut3,2529,POPC,999,114.85035705566406,74.85352325439453,38.162086486816406
2529,cut3,2529,POPC,1000,80.84300231933594,206.46278381347656,49.83819580078125
2529,cut3,2529,POPC,1001,203.82882690429688,166.19622802734375,45.21345901489258
2529,cut3,2529,POPC,1002,140.58021545410156,224.54757690429688,60.507591247558594
2529,cut3,2529,POPC,1003,194.54754638671875,6.749422073364258,54.66887664794922
2529,cut3,2529,POPC,1004,181.59893798828125,38.795623779296875,56.8043327331543
2529,cut3,2529,POPC,1005,200.2882843017578,185.0068817138672,51.900306701660156
2529,cut3,2529,POPC,1006,181.57447814941406,215.94400024414062,55.532413482666016
2529,cut3,2529,POPC,1007,216.4444122314453,156.9794921875,50.40074920654297
2529,cut3,2529,POPC,1008,82.4873275756836,31.715791702270508,53.281375885009766
2529,cut3,2529,POPC,1009,21.818471908569336,160.8317413330078,47.16426086425781
2529,cut3,2529,POPC,1010,80.66541290283203,83.0335464477539,49.1743049621582
2529,cut3,2529,POPC,1011,95.2575912475586,216.3860626220703,54.73515319824219
2529,cut3,2529,POPC,1012,33.472450256347656,76.59014892578125,53.078609466552734
2529,cut3,2529,POPC,1013,74.91509246826172,156.95016479492188,36.126644134521484
2529,cut3,2529,POPC,1014,156.05287170410156,215.86184692382812,60.075340270996094
2529,cut3,2529,POPC,1015,127.24446105957031,133.2317657470703,36.17522430419922
2529,cut3,2529,POPC,1016,183.32846069335938,154.9512176513672,44.34516906738281
2529,cut3,2529,POPC,1017,197.72445678710938,97.3182373046875,54.01097106933594
2529,cut3,2529,POPC,1018,195.7124481201172,86.0375747680664,60.07918930053711
2529,cut3,2529,POPC,1019,39.779884338378906,182.65992736816406,50.714637756347656
2529,cut3,2529,POPC,1020,180.34971618652344,114.9863052368164,50.278289794921875
2529,cut3,2529,POPC,1021,8.279825210571289,135.9749298095703,48.575035095214844
2529,cut3,2529,POPC,1022,17.717992782592773,70.28448486328125,55.704280853271484
2529,cut3,2529,POPC,1023,169.24122619628906,215.208984375,58.77778625488281
2529,cut3,2529,POPC,1024,27.30902671813965,55.15216827392578,54.589168548583984
2529,cut3,2529,POPC,1025,199.71739196777344,113.58615112304688,51.192848205566406
2529,cut3,2529,POPC,1026,42.173255920410156,175.17987060546875,47.84601974487305
2529,cut3,2529,POPC,1027,124.29248046875,214.63206481933594,59.28626251220703
2529,cut3,2529,POPC,1028,99.09578704833984,56.82112503051758,47.54531478881836
2529,cut3,2529,POPC,1029,77.9142837524414,179.29637145996094,44.08708572387695
2529,cut3,2529,POPC,1030,194.9918975830078,70.03787994384766,57.71331024169922
2529,cut3,2529,POPC,1031,63.38448715209961,166.9942626953125,45.88955307006836
2529,cut3,2529,POPC,1032,141.72959899902344,35.79912567138672,50.220458984375
2529,cut3,2529,POPC,1033,102.21744537353516,87.91378021240234,41.07244110107422
2529,cut3,2529,POPC,1034,57.053890228271484,68.31226348876953,49.99674606323242
2529,cut3,2529,POPC,1035,150.17420959472656,107.1899185180664,33.19549560546875
2529,cut3,2529,POPC,1036,127.28461456298828,55.94389343261719,39.99729537963867
2529,cut3,2529,POPC,1037,83.20896911621094,183.0560150146484,44.836631774902344
2529,cut3,2529,POPC,1038,101.96151733398438,210.3094024658203,54.01459503173828
2529,cut3,2529,POPC,1039,184.59201049804688,190.296875,53.450443267822266
2529,cut3,2529,POPC,1040,176.84677124023438,162.26937866210938,46.749088287353516
2529,cut3,2529,POPC,1041,94.33836364746094,57.953895568847656,51.3974494934082
2529,cut3,2529,POPC,1042,202.83042907714844,177.3517303466797,48.59654235839844
2529,cut3,2529,POPC,1043,1.904302954673767,52.42367935180664,54.27775573730469
2529,cut3,2529,POPC,1044,90.5287094116211,29.875925064086914,52.42841720581055
2529,cut3,2529,POPC,1045,70.09349060058594,130.15731811523438,37.10847091674805
2529,cut3,2529,POPC,1046,188.85755920410156,200.60504150390625,53.45261764526367
2529,cut3,2529,POPC,1047,50.22750473022461,62.63603591918945,47.28948211669922
2529,cut3,2529,POPC,1048,175.8895263671875,139.3448028564453,45.564273834228516
2529,cut3,2529,POPC,1049,152.9313201904297,153.94540405273438,35.41829299926758
2529,cut3,2529,POPC,1050,38.17806625366211,30.924097061157227,52.00292205810547
2529,cut3,2529,POPC,1051,70.5942611694336,188.5861053466797,46.52338409423828
2529,cut3,2529,POPC,1052,10.15264892578125,19.931947708129883,49.91273880004883
2529,cut3,2529,POPC,1053,113.5392074584961,157.40650939941406,33.82045364379883
2529,cut3,2529,POPC,1054,210.28025817871094,69.58763885498047,59.564056396484375
2529,cut3,2529,POPC,1055,62.31077194213867,67.98270416259766,49.070335388183594
2529,cut3,2529,POPC,1056,129.7500762939453,218.59104919433594,57.0602912902832
2529,cut3,2529,POPC,1057,148.41819763183594,113.27323913574219,34.20124435424805
2529,cut3,2529,POPC,1058,181.63717651367188,123.19017791748047,47.47726821899414
2529,cut3,2529,POPC,1059,99.94683837890625,13.974435806274414,51.80653762817383
2529,cut3,2529,POPC,1060,117.73025512695312,33.39326477050781,51.11090850830078
2529,cut3,2529,POPC,1061,32.57181167602539,208.37948608398438,54.219207763671875
2529,cut3,2529,POPC,1062,202.39849853515625,208.54275512695312,52.39448547363281
2529,cut3,2529,POPC,1063,204.80372619628906,16.641515731811523,52.37071228027344
2529,cut3,2529,POPC,1064,92.54469299316406,77.666259765625,46.885616302490234
2529,cut3,2529,POPC,1065,32.296836853027344,28.16827964782715,51.649234771728516
2529,cut3,2529,POPC,1066,71.10993957519531,181.07443237304688,45.100276947021484
2529,cut3,2529,POPC,1067,10.008064270019531,212.09849548339844,54.48233413696289
2529,cut3,2529,POPC,1068,123.55573272705078,162.3281707763672,37.686180114746094
2529,cut3,2529,POPC,1069,180.3995819091797,72.10655975341797,53.12791061401367
2529,cut3,2529,POPC,1070,41.38335418701172,14.437345504760742,47.40652847290039
2529,cut3,2529,POPC,1071,209.09642028808594,211.0248565673828,51.096988677978516
2529,cut3,2529,POPC,1072,70.6865463256836,166.0592041015625,40.65792465209961
2529,cut3,2529,POPC,1073,38.014434814453125,87.31378173828125,54.46352767944336
2529,cut3,2529,POPC,1074,35.000389099121094,174.0583953857422,45.89944076538086
2529,cut3,2529,POPC,1075,162.05178833007812,2.752521514892578,57.340553283691406
2529,cut3,2529,POPC,1076,28.43257713317871,162.46588134765625,46.01665115356445
2529,cut3,2529,POPC,1077,195.54721069335938,17.28528594970703,53.951053619384766
2529,cut3,2529,POPC,1078,49.20957565307617,199.5675048828125,51.177127838134766
2529,cut3,2529,POPC,1079,184.70635986328125,204.5884246826172,54.22964096069336
2529,cut3,2529,POPC,1080,31.59178352355957,200.3096466064453,55.0732421875
2529,cut3,2529,POPC,1081,208.99838256835938,223.71546936035156,53.96057891845703
2529,cut3,2529,POPC,1082,172.0704345703125,137.22442626953125,40.45132064819336
2529,cut3,2529,POPC,1083,103.76459503173828,58.722225189208984,46.12297821044922
2529,cut3,2529,POPC,1084,100.9393310546875,50.601009368896484,47.478668212890625
2529,cut3,2529,POPC,1085,152.91558837890625,141.20436096191406,39.18073272705078
2529,cut3,2529,POPC,1086,124.02091979980469,5.078884124755859,53.43242263793945
2529,cut3,2529,POPC,1087,58.90199661254883,111.19071960449219,38.19970703125
2529,cut3,2529,POPC,1088,127.38367462158203,156.76185607910156,36.2452507019043
2529,cut3,2529,POPC,1089,25.70548439025879,67.66014099121094,56.03436279296875
2529,cut3,2529,POPC,1090,14.660507202148438,48.60525894165039,53.26858901977539
2529,cut3,2529,POPC,1091,113.30907440185545,145.94041442871094,33.20405960083008
2529,cut3,2529,POPC,1092,190.08331298828125,32.21595001220703,55.335556030273445
2529,cut3,2529,POPC,1093,94.85785675048828,68.57177734375,52.3978157043457
2529,cut3,2529,POPC,1094,70.15328216552734,19.741928100585938,50.11741256713867
2529,cut3,2529,POPC,1095,27.443269729614258,148.14804077148438,41.61634826660156
2529,cut3,2529,POPC,1096,176.40159606933594,207.57247924804688,58.313941955566406
2529,cut3,2529,POPC,1097,17.998628616333008,41.787906646728516,51.38925552368164
2529,cut3,2529,POPC,1098,158.49978637695312,134.74105834960938,36.8524055480957
2529,cut3,2529,POPC,1099,28.465063095092773,60.877384185791016,54.316162109375
2529,cut3,2529,POPC,1100,25.9334659576416,84.48243713378906,54.07475280761719
2529,cut3,2529,POPC,1101,81.7086410522461,146.60867309570312,34.2899169921875
2529,cut3,2529,POPC,1102,113.88141632080078,21.06089973449707,54.51308059692383
2529,cut3,2529,POPC,1103,188.57508850097656,93.94332885742188,55.61334228515625
2529,cut3,2529,POPC,1104,73.40808868408203,16.388324737548828,53.50725555419922
2529,cut3,2529,POPC,1105,94.66180419921875,119.65953826904297,48.63062286376953
2529,cut3,2529,POPC,1106,-5.718745708465576,46.72595977783203,53.58039855957031
2529,cut3,2529,POPC,1107,73.32748413085938,66.3311767578125,48.465126037597656
2529,cut3,2529,POPC,1108,174.22756958007812,113.76014709472656,47.55601119995117
2529,cut3,2529,SAPI,1109,142.42074584960938,9.608716964721681,58.56802749633789
2529,cut3,2529,SAPI,1110,71.1137466430664,140.32496643066406,33.975032806396484
2529,cut3,2529,SAPI,1111,126.1053237915039,28.953676223754883,59.33574676513672
2529,cut3,2529,SAPI,1112,176.6082000732422,32.86839294433594,57.18859100341797
2529,cut3,2529,SAPI,1113,41.10270309448242,131.3738250732422,40.61449050903321
2529,cut3,2529,SAPI,1114,205.82879638671875,188.869384765625,48.37189483642578
2529,cut3,2529,SAPI,1115,200.89019775390625,142.97137451171875,54.357784271240234
2529,cut3,2529,SAPI,1116,132.61634826660156,137.16665649414062,30.9937744140625
2529,cut3,2529,SAPI,1117,41.78575134277343,150.54830932617188,42.90313720703125
2529,cut3,2529,SAPI,1118,102.6700439453125,182.1871795654297,41.55620193481445
2529,cut3,2529,SAPI,1119,105.79979705810547,41.456966400146484,48.50802230834961
2529,cut3,2529,SAPI,1120,166.100341796875,19.025341033935547,61.91571044921875
2529,cut3,2529,SAPI,1121,137.32244873046875,119.338623046875,36.23416519165039
2529,cut3,2529,SAPI,1122,182.99374389648438,4.540341377258301,56.95363998413086
2529,cut3,2529,SAPI,1123,166.48353576660156,80.46400451660156,51.97442626953125
2529,cut3,2529,SAPI,1124,79.06060791015625,49.64000701904297,49.95466613769531
2529,cut3,2529,SAPI,1125,168.57676696777344,182.5507354736328,50.787109375
2529,cut3,2529,SAPI,1126,83.31571197509766,78.16706085205078,48.519325256347656
2529,cut3,2529,SAPI,1127,159.50830078125,157.20924377441406,34.297794342041016
2529,cut3,2529,SAPI,1128,9.352445602416992,86.23180389404297,52.02748107910156
2529,cut3,2529,SAPI,1129,139.60235595703125,112.43990325927734,33.99205780029297
2529,cut3,2529,SAPI,1130,161.07061767578125,91.18994140625,46.66276550292969
2529,cut3,2529,SAPI,1131,3.890754938125611,90.36514282226562,57.55956268310547
2529,cut3,2529,SAPI,1132,-0.7937037348747253,157.26295471191406,46.7127571105957
2529,cut3,2529,SAPI,1133,28.283388137817383,18.02921485900879,46.624568939208984
2529,cut3,2529,SAPI,1134,174.48814392089844,49.83992385864258,57.848751068115234
2529,cut3,2529,SAPI,1135,102.863525390625,174.04959106445312,36.775115966796875
2529,cut3,2529,SAPI,1136,128.6789093017578,211.9525604248047,55.23876953125
2529,cut3,2529,SAPI,1137,121.51191711425781,148.0674285888672,31.871639251708984
2529,cut3,2529,SAPI,1138,159.47833251953125,14.245922088623047,62.21295928955078
2529,cut3,2529,SAPI,1139,100.74445343017578,79.49339294433595,44.15528869628906
2529,cut3,2529,SAPI,1140,96.42648315429688,224.586669921875,50.117164611816406
2529,cut3,2529,SAPI,1141,197.23472595214844,173.0275115966797,48.29245376586914
2529,cut3,2529,SAPI,1142,86.87902069091797,203.2123260498047,46.65696334838867
2529,cut3,2529,SAPI,1143,150.8534698486328,221.40736389160156,56.539817810058594
2529,cut3,2529,SAPI,1144,136.5613555908203,130.01734924316406,35.415122985839844
2529,cut3,2529,SAPI,1145,65.3465805053711,119.00516510009766,34.33245086669922
