,System,Frame,Resname,Resnum,X,Y,Z
1399,cut3,1399,POPC,0,207.5956268310547,171.95803833007812,85.24201202392578
1399,cut3,1399,POPC,1,20.086442947387695,155.36636352539062,88.39192962646484
1399,cut3,1399,POPC,2,183.0327911376953,45.9749641418457,96.00335693359375
1399,cut3,1399,POPC,3,194.1799774169922,146.02972412109375,87.79175567626953
1399,cut3,1399,POPC,4,206.21495056152344,164.56173706054688,83.23204803466797
1399,cut3,1399,POPC,5,158.17124938964844,156.15029907226562,75.31893157958984
1399,cut3,1399,POPC,6,149.71826171875,171.42352294921875,75.75492095947266
1399,cut3,1399,POPC,7,-0.1541757881641388,61.53177261352539,92.23912811279297
1399,cut3,1399,POPC,8,207.32272338867188,21.76021385192871,94.39035034179688
1399,cut3,1399,POPC,9,198.3270721435547,160.5469207763672,83.19673156738281
1399,cut3,1399,POPC,10,17.43650245666504,131.220458984375,82.88069152832031
1399,cut3,1399,POPC,11,187.88542175292966,106.03638458251953,92.68942260742188
1399,cut3,1399,POPC,12,72.28581237792969,147.0210418701172,76.2254867553711
1399,cut3,1399,POPC,13,191.77740478515625,200.59707641601562,91.87272644042969
1399,cut3,1399,POPC,14,148.4118194580078,150.8941650390625,70.82010650634766
1399,cut3,1399,POPC,15,165.27740478515625,188.37088012695312,83.46562957763672
1399,cut3,1399,POPC,16,34.53606414794922,135.55088806152344,81.41475677490234
1399,cut3,1399,POPC,17,112.90560913085938,93.17493438720703,72.73867797851562
1399,cut3,1399,POPC,18,68.09722900390625,190.5977783203125,89.92811584472656
1399,cut3,1399,POPC,19,119.45854187011719,-1.5686203241348267,93.0954818725586
1399,cut3,1399,POPC,20,167.99224853515625,155.62612915039062,86.10091400146484
1399,cut3,1399,POPC,21,132.3992156982422,131.005859375,73.2452163696289
1399,cut3,1399,POPC,22,152.42437744140625,214.31480407714844,93.88935089111328
1399,cut3,1399,POPC,23,135.11106872558594,68.74842834472656,76.66460418701172
1399,cut3,1399,POPC,24,92.62896728515625,210.09140014648438,90.65065002441406
1399,cut3,1399,POPC,25,105.72267150878906,85.49066162109375,77.43309020996094
1399,cut3,1399,POPC,26,190.8361358642578,172.46478271484375,87.32941436767578
1399,cut3,1399,POPC,27,76.3081283569336,167.13308715820312,86.63977813720703
1399,cut3,1399,POPC,28,107.47235107421875,30.66663360595703,87.00776672363281
1399,cut3,1399,POPC,29,119.01394653320312,26.448474884033203,96.49370574951172
1399,cut3,1399,POPC,30,60.6673469543457,211.18154907226562,86.5651626586914
1399,cut3,1399,POPC,31,160.4471435546875,145.21482849121094,80.22968292236328
1399,cut3,1399,POPC,32,86.23970031738281,200.203369140625,90.35900115966797
1399,cut3,1399,POPC,33,95.23399353027344,51.08481979370117,93.99579620361328
1399,cut3,1399,POPC,34,158.98318481445312,93.98284912109375,83.55957794189453
1399,cut3,1399,POPC,35,109.71253967285156,63.62241744995117,75.97572326660156
1399,cut3,1399,POPC,36,183.83206176757812,3.17681622505188,96.38370513916016
1399,cut3,1399,POPC,37,64.9639663696289,19.11988639831543,90.78099060058594
1399,cut3,1399,POPC,38,66.1557846069336,83.8476791381836,85.96492767333984
1399,cut3,1399,POPC,39,166.21340942382812,168.81309509277344,81.8512191772461
1399,cut3,1399,POPC,40,101.09345245361328,63.1889533996582,77.02641296386719
1399,cut3,1399,POPC,41,77.19671630859375,97.63580322265625,81.00498962402344
1399,cut3,1399,POPC,42,21.472965240478516,74.388916015625,84.12330627441406
1399,cut3,1399,POPC,43,81.0918960571289,84.14641571044922,78.61189270019531
1399,cut3,1399,POPC,44,108.06577301025389,212.91810607910156,96.16337585449219
1399,cut3,1399,POPC,45,80.6241455078125,66.68301391601562,86.58522033691406
1399,cut3,1399,POPC,46,124.3740463256836,9.934737205505371,95.33390045166016
1399,cut3,1399,POPC,47,67.90704345703125,41.20993423461914,91.34127044677734
1399,cut3,1399,POPC,48,182.45135498046875,126.3856201171875,86.60826873779297
1399,cut3,1399,POPC,49,31.10263442993164,179.42308044433594,88.17162322998047
1399,cut3,1399,POPC,50,53.6627311706543,49.51813507080078,92.08104705810547
1399,cut3,1399,POPC,51,94.58761596679688,80.83999633789062,78.50962829589844
1399,cut3,1399,POPC,52,32.6173210144043,129.36056518554688,78.08946228027344
1399,cut3,1399,POPC,53,95.03926849365234,174.75416564941406,85.89850616455078
1399,cut3,1399,POPC,54,185.47720336914062,156.968994140625,84.31800842285156
1399,cut3,1399,POPC,55,125.66124725341797,70.52308654785156,73.07363891601562
1399,cut3,1399,POPC,56,208.1316680908203,51.11577606201172,94.91519927978516
1399,cut3,1399,POPC,57,139.97169494628906,184.07098388671875,77.46211242675781
1399,cut3,1399,POPC,58,195.22897338867188,177.44338989257812,86.81008911132812
1399,cut3,1399,POPC,59,112.08428192138672,27.93917465209961,89.9266357421875
1399,cut3,1399,POPC,60,36.34845733642578,160.2377471923828,86.17186737060547
1399,cut3,1399,POPC,61,170.51437377929688,117.8276596069336,90.30442810058594
1399,cut3,1399,POPC,62,14.683225631713867,19.301334381103516,94.06182861328125
1399,cut3,1399,POPC,63,78.6120376586914,160.6114044189453,80.95136260986328
1399,cut3,1399,POPC,64,180.9647979736328,98.94425201416016,88.78397369384766
1399,cut3,1399,POPC,65,107.70618438720703,118.60243225097656,78.08189392089844
1399,cut3,1399,POPC,66,208.6103973388672,44.25526428222656,96.5667953491211
1399,cut3,1399,POPC,67,48.20663833618164,191.03956604003906,89.46220397949219
1399,cut3,1399,POPC,68,87.19891357421875,26.76642608642578,88.4169692993164
1399,cut3,1399,POPC,69,19.81216049194336,220.83563232421875,90.33543395996094
1399,cut3,1399,POPC,70,47.7006950378418,35.800270080566406,91.25775146484375
1399,cut3,1399,POPC,71,130.8733673095703,178.65472412109375,40.32632064819336
1399,cut3,1399,POPC,72,13.414791107177734,77.91024780273438,87.31758117675781
1399,cut3,1399,POPC,73,134.7078857421875,123.08598327636719,72.5001220703125
1399,cut3,1399,POPC,74,167.2512664794922,19.320453643798828,100.98136138916016
1399,cut3,1399,POPC,75,29.33153533935547,145.09613037109375,84.04132080078125
1399,cut3,1399,POPC,76,5.693836688995361,180.4293212890625,93.61320495605469
1399,cut3,1399,POPC,77,131.1805419921875,155.7280731201172,69.30181121826172
1399,cut3,1399,POPC,78,178.49720764160156,9.451434135437012,63.86992645263672
1399,cut3,1399,POPC,79,116.58043670654297,31.81491470336914,83.65601348876953
1399,cut3,1399,POPC,80,100.35457611083984,7.41945219039917,91.57198333740234
1399,cut3,1399,POPC,81,15.172525405883789,-2.6801950931549072,93.4521484375
1399,cut3,1399,POPC,82,93.38074493408203,61.055294036865234,87.21293640136719
1399,cut3,1399,POPC,83,4.1202616691589355,156.58055114746094,85.62410736083984
1399,cut3,1399,POPC,84,80.46967315673828,152.06935119628906,77.0772476196289
1399,cut3,1399,POPC,85,134.47442626953125,48.194637298583984,86.62247467041016
1399,cut3,1399,POPC,86,33.439022064208984,207.03782653808594,94.50067901611328
1399,cut3,1399,POPC,87,67.86289978027344,26.502269744873047,90.14832305908203
1399,cut3,1399,POPC,88,8.830238342285156,16.570011138916016,91.87159729003906
1399,cut3,1399,POPC,89,146.93191528320312,135.62637329101562,78.60420227050781
1399,cut3,1399,POPC,90,56.25566101074219,4.004624843597412,89.88312530517578
1399,cut3,1399,POPC,91,110.02278137207031,200.63406372070312,90.11405181884766
1399,cut3,1399,POPC,92,157.07888793945312,125.94947814941406,80.00044250488281
1399,cut3,1399,POPC,93,28.90076446533203,37.86074447631836,93.79828643798828
1399,cut3,1399,POPC,94,193.13444519042966,22.050888061523438,96.22844696044922
1399,cut3,1399,POPC,95,136.8826904296875,155.85305786132812,70.63130950927734
1399,cut3,1399,POPC,96,184.6924285888672,137.2176055908203,90.74472045898438
1399,cut3,1399,POPC,97,107.97442626953125,107.27589416503906,44.36003112792969
1399,cut3,1399,POPC,98,214.55416870117185,77.4859619140625,94.06222534179688
1399,cut3,1399,POPC,99,81.97489929199219,144.1867218017578,77.5661392211914
1399,cut3,1399,POPC,100,210.40293884277344,25.30392837524414,93.08175659179688
1399,cut3,1399,POPC,101,74.70912170410156,123.19754791259766,73.9139633178711
1399,cut3,1399,POPC,102,178.0108184814453,145.1395721435547,86.65711212158203
1399,cut3,1399,POPC,103,86.88612365722656,74.2303466796875,82.88975524902344
1399,cut3,1399,POPC,104,26.98052215576172,19.710369110107422,94.70367431640625
1399,cut3,1399,POPC,105,30.082073211669922,199.51452636718747,96.7605209350586
1399,cut3,1399,POPC,106,128.53480529785156,45.350975036621094,81.93830871582031
1399,cut3,1399,POPC,107,114.65589141845703,54.17403793334961,79.5776138305664
1399,cut3,1399,POPC,108,164.81893920898438,219.533935546875,99.40351867675781
1399,cut3,1399,POPC,109,204.15277099609375,149.7801513671875,88.8479232788086
1399,cut3,1399,POPC,110,118.72402954101562,6.841109752655029,94.05594635009766
1399,cut3,1399,POPC,111,99.44381713867188,28.772411346435547,88.27959442138673
1399,cut3,1399,POPC,112,73.46855926513672,227.5633087158203,87.36947631835938
1399,cut3,1399,POPC,113,177.86451721191406,48.796016693115234,94.74717712402344
1399,cut3,1399,POPC,114,91.20989227294922,10.435790061950684,91.72420501708984
1399,cut3,1399,POPC,115,197.49317932128906,200.96246337890625,90.92133331298828
1399,cut3,1399,POPC,116,185.21484375,84.89864349365234,91.89710998535156
1399,cut3,1399,POPC,117,134.80538940429688,34.575653076171875,84.44279479980469
1399,cut3,1399,POPC,118,45.40741729736328,143.55555725097656,80.79022216796875
1399,cut3,1399,POPC,119,84.41999053955078,22.971336364746094,91.87071228027344
1399,cut3,1399,POPC,120,29.83572769165039,8.912053108215332,88.24165344238281
1399,cut3,1399,POPC,121,158.18106079101562,120.11070251464844,84.2286605834961
1399,cut3,1399,POPC,122,120.7938232421875,145.670166015625,69.42616271972656
1399,cut3,1399,POPC,123,9.939647674560547,220.78909301757815,90.98306274414062
1399,cut3,1399,POPC,124,45.74475860595703,166.38809204101562,88.3200912475586
1399,cut3,1399,POPC,125,83.27299499511719,9.031264305114746,88.54412841796875
1399,cut3,1399,POPC,126,181.6488494873047,164.48968505859372,85.15462493896484
1399,cut3,1399,POPC,127,79.10533905029297,199.86854553222656,88.71697998046875
1399,cut3,1399,POPC,128,33.02449035644531,205.73570251464844,52.42298126220703
1399,cut3,1399,POPC,129,102.81008911132812,125.0854721069336,46.60600280761719
1399,cut3,1399,POPC,130,62.99844741821289,199.19793701171875,86.90792083740234
1399,cut3,1399,POPC,131,181.76390075683594,120.75588989257812,86.18250274658203
1399,cut3,1399,POPC,132,204.31520080566406,123.89566040039062,92.31734466552734
1399,cut3,1399,POPC,133,198.32101440429688,88.8584976196289,94.90584564208984
1399,cut3,1399,POPC,134,100.02693176269531,163.20477294921875,77.34992980957031
1399,cut3,1399,POPC,135,100.2396469116211,101.84094238281251,84.40972137451172
1399,cut3,1399,POPC,136,191.88768005371094,158.1204833984375,82.47212982177734
1399,cut3,1399,POPC,137,64.59354400634766,184.19189453125,90.98545837402344
1399,cut3,1399,POPC,138,44.0283317565918,79.35621643066406,89.3260498046875
1399,cut3,1399,POPC,139,65.46862030029297,166.43080139160156,86.79175567626953
1399,cut3,1399,POPC,140,118.6277084350586,163.80908203125,69.61955261230469
1399,cut3,1399,POPC,141,159.43106079101562,132.58187866210938,86.4221420288086
1399,cut3,1399,POPC,142,173.81581115722656,60.78738784790039,95.12355041503906
1399,cut3,1399,POPC,143,137.11367797851562,6.8829827308654785,95.33663940429688
1399,cut3,1399,POPC,144,139.00399780273438,104.80362701416016,77.5867919921875
1399,cut3,1399,POPC,145,168.14356994628906,50.12520980834961,91.47364807128905
1399,cut3,1399,POPC,146,61.05463790893555,25.79058074951172,91.94071197509766
1399,cut3,1399,POPC,147,5.030751705169678,9.259926795959473,92.88219451904297
1399,cut3,1399,POPC,148,36.80791091918945,51.88724136352539,92.25289154052734
1399,cut3,1399,POPC,149,17.840198516845703,197.82936096191406,93.06446838378906
1399,cut3,1399,POPC,150,15.131843566894531,158.41917419433594,85.4360580444336
1399,cut3,1399,POPC,151,127.27229309082031,148.43646240234375,67.62064361572266
1399,cut3,1399,POPC,152,56.428749084472656,187.58494567871094,88.87403106689452
1399,cut3,1399,POPC,153,150.28427124023438,126.70750427246094,80.78556823730469
1399,cut3,1399,POPC,154,70.09416961669922,33.081146240234375,87.46563720703125
1399,cut3,1399,POPC,155,78.83277130126953,184.1221160888672,89.86441802978516
1399,cut3,1399,POPC,156,73.9148941040039,141.09422302246094,78.24079132080078
1399,cut3,1399,POPC,157,37.81367874145508,220.03567504882812,90.88938903808594
1399,cut3,1399,POPC,158,188.70843505859375,183.70126342773438,87.60611724853516
1399,cut3,1399,POPC,159,14.480646133422852,61.75358200073242,92.63552856445312
1399,cut3,1399,POPC,160,43.26945495605469,112.18504333496094,76.3962631225586
1399,cut3,1399,POPC,161,94.15034484863281,183.34019470214844,89.69709014892578
1399,cut3,1399,POPC,162,108.87763977050781,22.907590866088867,95.29217529296875
1399,cut3,1399,POPC,163,37.166648864746094,21.614294052124023,93.78522491455078
1399,cut3,1399,POPC,164,33.01340103149414,119.54163360595703,78.9995346069336
1399,cut3,1399,POPC,165,90.48857116699219,204.64212036132812,89.9276123046875
1399,cut3,1399,POPC,166,27.1861572265625,78.26757049560547,85.09368133544922
1399,cut3,1399,POPC,167,149.17098999023438,104.45928955078125,79.16536712646484
1399,cut3,1399,POPC,168,211.41787719726562,70.17911529541016,93.82701110839844
1399,cut3,1399,POPC,169,204.0145721435547,15.975506782531738,95.55838775634766
1399,cut3,1399,POPC,170,124.14994812011719,78.84071350097656,74.0956039428711
1399,cut3,1399,POPC,171,50.26241683959961,85.7791519165039,89.15148162841797
1399,cut3,1399,POPC,172,161.60459899902344,13.41702938079834,98.2730484008789
1399,cut3,1399,POPC,173,27.56911849975586,130.3871307373047,79.3690414428711
1399,cut3,1399,POPC,174,113.65740966796875,37.1959342956543,83.44699096679688
1399,cut3,1399,POPC,175,190.24374389648438,81.00190734863281,91.81802368164061
1399,cut3,1399,POPC,176,48.551700592041016,16.865755081176758,92.99853515625
1399,cut3,1399,POPC,177,93.43807220458984,29.074996948242188,87.3726577758789
1399,cut3,1399,POPC,178,108.39743041992188,123.48772430419922,75.48065185546875
1399,cut3,1399,POPC,179,83.53878021240234,32.92913818359375,88.75955200195312
1399,cut3,1399,POPC,180,65.75982666015625,52.1370735168457,87.55614471435547
1399,cut3,1399,POPC,181,110.65216827392578,187.058349609375,82.18286895751953
1399,cut3,1399,POPC,182,177.4420928955078,214.3369598388672,96.67001342773438
1399,cut3,1399,POPC,183,124.43936920166016,93.62053680419922,70.5576400756836
1399,cut3,1399,POPC,184,2.966315746307373,51.585636138916016,55.311710357666016
1399,cut3,1399,POPC,185,208.78233337402347,197.6747283935547,92.91435241699219
1399,cut3,1399,POPC,186,102.44320678710938,223.36669921875,89.93451690673827
1399,cut3,1399,POPC,187,158.1202850341797,222.59375,95.01781463623047
1399,cut3,1399,POPC,188,200.88467407226562,23.953533172607422,94.19670104980469
1399,cut3,1399,POPC,189,46.597835540771484,74.36504364013672,89.64620208740234
1399,cut3,1399,POPC,190,197.85792541503906,101.44173431396484,93.32056427001953
1399,cut3,1399,POPC,191,80.88363647460938,18.345117568969727,91.19294738769531
1399,cut3,1399,POPC,192,189.59640502929688,140.7579345703125,88.86864471435547
1399,cut3,1399,POPC,193,56.242530822753906,170.89129638671875,89.1149673461914
1399,cut3,1399,POPC,194,129.13250732421875,75.06476593017578,69.63176727294922
1399,cut3,1399,POPC,195,180.67417907714844,183.6978302001953,50.98374557495117
1399,cut3,1399,POPC,196,37.26118469238281,45.178077697753906,93.91915893554688
1399,cut3,1399,POPC,197,165.8643341064453,149.0185546875,84.08848571777344
1399,cut3,1399,POPC,198,3.704256534576416,84.68165588378906,95.37718200683594
1399,cut3,1399,POPC,199,13.103202819824219,53.493839263916016,92.47385406494142
1399,cut3,1399,POPC,200,6.025796413421631,60.476619720458984,93.75688934326172
1399,cut3,1399,POPC,201,202.65480041503906,41.832706451416016,99.4366226196289
1399,cut3,1399,POPC,202,196.99923706054688,194.32569885253906,91.74522399902344
1399,cut3,1399,POPC,203,121.13685607910156,189.07078552246094,76.39527130126953
1399,cut3,1399,POPC,204,205.8701629638672,217.93572998046875,93.22386169433594
1399,cut3,1399,POPC,205,56.96634292602539,157.55865478515625,85.07020568847656
1399,cut3,1399,POPC,206,203.12203979492188,92.57382202148438,93.0225830078125
1399,cut3,1399,POPC,207,4.970365047454834,211.65248107910156,95.00990295410156
1399,cut3,1399,POPC,208,188.60556030273438,30.753067016601562,98.30508422851562
1399,cut3,1399,POPC,209,59.89150619506836,146.5806884765625,79.7939453125
1399,cut3,1399,POPC,210,60.48678207397461,34.219608306884766,93.08792114257812
1399,cut3,1399,POPC,211,44.14754867553711,134.9039306640625,81.92976379394531
1399,cut3,1399,POPC,212,154.92172241210938,141.68824768066406,77.53964233398438
1399,cut3,1399,POPC,213,174.2139892578125,128.97149658203125,86.97752380371094
1399,cut3,1399,POPC,214,47.653564453125,66.60602569580078,89.49041748046875
1399,cut3,1399,POPC,215,88.46831512451172,3.525818109512329,92.821044921875
1399,cut3,1399,POPC,216,25.17050552368164,4.559877872467041,94.56454467773438
1399,cut3,1399,POPC,217,35.49889373779297,61.065059661865234,90.9635009765625
1399,cut3,1399,POPC,218,98.00798034667969,107.62342071533203,86.91366577148438
1399,cut3,1399,POPC,219,3.0533318519592285,49.52086639404297,94.23109436035156
1399,cut3,1399,POPC,220,144.75209045410156,155.86782836914062,67.86506652832031
1399,cut3,1399,POPC,221,16.07796859741211,179.14248657226562,88.54105377197266
1399,cut3,1399,POPC,222,8.634342193603516,143.4988250732422,83.67167663574219
1399,cut3,1399,POPC,223,103.99442291259766,12.740504264831543,93.04981994628906
1399,cut3,1399,POPC,224,126.34941101074219,138.127685546875,70.99005889892578
1399,cut3,1399,POPC,225,162.36378479003906,180.13580322265625,85.01870727539062
1399,cut3,1399,POPC,226,156.2834014892578,171.73011779785156,42.84266662597656
1399,cut3,1399,POPC,227,137.4872283935547,162.184326171875,70.26016235351562
1399,cut3,1399,POPC,228,97.37792205810547,199.60414123535156,89.81373596191406
1399,cut3,1399,POPC,229,206.61080932617188,177.29995727539062,88.20310974121094
1399,cut3,1399,POPC,230,87.4598159790039,90.95925903320312,77.32754516601562
1399,cut3,1399,POPC,231,113.2646484375,130.98257446289062,71.26445007324219
1399,cut3,1399,POPC,232,134.0966339111328,2.9290592670440674,92.23300170898438
1399,cut3,1399,POPC,233,8.047696113586426,202.61314392089844,98.529052734375
1399,cut3,1399,POPC,234,2.167349338531494,176.857177734375,88.45670318603516
1399,cut3,1399,POPC,235,78.1034927368164,173.43106079101562,88.85152435302734
1399,cut3,1399,POPC,236,159.46148681640625,76.60978698730469,87.37352752685547
1399,cut3,1399,POPC,237,142.6319580078125,56.47347640991211,78.88298034667969
1399,cut3,1399,POPC,238,97.65961456298828,189.67723083496094,89.42997741699219
1399,cut3,1399,POPC,239,25.726051330566406,25.785926818847656,95.42084503173828
1399,cut3,1399,POPC,240,131.23121643066406,81.61113739013672,69.693359375
1399,cut3,1399,POPC,241,92.17942810058594,67.58126068115234,46.276920318603516
1399,cut3,1399,POPC,242,28.607234954833984,208.77349853515625,89.81425476074217
1399,cut3,1399,POPC,243,79.55323791503906,36.7279052734375,87.44600677490234
1399,cut3,1399,POPC,244,186.39901733398438,51.607872009277344,97.97494506835936
1399,cut3,1399,POPC,245,144.28271484375,40.81049728393555,88.1866226196289
1399,cut3,1399,POPC,246,167.45816040039062,79.2795639038086,89.56670379638672
1399,cut3,1399,POPC,247,163.2675018310547,102.10281372070312,82.02787780761719
1399,cut3,1399,POPC,248,106.48453521728516,4.516005992889404,91.0778579711914
1399,cut3,1399,POPC,249,31.185035705566406,151.35955810546875,87.53424072265625
1399,cut3,1399,POPC,250,171.0689697265625,181.14019775390625,85.2725830078125
1399,cut3,1399,POPC,251,38.94943618774414,170.0379180908203,88.98756408691406
1399,cut3,1399,POPC,252,147.45858764648438,53.849483489990234,80.2711410522461
1399,cut3,1399,POPC,253,204.65895080566406,69.08850860595703,93.22799682617188
1399,cut3,1399,POPC,254,58.339359283447266,88.11346435546875,85.99346923828125
1399,cut3,1399,POPC,255,195.3468475341797,60.612300872802734,91.81840515136719
1399,cut3,1399,POPC,256,88.66023254394531,48.199546813964844,90.93267059326172
1399,cut3,1399,POPC,257,167.27442932128906,98.28081512451172,85.39869689941406
1399,cut3,1399,POPC,258,138.8049774169922,136.59519958496094,74.28829956054688
1399,cut3,1399,POPC,259,102.38761138916016,58.91452407836914,83.29023742675781
1399,cut3,1399,POPC,260,157.8102569580078,162.8531951904297,76.03568267822266
1399,cut3,1399,POPC,261,131.40383911132812,141.5968475341797,68.90583801269531
1399,cut3,1399,POPC,262,175.04856872558597,8.624735832214355,100.09184265136719
1399,cut3,1399,POPC,263,47.63391876220703,120.2442398071289,75.26166534423828
1399,cut3,1399,POPC,264,54.136680603027344,116.35355377197266,74.91942596435547
1399,cut3,1399,POPC,265,49.76105880737305,183.81942749023438,89.19012451171875
1399,cut3,1399,POPC,266,144.96617126464844,61.49114608764648,77.42321014404297
1399,cut3,1399,POPC,267,172.0837860107422,139.56417846679688,88.10600280761719
1399,cut3,1399,POPC,268,184.62770080566406,129.10595703125,46.79216003417969
1399,cut3,1399,POPC,269,117.54667663574219,68.99859619140625,73.4955825805664
1399,cut3,1399,POPC,270,132.586669921875,53.90943145751953,80.71104431152344
1399,cut3,1399,POPC,271,75.6583023071289,194.0771942138672,90.0643539428711
1399,cut3,1399,POPC,272,8.465851783752441,171.0650634765625,83.9382095336914
1399,cut3,1399,POPC,273,117.32035064697266,74.73907470703125,76.92617797851562
1399,cut3,1399,POPC,274,140.20867919921875,171.9615936279297,71.39252471923828
1399,cut3,1399,POPC,275,77.4631118774414,43.656028747558594,87.15882110595703
1399,cut3,1399,POPC,276,203.7490234375,-1.5555225610733032,94.65715026855469
1399,cut3,1399,POPC,277,134.02676391601562,171.7706756591797,68.48615264892578
1399,cut3,1399,POPC,278,23.62109375,43.03498458862305,92.59203338623047
1399,cut3,1399,POPC,279,116.85958099365234,135.62005615234372,72.17656707763672
1399,cut3,1399,POPC,280,82.59076690673828,122.48870086669922,70.87452697753906
1399,cut3,1399,POPC,281,202.47447204589844,10.540425300598145,96.11791229248047
1399,cut3,1399,POPC,282,198.55804443359375,35.00283432006836,98.60496520996094
1399,cut3,1399,POPC,283,71.69387817382812,163.71636962890625,81.44636535644531
1399,cut3,1399,POPC,284,41.49449157714844,209.27069091796875,92.53987884521484
1399,cut3,1399,POPC,285,39.9564094543457,38.90517807006835,93.14171600341797
1399,cut3,1399,POPC,286,89.96992492675781,35.29657745361328,88.81454467773438
1399,cut3,1399,POPC,287,161.26988220214847,5.688992023468018,99.35374450683594
1399,cut3,1399,POPC,288,198.97848510742188,51.81138610839844,93.34957885742188
1399,cut3,1399,POPC,289,150.51333618164062,64.7348861694336,36.634151458740234
1399,cut3,1399,POPC,290,83.453369140625,46.60616683959961,87.69911193847656
1399,cut3,1399,POPC,291,44.96132278442383,51.21343994140625,92.57653045654297
1399,cut3,1399,POPC,292,198.90975952148438,181.63002014160156,90.531005859375
1399,cut3,1399,POPC,293,192.9593963623047,56.545284271240234,95.2459487915039
1399,cut3,1399,POPC,294,43.48830795288086,12.998988151550293,90.85472106933594
1399,cut3,1399,POPC,295,105.48666381835938,39.6541862487793,86.78141784667969
1399,cut3,1399,POPC,296,78.6585464477539,78.78117370605469,81.09173583984375
1399,cut3,1399,POPC,297,25.862754821777344,183.91998291015625,88.44393920898438
1399,cut3,1399,POPC,298,65.4059829711914,219.37225341796875,88.0687484741211
1399,cut3,1399,POPC,299,2.064786434173584,216.38748168945312,92.45175170898438
1399,cut3,1399,POPC,300,52.9193115234375,73.6723403930664,90.43206787109375
1399,cut3,1399,POPC,301,100.81275177001953,21.206552505493164,90.67449188232422
1399,cut3,1399,POPC,302,117.0097885131836,18.299945831298828,96.07859802246094
1399,cut3,1399,POPC,303,39.57320785522461,197.61907958984375,94.57967376708984
1399,cut3,1399,POPC,304,168.46900939941406,8.572291374206543,102.91703796386719
1399,cut3,1399,POPC,305,25.83191680908203,53.720497131347656,92.7148666381836
1399,cut3,1399,POPC,306,194.01348876953125,120.70822143554688,91.128173828125
1399,cut3,1399,POPC,307,180.9746551513672,61.95418930053711,95.9571762084961
1399,cut3,1399,POPC,308,19.856252670288086,173.35890197753906,86.79346466064453
1399,cut3,1399,POPC,309,8.960773468017578,196.6947784423828,96.19347381591797
1399,cut3,1399,POPC,310,199.63088989257812,206.22674560546875,91.44300842285156
1399,cut3,1399,POPC,311,100.3893814086914,216.87461853027344,89.19215393066406
1399,cut3,1399,POPC,312,126.090576171875,226.41854858398438,94.31185913085938
1399,cut3,1399,POPC,313,83.68423461914062,132.44210815429688,76.18525695800781
1399,cut3,1399,POPC,314,61.93789291381837,59.95332717895508,86.60689544677734
1399,cut3,1399,POPC,315,66.03407287597656,118.69352722167969,72.01567840576172
1399,cut3,1399,POPC,316,104.63362121582031,94.83013916015625,78.42243194580078
1399,cut3,1399,POPC,317,206.4777374267578,57.019535064697266,93.23467254638672
1399,cut3,1399,POPC,318,108.83353424072266,194.15878295898438,84.77764892578125
1399,cut3,1399,POPC,319,54.925086975097656,93.68724060058594,85.46781158447266
1399,cut3,1399,POPC,320,12.751766204833984,190.82467651367188,92.24403381347656
1399,cut3,1399,POPC,321,186.9398651123047,217.33702087402344,97.22772216796875
1399,cut3,1399,POPC,322,41.99824905395508,187.41790771484375,90.07877349853516
1399,cut3,1399,POPC,323,28.858497619628906,221.21304321289062,90.54322052001953
1399,cut3,1399,POPC,324,174.8009490966797,204.5295867919922,93.33020782470703
1399,cut3,1399,POPC,325,71.8220443725586,8.995562553405762,93.22953796386719
1399,cut3,1399,POPC,326,23.240751266479492,122.61746215820312,80.12812805175781
1399,cut3,1399,POPC,327,179.1360626220703,184.70016479492188,86.80266571044922
1399,cut3,1399,POPC,328,173.1099395751953,67.00867462158203,96.83609008789062
1399,cut3,1399,POPC,329,75.91149139404295,14.050753593444824,93.54505157470703
1399,cut3,1399,POPC,330,6.75338888168335,23.591875076293945,92.93724822998047
1399,cut3,1399,POPC,331,206.8928985595703,33.423095703125,97.64515686035156
1399,cut3,1399,POPC,332,127.47324371337889,208.3455352783203,91.30806732177734
1399,cut3,1399,POPC,333,140.98196411132812,75.02247619628906,68.37984466552734
1399,cut3,1399,POPC,334,9.25387954711914,73.61739349365234,92.2192153930664
1399,cut3,1399,POPC,335,175.29835510253906,20.005952835083008,99.4350814819336
1399,cut3,1399,POPC,336,176.6097869873047,116.50215148925781,87.74063873291016
1399,cut3,1399,POPC,337,1.071021556854248,212.0118865966797,49.2251091003418
1399,cut3,1399,POPC,338,121.03411102294922,59.70663070678711,76.53641510009766
1399,cut3,1399,POPC,339,73.20868682861328,47.73197937011719,85.3503646850586
1399,cut3,1399,POPC,340,143.2257537841797,123.44194030761719,81.00426483154297
1399,cut3,1399,POPC,341,5.670030117034912,190.12559509277344,92.59581756591797
1399,cut3,1399,POPC,342,56.04032897949219,29.76401138305664,93.22483825683594
1399,cut3,1399,POPC,343,167.29396057128906,135.9642333984375,84.10089111328124
1399,cut3,1399,POPC,344,119.91608428955078,46.39127731323242,79.75646209716797
1399,cut3,1399,POPC,345,114.91340637207031,194.0943603515625,89.04520416259766
1399,cut3,1399,POPC,346,98.1904067993164,36.604923248291016,88.57965087890625
1399,cut3,1399,POPC,347,26.069000244140625,167.05206298828125,87.3838119506836
1399,cut3,1399,POPC,348,174.30482482910156,155.91531372070312,86.28703308105469
1399,cut3,1399,POPC,349,193.7895050048828,111.5934066772461,90.9363021850586
1399,cut3,1399,POPC,350,151.511962890625,157.75830078125,70.7066421508789
1399,cut3,1399,POPC,351,157.68667602539062,148.83421325683594,75.28755950927734
1399,cut3,1399,POPC,352,46.09778594970703,160.42391967773438,88.08290100097656
1399,cut3,1399,POPC,353,70.6587905883789,208.1433563232422,88.671630859375
1399,cut3,1399,POPC,354,131.6859893798828,117.66468048095703,72.45427703857422
1399,cut3,1399,POPC,355,56.07743453979492,105.62928009033203,71.35671997070312
1399,cut3,1399,POPC,356,135.71546936035156,77.96492767333984,65.70341491699219
1399,cut3,1399,POPC,357,186.11231994628906,144.9871063232422,89.30915832519531
1399,cut3,1399,POPC,358,14.162559509277344,215.2001190185547,93.8546142578125
1399,cut3,1399,POPC,359,169.40968322753906,28.124759674072266,99.33866882324219
1399,cut3,1399,POPC,360,185.48178100585938,76.0289306640625,91.11152648925781
1399,cut3,1399,POPC,361,64.2325210571289,173.2154083251953,90.83287048339844
1399,cut3,1399,POPC,362,200.3119659423828,167.27272033691406,84.5784912109375
1399,cut3,1399,POPC,363,20.210153579711914,22.653835296630856,94.6457748413086
1399,cut3,1399,POPC,364,13.33104133605957,69.40019226074219,89.47987365722656
1399,cut3,1399,POPC,365,14.2552490234375,4.896681308746338,93.0270767211914
1399,cut3,1399,POPC,366,95.89928436279297,41.800254821777344,89.83155822753906
1399,cut3,1399,POPC,367,117.39503479003906,97.26541900634766,69.59972381591797
1399,cut3,1399,POPC,368,198.75791931152344,155.45040893554688,85.97953033447264
1399,cut3,1399,POPC,369,28.17404556274414,46.14262771606445,92.09860229492188
1399,cut3,1399,POPC,370,192.50082397460938,74.1145706176758,94.1051025390625
1399,cut3,1399,POPC,371,178.98355102539062,170.25791931152344,84.52722930908203
1399,cut3,1399,POPC,372,21.961206436157227,57.18367385864258,91.75779724121094
1399,cut3,1399,POPC,373,15.54146957397461,122.82180786132812,82.40226745605469
1399,cut3,1399,POPC,374,173.67384338378906,122.95796966552734,86.95015716552734
1399,cut3,1399,POPC,375,125.4142608642578,65.48685455322266,73.9620819091797
1399,cut3,1399,POPC,376,19.02285385131836,49.654720306396484,92.90911865234375
1399,cut3,1399,POPC,377,96.97093963623047,123.85089874267578,76.19099426269531
1399,cut3,1399,POPC,378,194.5784454345703,29.820796966552734,98.9040756225586
1399,cut3,1399,POPC,379,154.72506713867188,20.756620407104492,89.73676300048828
1399,cut3,1399,POPC,380,189.65965270996094,209.0548553466797,97.21658325195312
1399,cut3,1399,POPC,381,44.61851501464844,174.5879669189453,89.01065063476562
1399,cut3,1399,POPC,382,26.49600601196289,158.54859924316406,86.89717102050781
1399,cut3,1399,POPC,383,101.23320770263672,54.99130630493164,91.21849822998047
1399,cut3,1399,POPC,384,156.31480407714844,129.52320861816406,38.053157806396484
1399,cut3,1399,POPC,385,53.48161697387695,126.00289916992188,76.53682708740234
1399,cut3,1399,POPC,386,212.09939575195312,17.016061782836914,93.81231689453125
1399,cut3,1399,POPC,387,119.66970825195312,140.028076171875,71.2376708984375
1399,cut3,1399,POPC,388,179.71575927734375,202.4051513671875,92.59706115722656
1399,cut3,1399,POPC,389,42.53569412231445,57.45723342895508,91.00556182861328
1399,cut3,1399,POPC,390,212.7559356689453,149.976318359375,84.90576171875
1399,cut3,1399,POPC,391,140.46095275878906,66.1086196899414,75.46351623535156
1399,cut3,1399,POPC,392,187.45912170410156,168.14486694335938,86.0201644897461
1399,cut3,1399,POPC,393,151.75502014160156,180.79153442382812,80.48092651367188
1399,cut3,1399,POPC,394,51.07207107543945,8.910531044006348,91.85074615478516
1399,cut3,1399,POPC,395,102.35285949707031,77.1664276123047,78.76356506347656
1399,cut3,1399,POPC,396,105.77947235107422,150.6320037841797,74.50802612304688
1399,cut3,1399,POPC,397,111.07935333251953,223.74964904785156,92.45205688476562
1399,cut3,1399,POPC,398,8.442968368530273,46.845069885253906,95.51229095458984
1399,cut3,1399,POPC,399,66.18407440185547,63.69706344604492,86.71841430664062
1399,cut3,1399,POPC,400,145.29551696777344,45.11212158203125,82.65335845947266
1399,cut3,1399,POPC,401,149.43743896484375,4.154848575592041,94.70479583740233
1399,cut3,1399,POPC,402,150.9343566894531,-1.9455338716506958,96.57498931884766
1399,cut3,1399,POPC,403,75.61195373535156,24.258907318115234,89.2948989868164
1399,cut3,1399,POPC,404,46.11050796508789,226.94366455078125,89.80284881591797
1399,cut3,1399,POPC,405,101.01042175292969,116.03545379638672,79.40345764160156
1399,cut3,1399,POPC,406,66.4202880859375,212.5694580078125,89.49812316894531
1399,cut3,1399,POPC,407,56.63142013549805,200.28173828125,88.1475601196289
1399,cut3,1399,POPC,408,58.48940658569335,14.768340110778809,91.4115219116211
1399,cut3,1399,POPC,409,91.15716552734375,67.26505279541016,86.41413879394531
1399,cut3,1399,POPC,410,23.146324157714844,148.73498535156247,84.4366683959961
1399,cut3,1399,POPC,411,131.11488342285156,8.078059196472168,95.38646697998047
1399,cut3,1399,POPC,412,149.17919921875003,118.21339416503906,81.89236450195312
1399,cut3,1399,POPC,413,114.28446960449219,156.13568115234375,67.5593490600586
1399,cut3,1399,POPC,414,51.02838897705078,214.31715393066406,90.44574737548828
1399,cut3,1399,POPC,415,88.49700164794922,84.305419921875,80.40000915527344
1399,cut3,1399,POPC,416,212.5112762451172,5.236618518829346,94.798828125
1399,cut3,1399,POPC,417,178.0972137451172,94.59258270263672,85.5731201171875
1399,cut3,1399,POPC,418,208.83213806152344,88.70100402832031,95.06826782226562
1399,cut3,1399,POPC,419,185.0535888671875,70.3900146484375,92.99675750732422
1399,cut3,1399,POPC,420,135.1920928955078,60.67447280883789,77.17383575439453
1399,cut3,1399,POPC,421,187.58824157714844,22.48223304748535,97.47534942626953
1399,cut3,1399,POPC,422,181.31964111328125,89.06332397460938,88.43455505371094
1399,cut3,1399,POPC,423,32.40220642089844,170.2875213623047,86.50981903076172
1399,cut3,1399,POPC,424,5.555627346038818,42.20473098754883,92.53583526611328
1399,cut3,1399,POPC,425,134.4818878173828,147.4517059326172,71.41941833496094
1399,cut3,1399,POPC,426,191.0233612060547,224.73544311523438,96.60641479492188
1399,cut3,1399,POPC,427,182.66525268554688,175.5933380126953,86.44190979003906
1399,cut3,1399,POPC,428,142.55426025390625,143.9309844970703,75.5247573852539
1399,cut3,1399,POPC,429,68.99665832519531,152.02899169921875,80.1246337890625
1399,cut3,1399,POPC,430,24.559463500976562,196.88504028320312,95.85826873779297
1399,cut3,1399,POPC,431,187.89903259277344,64.61602020263672,91.9326171875
1399,cut3,1399,POPC,432,139.25184631347653,222.72119140625,89.17628479003906
1399,cut3,1399,POPC,433,138.32186889648438,111.314453125,76.35989379882812
1399,cut3,1399,POPC,434,42.19626998901367,6.5781941413879395,90.97504425048828
1399,cut3,1399,POPC,435,158.24700927734375,105.04357910156249,77.44793701171875
1399,cut3,1399,POPC,436,98.57471466064453,156.7997283935547,76.75006103515625
1399,cut3,1399,POPC,437,128.09561157226562,124.56546783447266,73.2452392578125
1399,cut3,1399,POPC,438,72.90189361572266,89.08969116210938,84.16831970214844
1399,cut3,1399,POPC,439,36.93274688720703,152.06031799316406,83.25855255126953
1399,cut3,1399,POPC,440,60.545223236083984,79.69539642333984,89.6602783203125
1399,cut3,1399,POPC,441,26.458576202392578,84.46270751953125,89.0265884399414
1399,cut3,1399,POPC,442,166.5192413330078,70.34941864013672,93.3407974243164
1399,cut3,1399,POPC,443,77.0908432006836,58.69868087768555,86.83390045166016
1399,cut3,1399,POPC,444,71.18789672851562,79.63142395019531,85.06375122070312
1399,cut3,1399,POPC,445,87.05609130859375,182.38258361816406,88.58445739746094
1399,cut3,1399,POPC,446,100.71807098388672,207.0435791015625,90.85211944580078
1399,cut3,1399,POPC,447,180.52789306640625,15.945513725280762,97.98345184326172
1399,cut3,1399,POPC,448,89.23578643798828,217.75958251953125,91.55696868896484
1399,cut3,1399,POPC,449,67.9505386352539,47.689701080322266,50.873252868652344
1399,cut3,1399,POPC,450,18.817838668823242,67.09065246582031,88.03088378906249
1399,cut3,1399,POPC,451,114.60772705078125,43.216243743896484,84.96935272216797
1399,cut3,1399,POPC,452,18.559907913208008,223.8175811767578,56.76462173461914
1399,cut3,1399,POPC,453,27.157493591308594,215.03941345214844,88.96114349365234
1399,cut3,1399,POPC,454,43.81573486328125,148.28236389160156,83.081298828125
1399,cut3,1399,POPC,455,144.02685546875,174.55458068847656,74.68164825439453
1399,cut3,1399,POPC,456,175.12257385253906,101.57611083984375,86.22943115234375
1399,cut3,1399,POPC,457,59.216365814208984,53.73419952392578,90.3338623046875
1399,cut3,1399,POPC,458,62.54837417602539,137.95932006835938,79.33711242675781
1399,cut3,1399,POPC,459,175.16903686523438,73.32689666748047,94.82178497314453
1399,cut3,1399,POPC,460,167.2578125,57.30440139770508,96.98454284667969
1399,cut3,1399,POPC,461,67.15603637695312,71.70065307617188,88.92615509033203
1399,cut3,1399,POPC,462,46.04304885864258,24.155155181884766,90.5921630859375
1399,cut3,1399,POPC,463,28.83240509033203,189.10443115234375,92.14679718017578
1399,cut3,1399,POPC,464,196.3167724609375,213.3441619873047,93.13874053955078
1399,cut3,1399,POPC,465,66.13440704345703,131.81231689453125,77.99088287353516
1399,cut3,1399,POPC,466,5.146937847137451,224.70950317382812,91.99767303466797
1399,cut3,1399,POPC,467,22.116594314575195,139.10128784179688,86.38753509521484
1399,cut3,1399,POPC,468,89.41020202636719,187.35157775878906,92.18812561035156
1399,cut3,1399,POPC,469,46.67674255371094,129.700927734375,79.02149963378906
1399,cut3,1399,POPC,470,188.529541015625,130.36705017089844,92.95347595214844
1399,cut3,1399,POPC,471,180.4748992919922,23.01272964477539,98.34364318847656
1399,cut3,1399,POPC,472,92.41948699951172,168.84840393066406,85.30750274658203
1399,cut3,1399,POPC,473,71.71115112304688,66.59977722167969,88.41836547851562
1399,cut3,1399,POPC,474,16.12289047241211,149.95907592773438,85.73441314697266
1399,cut3,1399,POPC,475,153.1947021484375,134.23141479492188,78.40805053710938
1399,cut3,1399,POPC,476,139.07180786132812,50.905391693115234,82.39535522460938
1399,cut3,1399,POPC,477,28.023914337158203,115.68559265136719,79.86699676513672
1399,cut3,1399,POPC,478,137.39248657226562,131.3331298828125,77.67700958251953
1399,cut3,1399,POPC,479,160.21563720703125,166.8154754638672,79.8041000366211
1399,cut3,1399,POPC,480,180.96852111816406,110.95626068115236,87.68175506591797
1399,cut3,1399,POPC,481,13.202667236328125,31.265335083007812,92.06990051269531
1399,cut3,1399,POPC,482,66.6272201538086,145.55770874023438,79.54145050048828
1399,cut3,1399,POPC,483,61.02170181274414,153.75840759277344,81.55315399169922
1399,cut3,1399,POPC,484,46.577362060546875,90.63550567626953,86.24300384521484
1399,cut3,1399,POPC,485,38.11271286010742,129.99615478515625,80.36216735839844
1399,cut3,1399,POPC,486,156.53123474121094,15.409667015075684,95.4935302734375
1399,cut3,1399,POPC,487,81.27366638183594,166.42007446289062,81.45125579833984
1399,cut3,1399,POPC,488,57.45051193237305,165.89459228515625,87.17801666259766
1399,cut3,1399,POPC,489,88.02854919433594,164.98353576660156,80.9945068359375
1399,cut3,1399,POPC,490,157.2141876220703,111.11924743652344,81.54559326171875
1399,cut3,1399,POPC,491,159.46453857421875,187.30299377441406,80.73271942138672
1399,cut3,1399,POPC,492,126.83964538574219,41.442840576171875,43.971946716308594
1399,cut3,1399,POPC,493,28.531227111816406,73.58706665039062,87.93048858642578
1399,cut3,1399,POPC,494,10.388162612915039,9.840210914611816,89.08334350585938
1399,cut3,1399,POPC,495,129.65635681152344,168.5814971923828,72.19141387939453
1399,cut3,1399,POPC,496,131.03424072265625,29.85840606689453,90.263671875
1399,cut3,1399,POPC,497,103.39461517333984,201.54312133789062,87.77823638916016
1399,cut3,1399,POPC,498,118.45948791503906,199.87098693847656,91.69921875
1399,cut3,1399,POPC,499,46.833187103271484,221.04550170898438,87.70037841796875
1399,cut3,1399,POPC,500,109.91282653808594,54.475826263427734,84.35932922363281
1399,cut3,1399,POPC,501,55.266883850097656,134.34222412109375,77.33411407470703
1399,cut3,1399,POPC,502,182.70535278320312,151.1596221923828,87.0427017211914
1399,cut3,1399,POPC,503,112.73316192626953,68.54263305664062,77.8189926147461
1399,cut3,1399,POPC,504,3.4314475059509277,162.22744750976562,83.58313751220703
1399,cut3,1399,POPC,505,125.05345153808594,50.328887939453125,79.80957794189453
1399,cut3,1399,POPC,506,121.16364288330078,37.1473388671875,83.79701232910156
1399,cut3,1399,POPC,507,173.02890014648438,31.86636734008789,96.2557601928711
1399,cut3,1399,POPC,508,125.04564666748047,130.50277709960938,74.54008483886719
1399,cut3,1399,POPC,509,22.907625198364258,178.94796752929688,87.41584014892578
1399,cut3,1399,POPC,510,64.36739349365234,37.141841888427734,89.80136108398438
1399,cut3,1399,POPC,511,176.95066833496094,85.99736785888672,89.25654602050781
1399,cut3,1399,POPC,512,100.83934783935547,185.01426696777344,86.81050109863281
1399,cut3,1399,POPC,513,83.45516204833984,219.66244506835938,87.80059814453125
1399,cut3,1399,POPC,514,63.23764419555664,8.595355033874512,90.65680694580078
1399,cut3,1399,POPC,515,167.1097869873047,2.792311906814575,100.16991424560547
1399,cut3,1399,POPC,516,185.60873413085938,94.16361236572266,89.20540618896484
1399,cut3,1399,POPC,517,97.34891510009766,0.9734252691268921,91.25366973876953
1399,cut3,1399,POPC,518,194.8306121826172,13.141449928283691,100.00263214111328
1399,cut3,1399,POPC,519,5.706193447113037,30.995346069335938,91.89212036132812
1399,cut3,1399,POPC,520,111.64732360839844,87.52564239501953,74.66184997558594
1399,cut3,1399,POPC,521,33.37098693847656,15.048243522644043,91.48217010498047
1399,cut3,1399,POPC,522,197.8201904296875,219.9729766845703,94.46036529541016
1399,cut3,1399,POPC,523,194.77696228027344,185.17941284179688,93.2763900756836
1399,cut3,1399,POPC,524,16.219223022460938,184.46922302246094,89.67884826660156
1399,cut3,1399,POPC,525,168.99267578125,110.78114318847656,87.65873718261719
1399,cut3,1399,POPC,526,14.48591423034668,42.381683349609375,94.28905487060547
1399,cut3,1399,POPC,527,27.999691009521484,11.668862342834473,93.26615905761719
1399,cut3,1399,POPC,528,196.97784423828125,80.46993255615234,95.7452392578125
1399,cut3,1399,POPC,529,201.60859680175784,61.52531051635742,91.55281829833984
1399,cut3,1399,POPC,530,158.7096405029297,84.00022888183594,86.46088409423828
1399,cut3,1399,POPC,531,188.52322387695312,8.080483436584473,101.8017578125
1399,cut3,1399,POPC,532,129.367431640625,38.825584411621094,87.72612762451172
1399,cut3,1399,POPC,533,83.56311798095703,209.06130981445312,90.02288818359375
1399,cut3,1399,POPC,534,58.516841888427734,46.18406295776367,87.94161987304688
1399,cut3,1399,POPC,535,128.44886779785156,58.67526626586914,77.00650024414062
1399,cut3,1399,POPC,536,161.09622192382812,21.034854888916016,96.43452453613281
1399,cut3,1399,POPC,537,91.49738311767578,143.09983825683594,77.83726501464844
1399,cut3,1399,POPC,538,68.76470947265625,139.963623046875,81.59400177001953
1399,cut3,1399,POPC,539,93.69080352783203,72.22238159179688,83.01033020019531
1399,cut3,1399,POPC,540,56.621219635009766,63.8924446105957,91.14855194091797
1399,cut3,1399,POPC,541,108.5674819946289,80.31602478027344,78.83383178710938
1399,cut3,1399,POPC,542,158.42835998535156,212.00161743164062,94.6985092163086
1399,cut3,1399,POPC,543,34.76020050048828,30.30230712890625,95.87206268310547
1399,cut3,1399,POPC,544,106.73333740234375,100.80874633789062,78.22639465332031
1399,cut3,1399,POPC,545,210.5947113037109,182.36988830566406,91.4017105102539
1399,cut3,1399,POPC,546,204.90565490722656,193.42379760742188,94.30957794189453
1399,cut3,1399,POPC,547,84.07334899902344,97.03401947021484,78.19876098632812
1399,cut3,1399,POPC,548,52.74250030517578,176.908935546875,89.87583923339844
1399,cut3,1399,POPC,549,205.45010375976562,207.8520965576172,94.93534851074219
1399,cut3,1399,POPC,550,95.7547836303711,150.9069366455078,77.08983612060547
1399,cut3,1399,POPC,551,87.55574035644531,125.8231887817383,72.41957092285156
1399,cut3,1399,POPC,552,60.56709671020508,129.70799255371094,77.06949615478516
1399,cut3,1399,POPC,553,77.40943145751953,74.03372192382812,85.41615295410156
1399,cut3,1399,POPC,554,191.26614379882812,45.0349235534668,97.71890258789062
1399,cut3,1399,POPC,555,13.665618896484375,163.4842071533203,86.37200164794922
1399,cut3,1399,POPC,556,53.362754821777344,94.94573974609375,48.5534553527832
1399,cut3,1399,POPC,557,129.6104736328125,213.7886962890625,93.6318588256836
1399,cut3,1399,POPC,558,24.674774169921875,68.21942138671875,92.31878662109375
1399,cut3,1399,POPC,559,198.44656372070312,69.97135162353516,91.94367218017578
1399,cut3,1399,POPC,560,137.96990966796872,121.14282989501953,77.58800506591797
1399,cut3,1399,POPC,561,92.71780395507812,195.64393615722656,89.46965789794922
1399,cut3,1399,POPC,562,188.33358764648438,114.48662567138672,90.49169158935547
1399,cut3,1399,POPC,563,35.70795822143555,113.3537368774414,77.36514282226562
1399,cut3,1399,POPC,564,144.32762145996094,163.52430725097656,68.79454040527344
1399,cut3,1399,POPC,565,73.89058685302734,214.1837615966797,85.97100067138672
1399,cut3,1399,POPC,566,164.09898376464844,161.22532653808594,80.88233184814453
1399,cut3,1399,POPC,567,188.4712677001953,100.2222900390625,54.53164291381836
1399,cut3,1399,POPC,568,44.050148010253906,43.24435806274414,90.93274688720703
1399,cut3,1399,POPC,569,20.535350799560547,31.35204315185547,90.81488037109375
1399,cut3,1399,POPC,570,167.56707763671875,85.6688461303711,91.52669525146484
1399,cut3,1399,POPC,571,211.47203063964844,129.83169555664062,86.19385528564453
1399,cut3,1399,POPC,572,44.14225769042969,197.21273803710938,90.87528228759766
1399,cut3,1399,POPC,573,23.649822235107422,133.15858459472656,84.45675659179688
1399,cut3,1399,POPC,574,62.05429458618164,123.05586242675781,76.04959869384766
1399,cut3,1399,POPC,575,93.24403381347656,47.85115432739258,50.232845306396484
1399,cut3,1399,POPC,576,85.62531280517578,68.99810791015626,84.78524780273438
1399,cut3,1399,POPC,577,17.263362884521484,206.1448974609375,94.05506134033203
1399,cut3,1399,POPC,578,71.79886627197266,177.3889617919922,89.6207046508789
1399,cut3,1399,POPC,579,146.73562622070312,185.80703735351562,78.62754821777344
1399,cut3,1399,POPC,580,143.90000915527344,112.16793060302734,80.39900970458984
1399,cut3,1399,POPC,581,22.804292678833008,113.61727905273438,77.541015625
1399,cut3,1399,POPC,582,7.868591785430908,177.0293731689453,88.29638671875
1399,cut3,1399,POPC,583,169.20712280273438,106.3047866821289,85.36061096191406
1399,cut3,1399,POPC,584,114.71012878417969,215.7868194580078,95.51712036132812
1399,cut3,1399,POPC,585,128.2548370361328,21.71613121032715,94.93468475341797
1399,cut3,1399,POPC,586,169.974609375,213.0458984375,95.11199188232422
1399,cut3,1399,POPC,587,180.9567108154297,209.32662963867188,98.13871002197266
1399,cut3,1399,POPC,588,37.21860885620117,179.3452606201172,90.42328643798828
1399,cut3,1399,POPC,589,72.40670013427734,201.120361328125,89.91600036621094
1399,cut3,1399,POPC,590,53.85008239746094,195.9027099609375,88.12259674072266
1399,cut3,1399,POPC,591,74.18372344970703,128.820556640625,78.02555084228516
1399,cut3,1399,POPC,592,114.4273681640625,11.113167762756348,93.66254425048828
1399,cut3,1399,POPC,593,59.72182083129883,192.52999877929688,86.40730285644531
1399,cut3,1399,POPC,594,41.688541412353516,22.188323974609375,55.60466766357422
1399,cut3,1399,POPC,595,166.98316955566406,133.23423767089844,88.92384338378906
1399,cut3,1399,POPC,596,33.82828903198242,216.65724182128906,88.28995513916016
1399,cut3,1399,POPC,597,65.6075668334961,0.9041608572006226,89.01846313476562
1399,cut3,1399,POPC,598,35.80234146118164,3.6261656284332275,89.62885284423828
1399,cut3,1399,POPC,599,55.7191047668457,221.17457580566403,90.8239517211914
1399,cut3,1399,POPC,600,39.14677810668945,122.32917022705078,77.48714447021484
1399,cut3,1399,POPC,601,50.22947692871094,204.3975067138672,87.96561431884766
1399,cut3,1399,POPC,602,87.46955871582031,148.70399475097656,79.47704315185547
1399,cut3,1399,POPC,603,33.758033752441406,70.30477142333984,89.2022933959961
1399,cut3,1399,POPC,604,-0.9908037781715393,209.09591674804688,95.09934997558594
1399,cut3,1399,POPC,605,117.41079711914062,81.57889556884766,75.01219940185547
1399,cut3,1399,POPC,606,149.81227111816406,165.5425262451172,73.9603271484375
1399,cut3,1399,POPC,607,119.93046569824219,169.8679962158203,73.86456298828125
1399,cut3,1399,POPC,608,130.1383056640625,95.20266723632812,33.048683166503906
1399,cut3,1399,POPC,609,13.48267936706543,69.1662368774414,52.43365478515625
1399,cut3,1399,POPC,610,96.64480590820312,179.02368164062503,42.428619384765625
1399,cut3,1399,POPC,611,173.45635986328125,151.12586975097656,50.40937805175781
1399,cut3,1399,POPC,612,62.22175216674805,33.64353942871094,52.56491470336914
1399,cut3,1399,POPC,613,164.79539489746094,176.56314086914062,44.360198974609375
1399,cut3,1399,POPC,614,146.36312866210938,138.2605743408203,37.6055793762207
1399,cut3,1399,POPC,615,148.27598571777344,224.6093292236328,57.80739974975586
1399,cut3,1399,POPC,616,180.6841583251953,220.60462951660156,63.22919464111328
1399,cut3,1399,POPC,617,100.79689025878906,192.1436309814453,47.973121643066406
1399,cut3,1399,POPC,618,76.34184265136719,164.95947265625,44.15052032470703
1399,cut3,1399,POPC,619,196.67906188964844,17.11402130126953,57.39159393310547
1399,cut3,1399,POPC,620,28.07708740234375,223.7817840576172,55.6245002746582
1399,cut3,1399,POPC,621,188.3815460205078,190.2270965576172,47.69174575805664
1399,cut3,1399,POPC,622,73.54627990722658,25.253662109375,52.207950592041016
1399,cut3,1399,POPC,623,30.21603012084961,47.08632278442382,54.95751953125
1399,cut3,1399,POPC,624,13.55349349975586,93.63908386230469,49.2408561706543
1399,cut3,1399,POPC,625,191.17796325683594,165.81858825683594,49.890403747558594
1399,cut3,1399,POPC,626,45.53955841064453,41.96332931518555,52.71523666381836
1399,cut3,1399,POPC,627,188.25071716308594,118.3478012084961,48.068748474121094
1399,cut3,1399,POPC,628,116.89417266845703,205.1161651611328,50.059837341308594
1399,cut3,1399,POPC,629,175.28070068359375,185.13941955566406,53.11601638793945
1399,cut3,1399,POPC,630,171.94273376464844,102.97854614257812,44.42587661743164
1399,cut3,1399,POPC,631,204.8808135986328,166.50996398925778,49.158714294433594
1399,cut3,1399,POPC,632,30.710487365722656,34.82615661621094,56.12168502807617
1399,cut3,1399,POPC,633,25.511367797851562,199.75770568847656,52.95862579345703
1399,cut3,1399,POPC,634,37.63544464111328,26.86467742919922,54.91585922241211
1399,cut3,1399,POPC,635,63.62368392944336,153.38015747070312,42.70746612548828
1399,cut3,1399,POPC,636,39.89252853393555,151.09706115722656,44.122764587402344
1399,cut3,1399,POPC,637,92.78236389160156,115.65486907958984,46.58277893066406
1399,cut3,1399,POPC,638,9.585710525512695,33.19042205810547,57.02906036376953
1399,cut3,1399,POPC,639,108.1406478881836,31.131534576416016,51.21769714355469
1399,cut3,1399,POPC,640,180.5368194580078,30.447845458984375,55.64324188232422
1399,cut3,1399,POPC,641,198.64804077148438,127.83086395263672,50.30373001098633
1399,cut3,1399,POPC,642,202.87188720703125,140.44854736328125,54.71656799316406
1399,cut3,1399,POPC,643,59.80440139770508,24.74059295654297,50.09599685668945
1399,cut3,1399,POPC,644,171.1857452392578,17.15039825439453,59.736717224121094
1399,cut3,1399,POPC,645,144.1957244873047,153.48191833496094,32.44062423706055
1399,cut3,1399,POPC,646,194.00262451171875,70.7637710571289,53.97161102294922
1399,cut3,1399,POPC,647,181.4023895263672,95.82388305664062,48.12299346923828
1399,cut3,1399,POPC,648,23.15294075012207,46.896942138671875,57.28662109375
1399,cut3,1399,POPC,649,192.45205688476562,141.1784210205078,53.72665023803711
1399,cut3,1399,POPC,650,170.4337921142578,21.607532501220703,57.40985107421875
1399,cut3,1399,POPC,651,24.476257324218754,205.8924560546875,56.639957427978516
1399,cut3,1399,POPC,652,67.50108337402344,176.6030731201172,48.80595779418945
1399,cut3,1399,POPC,653,48.38183975219726,78.63809967041016,54.58518600463867
1399,cut3,1399,POPC,654,195.7029266357422,113.32666778564453,52.20086669921875
1399,cut3,1399,POPC,655,36.24892807006836,2.9934685230255127,53.345638275146484
1399,cut3,1399,POPC,656,70.5903549194336,211.45716857910156,53.801239013671875
1399,cut3,1399,POPC,657,78.8979721069336,206.93222045898438,53.45890426635742
1399,cut3,1399,POPC,658,175.2678680419922,132.5800323486328,45.31393814086914
1399,cut3,1399,POPC,659,123.36712646484375,63.990596771240234,39.578887939453125
1399,cut3,1399,POPC,660,14.142484664916992,202.22413635253906,53.20119094848633
1399,cut3,1399,POPC,661,110.11103820800781,126.57222747802734,38.15868377685547
1399,cut3,1399,POPC,662,68.89193725585938,62.60800552368164,47.10346984863281
1399,cut3,1399,POPC,663,49.73173522949219,164.7620391845703,51.90666580200195
1399,cut3,1399,POPC,664,67.62234497070312,19.98980712890625,49.624305725097656
1399,cut3,1399,POPC,665,78.57843017578125,10.700139045715332,49.9308967590332
1399,cut3,1399,POPC,666,55.50655746459961,185.23428344726562,52.65983581542969
1399,cut3,1399,POPC,667,37.940513610839844,162.07249450683594,49.18955230712891
1399,cut3,1399,POPC,668,106.26564025878906,218.21417236328128,49.26899337768555
1399,cut3,1399,POPC,669,120.73633575439453,137.73724365234375,33.968868255615234
1399,cut3,1399,POPC,670,53.15546798706055,204.03167724609375,51.2271614074707
1399,cut3,1399,POPC,671,34.02717590332031,155.96490478515625,45.828922271728516
1399,cut3,1399,POPC,672,199.35568237304688,175.40682983398438,49.70087814331055
1399,cut3,1399,POPC,673,42.54896926879883,223.35879516601562,54.191383361816406
1399,cut3,1399,POPC,674,164.71812438964844,24.80581283569336,59.435523986816406
1399,cut3,1399,POPC,675,197.2099151611328,25.977821350097656,57.060340881347656
1399,cut3,1399,POPC,676,149.66152954101562,168.42221069335938,41.4487419128418
1399,cut3,1399,POPC,677,37.353858947753906,71.40570068359375,50.480289459228516
1399,cut3,1399,POPC,678,44.20423126220703,72.7064208984375,53.56863784790039
1399,cut3,1399,POPC,679,63.301944732666016,51.067779541015625,52.1530876159668
1399,cut3,1399,POPC,680,112.619873046875,216.513427734375,51.573734283447266
1399,cut3,1399,POPC,681,73.27291107177734,17.399927139282227,48.475074768066406
1399,cut3,1399,POPC,682,87.9660415649414,163.50543212890625,40.561920166015625
1399,cut3,1399,POPC,683,86.15762329101562,154.62612915039062,79.3152084350586
1399,cut3,1399,POPC,684,179.37367248535156,199.13485717773438,52.2104148864746
1399,cut3,1399,POPC,685,181.92218017578125,18.923357009887695,59.469871520996094
1399,cut3,1399,POPC,686,49.177276611328125,86.02508544921875,52.68102264404297
1399,cut3,1399,POPC,687,122.92817687988281,19.90521240234375,53.30222702026367
1399,cut3,1399,POPC,688,53.47139358520508,224.82815551757812,56.824588775634766
1399,cut3,1399,POPC,689,206.72247314453125,48.00044250488281,55.505313873291016
1399,cut3,1399,POPC,690,101.1858901977539,215.46450805664062,50.72032165527344
1399,cut3,1399,POPC,691,209.30499267578125,18.46971893310547,54.40108108520508
1399,cut3,1399,POPC,692,59.478145599365234,207.25100708007812,51.97954559326172
1399,cut3,1399,POPC,693,11.303422927856445,213.64227294921875,55.71703338623047
1399,cut3,1399,POPC,694,113.3983154296875,192.3128204345703,49.87958908081055
1399,cut3,1399,POPC,695,114.65013122558594,85.17344665527344,33.5235710144043
1399,cut3,1399,POPC,696,124.69629669189453,150.92462158203122,35.77692413330078
1399,cut3,1399,POPC,697,104.34080505371094,17.531156539916992,51.07465744018555
1399,cut3,1399,POPC,698,184.5898895263672,101.7886962890625,50.74602508544922
1399,cut3,1399,POPC,699,21.370098114013672,31.131881713867188,54.80183410644531
1399,cut3,1399,POPC,700,94.36508941650392,-0.5706378221511841,51.34908676147461
1399,cut3,1399,POPC,701,13.09811782836914,15.599955558776855,54.94032669067383
1399,cut3,1399,POPC,702,115.50468444824219,211.12455749511722,52.051677703857415
1399,cut3,1399,POPC,703,55.60501861572265,15.801041603088379,52.196929931640625
1399,cut3,1399,POPC,704,59.79740524291992,196.82293701171875,54.0832633972168
1399,cut3,1399,POPC,705,167.61842346191406,2.0637876987457275,60.25792694091797
1399,cut3,1399,POPC,706,202.65777587890625,114.00626373291016,56.59687042236328
1399,cut3,1399,POPC,707,89.0608901977539,180.9027099609375,43.734825134277344
1399,cut3,1399,POPC,708,21.377927780151367,211.87429809570312,54.89314651489258
1399,cut3,1399,POPC,709,149.62158203125,143.60916137695312,34.56789779663086
1399,cut3,1399,POPC,710,192.3218994140625,157.3924560546875,50.00605392456055
1399,cut3,1399,POPC,711,115.4869155883789,202.62037658691406,45.636741638183594
1399,cut3,1399,POPC,712,28.12519073486328,74.12393951416016,50.46464920043945
1399,cut3,1399,POPC,713,127.06912994384766,3.0267317295074463,54.47351837158203
1399,cut3,1399,POPC,714,119.08927154541016,1.9924205541610718,52.107051849365234
1399,cut3,1399,POPC,715,92.84327697753906,185.64695739746094,47.98618698120117
1399,cut3,1399,POPC,716,78.64530944824219,156.95388793945312,40.410247802734375
1399,cut3,1399,POPC,717,204.66693115234375,175.79376220703125,50.41399383544922
1399,cut3,1399,POPC,718,136.87506103515625,40.147491455078125,41.12506103515625
1399,cut3,1399,POPC,719,78.58250427246094,219.79254150390625,52.74853515625
1399,cut3,1399,POPC,720,130.24868774414062,65.2255859375,35.648841857910156
1399,cut3,1399,POPC,721,88.20501708984375,205.48062133789062,50.19623947143555
1399,cut3,1399,POPC,722,30.85687255859375,18.14636993408203,57.386756896972656
1399,cut3,1399,POPC,723,53.09840393066406,50.10580062866211,54.75276184082031
1399,cut3,1399,POPC,724,198.3265838623047,154.99630737304688,51.89979553222656
1399,cut3,1399,POPC,725,192.46949768066406,181.56277465820312,46.917537689208984
1399,cut3,1399,POPC,726,71.0868911743164,41.02985382080078,50.779014587402344
1399,cut3,1399,POPC,727,177.3162078857422,192.34127807617188,53.574466705322266
1399,cut3,1399,POPC,728,60.554264068603516,130.95828247070312,38.28971862792969
1399,cut3,1399,POPC,729,43.070987701416016,62.00776290893555,53.02406311035156
1399,cut3,1399,POPC,730,148.8270263671875,110.5231704711914,36.763225555419915
1399,cut3,1399,POPC,731,30.774932861328125,195.70582580566406,53.151493072509766
1399,cut3,1399,POPC,732,201.16749572753906,37.464969635009766,53.15431594848633
1399,cut3,1399,POPC,733,168.36785888671875,149.87327575683597,45.80839538574219
1399,cut3,1399,POPC,734,8.87445068359375,63.97372055053711,52.943878173828125
1399,cut3,1399,POPC,735,51.80876922607422,72.01726531982422,52.555320739746094
1399,cut3,1399,POPC,736,68.55715942382812,157.6605224609375,42.79914093017578
1399,cut3,1399,POPC,737,55.27083969116211,168.92010498046875,51.52607345581055
1399,cut3,1399,POPC,738,91.72205352783203,60.234729766845696,46.8795166015625
1399,cut3,1399,POPC,739,43.128326416015625,216.33432006835938,52.235565185546875
1399,cut3,1399,POPC,740,168.5656890869141,114.89066314697266,42.12120819091797
1399,cut3,1399,POPC,741,180.70249938964844,138.67727661132812,49.810245513916016
1399,cut3,1399,POPC,742,106.5075912475586,36.855350494384766,49.58353042602539
1399,cut3,1399,POPC,743,0.5701660513877869,81.01722717285156,50.025726318359375
1399,cut3,1399,POPC,744,192.07861328125,41.46620178222656,57.85106658935547
1399,cut3,1399,POPC,745,71.25589752197266,54.94841003417969,51.20634460449219
1399,cut3,1399,POPC,746,56.31324005126953,58.49293899536133,51.60139846801758
1399,cut3,1399,POPC,747,178.01382446289062,106.48037719726562,49.849571228027344
1399,cut3,1399,POPC,748,79.79666900634766,22.94698715209961,48.20832443237305
1399,cut3,1399,POPC,749,174.7447509765625,100.43168640136719,49.17319107055664
1399,cut3,1399,POPC,750,59.54594039916992,144.08480834960938,39.8475227355957
1399,cut3,1399,POPC,751,135.59915161132812,213.8491973876953,59.334617614746094
1399,cut3,1399,POPC,752,136.13055419921875,135.821533203125,38.69856643676758
1399,cut3,1399,POPC,753,59.86128616333008,173.18569946289062,50.492183685302734
1399,cut3,1399,POPC,754,94.48896026611328,35.31759262084961,52.57411193847656
1399,cut3,1399,POPC,755,180.26644897460938,57.3355598449707,57.123382568359375
1399,cut3,1399,POPC,756,80.03092193603516,40.35796356201172,47.06362533569336
1399,cut3,1399,POPC,757,105.34246063232422,225.77413940429688,51.954078674316406
1399,cut3,1399,POPC,758,201.34967041015625,51.208396911621094,57.88114929199219
1399,cut3,1399,POPC,759,63.2999153137207,11.25327205657959,49.19980239868164
1399,cut3,1399,POPC,760,59.05104446411133,180.0653533935547,53.52534484863281
1399,cut3,1399,POPC,761,130.1304931640625,19.35030174255371,57.91173553466797
1399,cut3,1399,POPC,762,117.30155944824219,61.559085845947266,40.4844627380371
1399,cut3,1399,POPC,763,78.77849578857422,82.03329467773438,49.83601379394531
1399,cut3,1399,POPC,764,89.15672302246094,52.45743179321289,49.31440734863281
1399,cut3,1399,POPC,765,132.66494750976562,53.54059600830078,33.56889343261718
1399,cut3,1399,POPC,766,86.78398132324219,8.302201271057129,47.7927360534668
1399,cut3,1399,POPC,767,176.78233337402344,64.85030364990234,52.283363342285156
1399,cut3,1399,POPC,768,83.9291000366211,216.12228393554688,53.016048431396484
1399,cut3,1399,POPC,769,35.2490234375,220.4530792236328,54.314884185791016
1399,cut3,1399,POPC,770,107.09019470214844,74.19126892089844,43.258419036865234
1399,cut3,1399,POPC,771,108.52767181396484,203.08367919921875,49.718379974365234
1399,cut3,1399,POPC,772,206.72898864746094,5.971884250640869,54.06211853027344
1399,cut3,1399,POPC,773,152.0787811279297,149.29351806640625,32.73085021972656
1399,cut3,1399,POPC,774,193.8014373779297,3.940696954727173,56.62201309204102
1399,cut3,1399,POPC,775,208.25836181640625,222.88787841796875,51.87452697753906
1399,cut3,1399,POPC,776,165.8297882080078,215.8418731689453,60.194801330566406
1399,cut3,1399,POPC,777,11.64908218383789,192.97560119628906,52.935306549072266
1399,cut3,1399,POPC,778,51.315677642822266,215.02716064453125,52.07359313964844
1399,cut3,1399,POPC,779,194.727294921875,55.909244537353516,59.08366394042969
1399,cut3,1399,POPC,780,85.24330139160156,224.6975555419922,49.446224212646484
1399,cut3,1399,POPC,781,187.86012268066406,32.08650207519531,56.276947021484375
1399,cut3,1399,POPC,782,32.11904525756836,134.24685668945312,42.748409271240234
1399,cut3,1399,POPC,783,201.9598388671875,204.61260986328125,51.976295471191406
1399,cut3,1399,POPC,784,30.801803588867188,8.42822551727295,56.47807693481445
1399,cut3,1399,POPC,785,82.00675201416016,170.30740356445312,40.209136962890625
1399,cut3,1399,POPC,786,-3.2162833213806152,170.11300659179688,49.24161911010742
1399,cut3,1399,POPC,787,111.33719635009766,104.24446105957031,39.71697235107422
1399,cut3,1399,POPC,788,34.90262985229492,108.13636779785156,50.40489959716797
1399,cut3,1399,POPC,789,172.5614471435547,171.0574493408203,49.11801528930664
1399,cut3,1399,POPC,790,11.590478897094727,134.74818420410156,56.81025314331055
1399,cut3,1399,POPC,791,38.39884948730469,36.05791091918945,56.807186126708984
1399,cut3,1399,POPC,792,51.197994232177734,150.79002380371094,82.38074493408203
1399,cut3,1399,POPC,793,68.19100189208984,206.50958251953125,51.33192443847656
1399,cut3,1399,POPC,794,47.52088928222656,13.85486888885498,55.9906005859375
1399,cut3,1399,POPC,795,171.31736755371094,123.12324523925781,43.703773498535156
1399,cut3,1399,POPC,796,184.4535369873047,82.9462890625,54.29826354980469
1399,cut3,1399,POPC,797,54.35256576538086,154.2985382080078,44.34629821777344
1399,cut3,1399,POPC,798,200.52174377441406,1.5442441701889038,56.16311264038086
1399,cut3,1399,POPC,799,208.670166015625,73.8561019897461,54.42121887207031
1399,cut3,1399,POPC,800,144.04205322265625,132.68438720703125,37.27086639404297
1399,cut3,1399,POPC,801,37.74285125732422,186.7574462890625,50.58837890625
1399,cut3,1399,POPC,802,88.9554443359375,18.171627044677734,50.559852600097656
1399,cut3,1399,POPC,803,10.279912948608398,97.1227035522461,54.18750762939453
1399,cut3,1399,POPC,804,48.50142669677735,186.57559204101562,53.9393424987793
1399,cut3,1399,POPC,805,188.32382202148438,221.80250549316406,57.698486328125
1399,cut3,1399,POPC,806,32.908714294433594,26.83285140991211,58.4196662902832
1399,cut3,1399,POPC,807,94.95211029052734,41.45676040649414,50.08125305175781
1399,cut3,1399,POPC,808,142.18724060058594,11.533097267150879,60.172889709472656
1399,cut3,1399,POPC,809,74.2715835571289,203.4331817626953,51.776180267333984
1399,cut3,1399,POPC,810,93.76394653320312,216.03623962402344,52.91633224487305
1399,cut3,1399,POPC,811,47.83090591430664,226.75775146484375,55.004703521728516
1399,cut3,1399,POPC,812,100.32731628417969,43.6568489074707,52.63811492919922
1399,cut3,1399,POPC,813,16.664077758789062,218.58006286621094,55.45130157470703
1399,cut3,1399,POPC,814,44.18756866455078,190.68527221679688,52.00807189941406
1399,cut3,1399,POPC,815,175.305419921875,224.5460662841797,62.08677673339844
1399,cut3,1399,POPC,816,211.25784301757812,94.44293212890625,60.28376770019531
1399,cut3,1399,POPC,817,33.43367385864258,61.08583450317382,52.239383697509766
1399,cut3,1399,POPC,818,61.16994857788086,68.43412017822266,43.475990295410156
1399,cut3,1399,POPC,819,192.76182556152344,199.0171356201172,48.99171829223633
1399,cut3,1399,POPC,820,76.49124145507812,33.4455451965332,51.343753814697266
1399,cut3,1399,POPC,821,5.35882043838501,44.196414947509766,58.18954849243164
1399,cut3,1399,POPC,822,117.88990783691406,13.587597846984863,52.22834777832031
1399,cut3,1399,POPC,823,159.9005889892578,166.42166137695312,41.47031784057617
1399,cut3,1399,POPC,824,14.705381393432617,79.25895690917969,52.27054214477539
1399,cut3,1399,POPC,825,122.17305755615234,83.8673095703125,34.01008987426758
1399,cut3,1399,POPC,826,53.837913513183594,195.29905700683594,52.54725646972656
1399,cut3,1399,POPC,827,89.29427337646484,220.94081115722656,52.6919059753418
1399,cut3,1399,POPC,828,66.32390594482422,198.17340087890625,50.866161346435554
1399,cut3,1399,POPC,829,55.635650634765625,138.2275848388672,40.307395935058594
1399,cut3,1399,POPC,830,190.0088348388672,147.34274291992188,53.07931137084961
1399,cut3,1399,POPC,831,41.816986083984375,81.3851089477539,51.61978530883789
1399,cut3,1399,POPC,832,38.963199615478516,65.70223999023438,50.98536682128906
1399,cut3,1399,POPC,833,18.521310806274414,84.24581146240234,50.41143798828125
1399,cut3,1399,POPC,834,13.395668029785156,159.7001953125,49.87569046020508
1399,cut3,1399,POPC,835,17.134281158447266,165.48072814941406,51.854610443115234
1399,cut3,1399,POPC,836,45.10555648803711,168.4386444091797,50.080177307128906
1399,cut3,1399,POPC,837,179.09251403808594,172.1788787841797,50.057861328125
1399,cut3,1399,POPC,838,189.53472900390625,132.57862854003906,52.379600524902344
1399,cut3,1399,POPC,839,74.23551940917969,135.91278076171875,38.822784423828125
1399,cut3,1399,POPC,840,70.40274047851562,150.76605224609375,39.61241149902344
1399,cut3,1399,POPC,841,81.96112823486328,195.44683837890625,47.87925720214844
1399,cut3,1399,POPC,842,117.52081298828125,37.55186462402343,44.88610076904297
1399,cut3,1399,POPC,843,95.11666107177734,21.947111129760742,51.24836730957031
1399,cut3,1399,POPC,844,152.63015747070312,114.88762664794922,34.58804702758789
1399,cut3,1399,POPC,845,51.67588806152344,147.41651916503906,45.154048919677734
1399,cut3,1399,POPC,846,6.990417003631592,26.305633544921875,54.53867721557617
1399,cut3,1399,POPC,847,99.3285140991211,94.86997985839844,40.47074508666992
1399,cut3,1399,POPC,848,58.90633010864258,222.7837677001953,56.869041442871094
1399,cut3,1399,POPC,849,173.61480712890625,32.976837158203125,54.51873397827149
1399,cut3,1399,POPC,850,57.32866287231445,45.380401611328125,51.79634475708008
1399,cut3,1399,POPC,851,116.09235382080078,31.485130310058594,52.593360900878906
1399,cut3,1399,POPC,852,207.02809143066406,66.67535400390625,56.03915786743164
1399,cut3,1399,POPC,853,21.715408325195312,75.21882629394531,51.98500061035156
1399,cut3,1399,POPC,854,16.651123046875,23.924530029296875,53.49751663208008
1399,cut3,1399,POPC,855,112.98551940917969,24.191852569580078,52.461639404296875
1399,cut3,1399,POPC,856,173.0300750732422,94.12057495117188,48.036075592041016
1399,cut3,1399,POPC,857,180.3756561279297,143.47889709472656,47.566097259521484
1399,cut3,1399,POPC,858,112.59807586669922,2.134727716445923,52.298744201660156
1399,cut3,1399,POPC,859,25.38754272460938,51.98051071166992,52.4501953125
1399,cut3,1399,POPC,860,23.903549194335938,14.414778709411621,56.665977478027344
1399,cut3,1399,POPC,861,204.55743408203125,124.74959564208984,51.01172637939453
1399,cut3,1399,POPC,862,188.86224365234375,56.243167877197266,56.15935134887695
1399,cut3,1399,POPC,863,86.06279754638672,190.35267639160156,47.56491470336914
1399,cut3,1399,POPC,864,108.86482238769531,82.73796844482422,34.809722900390625
1399,cut3,1399,POPC,865,100.44334411621094,34.758445739746094,52.215248107910156
1399,cut3,1399,POPC,866,214.0719451904297,184.21873474121094,51.22224426269531
1399,cut3,1399,POPC,867,19.02155303955078,194.51779174804688,53.51924514770508
1399,cut3,1399,POPC,868,32.53786849975586,215.0005645751953,54.91476058959961
1399,cut3,1399,POPC,869,157.35777282714844,138.20611572265625,37.293521881103516
1399,cut3,1399,POPC,870,6.301059246063232,183.83660888671875,55.62388229370117
1399,cut3,1399,POPC,871,47.0020751953125,57.35673904418945,52.56108093261719
1399,cut3,1399,POPC,872,74.35682678222656,6.715163707733154,50.280845642089844
1399,cut3,1399,POPC,873,45.42955780029297,30.479961395263672,54.35637664794922
1399,cut3,1399,POPC,874,66.87360382080078,25.87625503540039,51.326820373535156
1399,cut3,1399,POPC,875,112.37673950195312,17.59979248046875,51.934547424316406
1399,cut3,1399,POPC,876,43.516380310058594,181.7888946533203,53.18787384033203
1399,cut3,1399,POPC,877,192.95791625976562,214.33193969726562,52.046443939208984
1399,cut3,1399,POPC,878,168.24444580078125,93.03404998779297,49.979915618896484
1399,cut3,1399,POPC,879,69.41242980957031,33.92476272583008,51.27975845336914
1399,cut3,1399,POPC,880,133.47357177734375,89.73676300048828,33.480167388916016
1399,cut3,1399,POPC,881,51.33818435668945,39.573795318603516,53.59095764160156
1399,cut3,1399,POPC,882,197.45831298828125,95.22023010253906,54.500946044921875
1399,cut3,1399,POPC,883,173.70135498046875,211.45252990722656,57.701053619384766
1399,cut3,1399,POPC,884,192.14320373535156,85.27022552490234,51.547481536865234
1399,cut3,1399,POPC,885,11.384956359863281,40.87907791137695,55.33856201171875
1399,cut3,1399,POPC,886,31.45733642578125,170.97073364257812,48.36478805541992
1399,cut3,1399,POPC,887,92.09703063964844,12.33565425872803,50.458168029785156
1399,cut3,1399,POPC,888,9.960050582885742,56.45542526245117,54.35562515258789
1399,cut3,1399,POPC,889,115.87254333496094,124.70047760009766,37.078948974609375
1399,cut3,1399,POPC,890,10.909460067749023,139.90162658691406,51.681907653808594
1399,cut3,1399,POPC,891,193.29771423339844,12.948582649230957,58.74386978149414
1399,cut3,1399,POPC,892,205.02020263671875,94.87278747558594,59.89604568481445
1399,cut3,1399,POPC,893,166.9703369140625,168.46348571777344,42.133941650390625
1399,cut3,1399,POPC,894,51.676002502441406,173.32308959960938,53.93101119995117
1399,cut3,1399,POPC,895,44.5640754699707,160.46949768066406,50.711082458496094
1399,cut3,1399,POPC,896,0.0907878577709198,205.07772827148438,51.874019622802734
1399,cut3,1399,POPC,897,78.75282287597656,77.06346893310547,43.37361907958984
1399,cut3,1399,POPC,898,55.526763916015625,125.58393859863281,36.72203063964844
1399,cut3,1399,POPC,899,186.83660888671875,76.37187957763672,56.206451416015625
1399,cut3,1399,POPC,900,11.219244003295898,219.51239013671875,53.18248748779297
1399,cut3,1399,POPC,901,4.564173221588135,4.8512091636657715,52.02262878417969
1399,cut3,1399,POPC,902,84.81134796142578,71.46770477294922,44.98059844970703
1399,cut3,1399,POPC,903,102.01215362548828,199.04994201660156,49.325130462646484
1399,cut3,1399,POPC,904,57.81766891479492,148.90249633789062,45.0595817565918
1399,cut3,1399,POPC,905,39.777042388916016,204.84725952148438,51.5686149597168
1399,cut3,1399,POPC,906,204.4354705810547,59.10348129272461,56.06849670410156
1399,cut3,1399,POPC,907,10.88436508178711,3.979499101638794,54.92287063598633
1399,cut3,1399,POPC,908,197.933349609375,76.00323486328125,53.665496826171875
1399,cut3,1399,POPC,909,58.87876510620117,120.6121597290039,36.07691955566406
1399,cut3,1399,POPC,910,116.568115234375,53.216148376464844,40.364723205566406
1399,cut3,1399,POPC,911,130.90164184570312,214.2367401123047,59.143802642822266
1399,cut3,1399,POPC,912,202.73603820800784,101.65034484863281,53.96769714355469
1399,cut3,1399,POPC,913,54.83545303344726,34.952735900878906,51.74532699584961
1399,cut3,1399,POPC,914,131.47244262695312,36.732845306396484,43.86159133911133
1399,cut3,1399,POPC,915,36.177852630615234,143.98350524902344,44.41891098022461
1399,cut3,1399,POPC,916,93.65878295898438,207.23106384277344,50.87693405151367
1399,cut3,1399,POPC,917,163.24557495117188,127.88434600830078,38.6070671081543
1399,cut3,1399,POPC,918,18.434246063232422,8.159756660461426,55.971927642822266
1399,cut3,1399,POPC,919,24.277704238891598,182.3014678955078,54.021724700927734
1399,cut3,1399,POPC,920,52.942298889160156,158.9306182861328,52.036991119384766
1399,cut3,1399,POPC,921,63.40781021118164,57.64322280883789,50.39069366455078
1399,cut3,1399,POPC,922,175.31643676757812,46.81654357910156,57.71552276611328
1399,cut3,1399,POPC,923,185.48999023437497,88.45924377441406,50.71879577636719
1399,cut3,1399,POPC,924,167.11102294921875,99.5713882446289,47.95619201660156
1399,cut3,1399,POPC,925,49.319271087646484,21.065759658813477,53.09981155395508
1399,cut3,1399,POPC,926,15.07630729675293,29.721782684326172,56.31304931640625
1399,cut3,1399,POPC,927,102.3047103881836,22.929054260253906,53.08281326293945
1399,cut3,1399,POPC,928,26.536392211914062,135.9345245361328,44.38618087768555
1399,cut3,1399,POPC,929,83.8280029296875,62.7324104309082,45.574432373046875
1399,cut3,1399,POPC,930,97.63182830810547,16.71241569519043,52.83658218383789
1399,cut3,1399,POPC,931,198.52871704101562,63.39606857299805,56.455326080322266
1399,cut3,1399,POPC,932,206.53289794921875,82.28582000732422,52.84510040283203
1399,cut3,1399,POPC,933,181.41061401367188,64.61665344238281,56.93181610107422
1399,cut3,1399,POPC,934,61.48532485961915,5.389451503753662,51.40974426269531
1399,cut3,1399,POPC,935,209.15740966796875,40.68744659423829,53.625492095947266
1399,cut3,1399,POPC,936,124.21832275390625,45.678672790527344,40.552215576171875
1399,cut3,1399,POPC,937,182.27725219726562,206.58580017089844,54.16997146606445
1399,cut3,1399,POPC,938,88.18496704101562,119.83362579345703,41.65947723388672
1399,cut3,1399,POPC,939,119.83687591552736,218.45799255371094,52.36465072631836
1399,cut3,1399,POPC,940,185.6506805419922,212.80906677246094,55.4500617980957
1399,cut3,1399,POPC,941,2.5420565605163574,62.2050895690918,56.74890899658203
1399,cut3,1399,POPC,942,95.68675994873047,198.5644073486328,51.122310638427734
1399,cut3,1399,POPC,943,166.5341339111328,86.27924346923828,49.50046157836914
1399,cut3,1399,POPC,944,178.8510284423828,130.24081420898438,49.76369094848633
1399,cut3,1399,POPC,945,2.778921604156494,14.564688682556152,51.784423828125
1399,cut3,1399,POPC,946,200.04701232910156,201.22462463378906,48.9979248046875
1399,cut3,1399,POPC,947,32.4173698425293,189.93618774414062,52.854373931884766
1399,cut3,1399,POPC,948,131.74012756347656,79.9990005493164,29.704700469970703
1399,cut3,1399,POPC,949,67.89098358154297,112.92765045166016,37.61865997314453
1399,cut3,1399,POPC,950,89.54054260253906,36.94861602783204,47.25696563720703
1399,cut3,1399,POPC,951,45.85557174682617,204.5048828125,52.568538665771484
1399,cut3,1399,POPC,952,181.72625732421875,5.193075656890869,62.05486297607422
1399,cut3,1399,POPC,953,4.717728137969971,33.681732177734375,55.10688018798828
1399,cut3,1399,POPC,954,26.262725830078125,172.3159942626953,49.07101821899414
1399,cut3,1399,POPC,955,77.81006622314453,127.02449798583984,34.771095275878906
1399,cut3,1399,POPC,956,185.2079620361328,46.79392242431641,57.38527297973633
1399,cut3,1399,POPC,957,182.47792053222656,112.06735229492188,49.986419677734375
1399,cut3,1399,POPC,958,176.11097717285156,86.87701416015625,49.6201057434082
1399,cut3,1399,POPC,959,69.28204345703125,80.18924713134766,45.16581344604492
1399,cut3,1399,POPC,960,54.8346061706543,7.323931217193603,55.02114486694336
1399,cut3,1399,POPC,961,73.14753723144531,183.84109497070312,47.55978012084961
1399,cut3,1399,POPC,962,143.4491424560547,2.9506971836090092,59.54668426513672
1399,cut3,1399,POPC,963,28.048870086669922,80.9827880859375,50.71699523925781
1399,cut3,1399,POPC,964,31.864803314208984,148.41102600097656,41.56879425048828
1399,cut3,1399,POPC,965,158.9493408203125,120.61761474609375,37.53643798828125
1399,cut3,1399,POPC,966,209.53892517089844,132.2564697265625,52.114158630371094
1399,cut3,1399,POPC,967,143.51153564453125,48.509254455566406,36.0584831237793
1399,cut3,1399,POPC,968,15.74258804321289,150.10577392578125,49.77081298828125
1399,cut3,1399,POPC,969,106.62776184082031,93.73625946044922,38.384151458740234
1399,cut3,1399,POPC,970,65.87347412109375,42.9173355102539,50.53409957885742
1399,cut3,1399,POPC,971,140.5109100341797,140.347412109375,35.671749114990234
1399,cut3,1399,POPC,972,2.8782057762145996,39.18852996826172,53.547271728515625
1399,cut3,1399,POPC,973,100.5437240600586,115.0086441040039,46.28313446044922
1399,cut3,1399,POPC,974,196.03074645996094,121.92278289794922,52.21416473388672
1399,cut3,1399,POPC,975,27.340007781982422,31.754470825195312,60.09522247314453
1399,cut3,1399,POPC,976,186.11981201171875,156.04483032226562,54.835697174072266
1399,cut3,1399,POPC,977,138.26661682128906,2.6893856525421143,56.61335754394531
1399,cut3,1399,POPC,978,1.3803744316101074,195.75367736816406,53.40364456176758
1399,cut3,1399,POPC,979,81.47811126708984,4.613061428070068,52.02665710449219
1399,cut3,1399,POPC,980,17.270517349243164,55.7164421081543,52.5349006652832
1399,cut3,1399,POPC,981,204.15328979492188,188.46656799316406,49.00062561035156
1399,cut3,1399,POPC,982,71.98323822021484,219.0196533203125,51.86240005493164
1399,cut3,1399,POPC,983,20.364171981811523,144.21463012695312,46.74589920043945
1399,cut3,1399,POPC,984,53.915279388427734,104.58081817626953,43.74757766723633
1399,cut3,1399,POPC,985,163.32200622558594,117.55397796630858,41.488372802734375
1399,cut3,1399,POPC,986,16.571313858032227,181.32061767578125,53.79947280883789
1399,cut3,1399,POPC,987,149.73355102539062,90.11973571777344,38.46769714355469
1399,cut3,1399,POPC,988,197.00262451171875,136.7108917236328,51.80809783935547
1399,cut3,1399,POPC,989,175.9689178466797,77.02818298339844,49.638877868652344
1399,cut3,1399,POPC,990,173.12457275390625,69.60514068603516,53.572998046875
1399,cut3,1399,POPC,991,186.422607421875,26.623905181884766,56.051715850830085
1399,cut3,1399,POPC,992,10.296976089477539,47.838279724121094,55.81775665283203
1399,cut3,1399,POPC,993,133.5105438232422,9.977280616760254,55.3346061706543
1399,cut3,1399,POPC,994,184.88735961914062,151.2774200439453,51.32706069946289
1399,cut3,1399,POPC,995,159.8328399658203,6.880740642547607,60.815208435058594
1399,cut3,1399,POPC,996,129.91049194335938,-0.5484696626663208,60.66370391845703
1399,cut3,1399,POPC,997,178.98532104492188,51.095951080322266,58.64299774169921
1399,cut3,1399,POPC,998,188.34680175781253,20.656696319580078,58.69962692260742
1399,cut3,1399,POPC,999,117.13623809814453,73.3216781616211,34.35747146606445
1399,cut3,1399,POPC,1000,62.686885833740234,217.4149627685547,51.72658920288086
1399,cut3,1399,POPC,1001,205.98817443847656,182.07846069335938,51.172019958496094
1399,cut3,1399,POPC,1002,138.5840606689453,220.12327575683594,58.43566131591797
1399,cut3,1399,POPC,1003,199.0518035888672,209.080322265625,53.435340881347656
1399,cut3,1399,POPC,1004,185.56614685058594,39.736976623535156,56.774757385253906
1399,cut3,1399,POPC,1005,188.11500549316406,175.37095642089844,48.823482513427734
1399,cut3,1399,POPC,1006,216.4852294921875,222.7098388671875,50.501258850097656
1399,cut3,1399,POPC,1007,5.395871639251709,156.14884948730466,50.38044357299805
1399,cut3,1399,POPC,1008,84.47863006591797,25.504337310791016,49.72643280029297
1399,cut3,1399,POPC,1009,29.850631713867188,162.6605224609375,45.2769889831543
1399,cut3,1399,POPC,1010,83.46989440917969,82.77254486083984,46.674186706542976
1399,cut3,1399,POPC,1011,108.91027069091797,209.78274536132812,50.35619354248047
1399,cut3,1399,POPC,1012,34.66610336303711,81.13190460205077,51.40589904785156
1399,cut3,1399,POPC,1013,80.1728286743164,151.52719116210938,39.10457992553711
1399,cut3,1399,POPC,1014,153.8431396484375,216.509521484375,57.582130432128906
1399,cut3,1399,POPC,1015,126.24746704101562,133.4869842529297,36.6955680847168
1399,cut3,1399,POPC,1016,179.7945098876953,155.7057647705078,50.81595993041992
1399,cut3,1399,POPC,1017,198.02401733398438,85.689208984375,53.58374786376953
1399,cut3,1399,POPC,1018,202.45787048339844,89.60649108886719,52.49678421020508
1399,cut3,1399,POPC,1019,39.5074577331543,169.10910034179688,49.412208557128906
1399,cut3,1399,POPC,1020,181.85154724121094,118.14137268066406,44.341453552246094
1399,cut3,1399,POPC,1021,16.128280639648438,138.86317443847656,50.156288146972656
1399,cut3,1399,POPC,1022,31.07149887084961,66.74683380126953,50.580928802490234
1399,cut3,1399,POPC,1023,201.92947387695312,214.93911743164062,53.50731658935547
1399,cut3,1399,POPC,1024,28.03045654296875,58.503726959228516,50.6320915222168
1399,cut3,1399,POPC,1025,198.46102905273438,105.98236846923828,53.56171798706055
1399,cut3,1399,POPC,1026,28.487957000732422,181.7815093994141,50.59440612792969
1399,cut3,1399,POPC,1027,125.06585693359375,216.37359619140625,55.49086380004883
1399,cut3,1399,POPC,1028,102.2886962890625,58.57204055786133,47.726776123046875
1399,cut3,1399,POPC,1029,79.27216339111328,181.37005615234375,43.44428634643555
1399,cut3,1399,POPC,1030,190.81939697265625,65.8853988647461,55.794456481933594
1399,cut3,1399,POPC,1031,56.34553146362305,161.64508056640625,47.972862243652344
1399,cut3,1399,POPC,1032,142.7601318359375,36.4680290222168,47.602508544921875
1399,cut3,1399,POPC,1033,104.70503234863281,87.90373229980469,38.398624420166016
1399,cut3,1399,POPC,1034,64.1172866821289,75.76181030273438,45.437294006347656
1399,cut3,1399,POPC,1035,159.2362823486328,112.18869018554688,31.910770416259766
1399,cut3,1399,POPC,1036,124.24315643310547,59.19226455688476,34.84972381591797
1399,cut3,1399,POPC,1037,66.07186126708984,170.5218505859375,46.14485549926758
1399,cut3,1399,POPC,1038,83.59046173095703,202.5844268798828,49.729766845703125
1399,cut3,1399,POPC,1039,182.98159790039062,188.92376708984375,49.80839157104492
1399,cut3,1399,POPC,1040,176.6436767578125,162.54348754882812,49.849491119384766
1399,cut3,1399,POPC,1041,96.70288848876953,52.3167495727539,52.26734161376953
1399,cut3,1399,POPC,1042,11.316864013671875,186.75282287597656,56.02580642700195
1399,cut3,1399,POPC,1043,8.678102493286133,73.35185241699219,53.965965270996094
1399,cut3,1399,POPC,1044,85.31239318847656,31.942047119140625,45.1201057434082
1399,cut3,1399,POPC,1045,65.78636932373047,129.02279663085938,36.24582290649414
1399,cut3,1399,POPC,1046,199.3488006591797,183.638427734375,48.00420379638672
1399,cut3,1399,POPC,1047,51.76740264892578,62.1356086730957,51.19088745117188
1399,cut3,1399,POPC,1048,186.42247009277344,139.12794494628906,52.095237731933594
1399,cut3,1399,POPC,1049,163.8570556640625,145.63778686523438,38.52404022216797
1399,cut3,1399,POPC,1050,19.085323333740234,41.66777801513672,55.666812896728516
1399,cut3,1399,POPC,1051,78.15265655517578,188.59115600585938,50.69469451904297
1399,cut3,1399,POPC,1052,203.18331909179688,10.447985649108887,55.56649398803711
1399,cut3,1399,POPC,1053,111.28347015380858,162.26219177246094,35.867958068847656
1399,cut3,1399,POPC,1054,215.65798950195312,69.04419708251953,56.57686996459961
1399,cut3,1399,POPC,1055,75.97431945800781,58.28447341918945,48.21807861328125
1399,cut3,1399,POPC,1056,129.23004150390625,8.135584831237793,57.406707763671875
1399,cut3,1399,POPC,1057,147.528076171875,124.90898895263672,34.89010238647461
1399,cut3,1399,POPC,1058,177.05140686035156,124.19699096679688,46.51194381713867
1399,cut3,1399,POPC,1059,101.26518249511719,7.154820919036865,54.20539093017578
1399,cut3,1399,POPC,1060,123.02243041992188,35.902671813964844,52.97906494140625
1399,cut3,1399,POPC,1061,22.82051658630371,21.433015823364258,56.529659271240234
1399,cut3,1399,POPC,1062,207.13868713378906,197.36512756347656,51.6856803894043
1399,cut3,1399,POPC,1063,195.31103515625,220.53167724609375,53.764583587646484
1399,cut3,1399,POPC,1064,95.5492172241211,80.23524475097656,42.820167541503906
1399,cut3,1399,POPC,1065,200.7827911376953,21.348587036132812,56.7390251159668
1399,cut3,1399,POPC,1066,64.36811065673828,184.0291748046875,52.26606750488281
1399,cut3,1399,POPC,1067,27.82610321044922,210.16680908203125,56.62202835083008
1399,cut3,1399,POPC,1068,123.36431121826172,160.1101837158203,38.358150482177734
1399,cut3,1399,POPC,1069,180.88354492187497,74.78365325927734,55.05527114868164
1399,cut3,1399,POPC,1070,35.75442886352539,42.21626281738281,54.84373474121094
1399,cut3,1399,POPC,1071,10.523767471313477,205.99575805664062,56.179927825927734
1399,cut3,1399,POPC,1072,70.49179077148438,166.26046752929688,45.20606231689453
1399,cut3,1399,POPC,1073,38.093013763427734,85.69587707519531,49.041786193847656
1399,cut3,1399,POPC,1074,33.42578125,181.01434326171875,48.14333724975586
1399,cut3,1399,POPC,1075,159.98751831054688,217.731689453125,61.280853271484375
1399,cut3,1399,POPC,1076,19.629295349121094,173.11541748046875,50.60334396362305
1399,cut3,1399,POPC,1077,178.90475463867188,213.60955810546875,60.647789001464844
1399,cut3,1399,POPC,1078,42.417610168457024,14.720480918884277,54.73968505859375
1399,cut3,1399,POPC,1079,188.4019012451172,205.18833923339844,51.86589431762695
1399,cut3,1399,POPC,1080,25.188640594482422,6.643163204193115,58.70724868774414
1399,cut3,1399,POPC,1081,26.94192123413086,22.935535430908203,58.67266082763672
1399,cut3,1399,POPC,1082,189.68637084960938,124.04478454589842,49.6082763671875
1399,cut3,1399,POPC,1083,108.33241271972656,60.47880935668945,45.974449157714844
1399,cut3,1399,POPC,1084,111.63969421386719,56.82955551147461,42.95987319946289
1399,cut3,1399,POPC,1085,172.95066833496094,141.07421875,43.8326416015625
1399,cut3,1399,POPC,1086,114.55719757080078,8.299189567565918,50.926021575927734
1399,cut3,1399,POPC,1087,61.662052154541016,111.14444732666016,36.0296745300293
1399,cut3,1399,POPC,1088,139.53544616699222,146.35264587402344,29.74666976928711
1399,cut3,1399,POPC,1089,59.20589828491211,54.159339904785156,55.1180534362793
1399,cut3,1399,POPC,1090,20.570598602294922,64.55565643310547,53.415687561035156
1399,cut3,1399,POPC,1091,117.59046936035156,154.72756958007812,34.20357894897461
1399,cut3,1399,POPC,1092,185.92042541503906,9.868605613708498,59.945411682128906
1399,cut3,1399,POPC,1093,101.09780883789062,67.11389923095703,49.95140838623047
1399,cut3,1399,POPC,1094,68.51310729980469,8.252730369567871,51.133201599121094
1399,cut3,1399,POPC,1095,26.418025970458984,143.85691833496094,43.8656005859375
1399,cut3,1399,POPC,1096,177.1748809814453,207.51657104492188,56.36100769042969
1399,cut3,1399,POPC,1097,203.59507751464844,30.928977966308594,57.106876373291016
1399,cut3,1399,POPC,1098,167.99612426757812,141.55307006835938,40.1879997253418
1399,cut3,1399,POPC,1099,32.9427604675293,51.88844299316406,52.115543365478516
1399,cut3,1399,POPC,1100,24.566844940185547,86.77709197998047,51.72383499145508
1399,cut3,1399,POPC,1101,72.08010864257812,145.5771026611328,34.38936996459961
1399,cut3,1399,POPC,1102,101.21453094482422,28.029930114746094,53.44558334350586
1399,cut3,1399,POPC,1103,191.532958984375,96.1270523071289,51.37611770629883
1399,cut3,1399,POPC,1104,105.95075988769531,10.9468355178833,51.91360855102539
1399,cut3,1399,POPC,1105,97.04417419433594,121.42643737792969,48.75525665283203
1399,cut3,1399,POPC,1106,193.52825927734375,35.56320571899414,56.74126052856445
1399,cut3,1399,POPC,1107,83.70824432373047,48.66387939453125,49.746192932128906
1399,cut3,1399,POPC,1108,175.73350524902347,108.32481384277344,44.5472526550293
1399,cut3,1399,SAPI,1109,152.14163208007812,6.255687236785889,60.56621551513672
1399,cut3,1399,SAPI,1110,67.6888656616211,141.8084716796875,37.40734100341797
1399,cut3,1399,SAPI,1111,129.08241271972656,29.667789459228516,56.94426727294922
1399,cut3,1399,SAPI,1112,177.2122344970703,37.0103645324707,55.174198150634766
1399,cut3,1399,SAPI,1113,39.41409683227539,132.04823303222656,43.383907318115234
1399,cut3,1399,SAPI,1114,18.28563117980957,187.71292114257812,51.507537841796875
1399,cut3,1399,SAPI,1115,197.0615692138672,150.14968872070312,53.94509887695313
1399,cut3,1399,SAPI,1116,133.88687133789062,144.436279296875,37.09659194946289
1399,cut3,1399,SAPI,1117,18.413442611694336,151.07142639160156,44.586585998535156
1399,cut3,1399,SAPI,1118,104.34913635253906,183.17929077148438,42.36857223510742
1399,cut3,1399,SAPI,1119,103.62785339355469,52.03582000732422,48.795738220214844
1399,cut3,1399,SAPI,1120,163.27174377441406,14.345414161682129,60.26844024658203
1399,cut3,1399,SAPI,1121,136.34841918945312,122.23206329345703,39.08579635620117
1399,cut3,1399,SAPI,1122,171.90760803222656,10.423529624938965,60.833885192871094
1399,cut3,1399,SAPI,1123,169.1808624267578,80.34962463378906,48.62807846069336
1399,cut3,1399,SAPI,1124,73.46918487548828,67.6185302734375,44.52631759643555
1399,cut3,1399,SAPI,1125,168.74105834960938,181.9387969970703,48.70110321044922
1399,cut3,1399,SAPI,1126,85.64908599853516,77.63925170898438,44.48060989379883
1399,cut3,1399,SAPI,1127,164.09007263183594,154.98062133789062,41.072364807128906
1399,cut3,1399,SAPI,1128,8.928874969482422,84.29595947265625,49.699466705322266
1399,cut3,1399,SAPI,1129,141.42622375488278,113.68538665771484,32.62405776977539
1399,cut3,1399,SAPI,1130,162.68435668945312,92.84410095214844,46.19462585449219
1399,cut3,1399,SAPI,1131,0.5639623999595642,90.60889434814453,55.1208381652832
1399,cut3,1399,SAPI,1132,1.5757107734680176,163.68272399902344,52.448265075683594
1399,cut3,1399,SAPI,1133,214.02230834960938,23.309240341186523,53.55729675292969
1399,cut3,1399,SAPI,1134,173.48800659179688,53.43151092529297,56.94014358520508
1399,cut3,1399,SAPI,1135,103.48759460449219,176.43716430664062,40.26274871826172
1399,cut3,1399,SAPI,1136,130.30410766601562,209.1410675048828,54.059879302978516
1399,cut3,1399,SAPI,1137,118.42591094970703,145.0044708251953,35.074790954589844
1399,cut3,1399,SAPI,1138,152.20660400390625,10.892855644226074,61.42316436767578
1399,cut3,1399,SAPI,1139,101.68045043945312,78.1572952270508,43.81898880004883
1399,cut3,1399,SAPI,1140,124.41893768310547,210.57196044921875,54.04507827758789
1399,cut3,1399,SAPI,1141,201.21603393554688,193.5721435546875,48.32273864746094
1399,cut3,1399,SAPI,1142,72.80091857910156,191.9421539306641,48.93687438964844
1399,cut3,1399,SAPI,1143,147.35256958007812,219.46788024902344,57.73699951171875
1399,cut3,1399,SAPI,1144,139.5648651123047,128.88600158691406,36.61176681518555
1399,cut3,1399,SAPI,1145,69.07160949707031,120.66202545166016,36.58926010131836
