,System,Frame,Resname,Resnum,X,Y,Z
414,cut3,414,POPC,0,197.6046600341797,171.9707794189453,85.42107391357422
414,cut3,414,POPC,1,3.028367519378662,149.60421752929688,78.64483642578125
414,cut3,414,POPC,2,185.9907684326172,47.75594711303711,93.96133422851562
414,cut3,414,POPC,3,195.6946258544922,155.66970825195315,84.54078674316406
414,cut3,414,POPC,4,204.00482177734372,167.00621032714844,81.91852569580078
414,cut3,414,POPC,5,165.1900177001953,157.51541137695312,83.4060287475586
414,cut3,414,POPC,6,141.39845275878906,168.43289184570312,78.74260711669922
414,cut3,414,POPC,7,26.77347755432129,64.60888671875,95.23240661621094
414,cut3,414,POPC,8,181.2674102783203,13.712952613830566,100.37612915039062
414,cut3,414,POPC,9,210.3099822998047,156.7554931640625,80.50732421875
414,cut3,414,POPC,10,17.10947608947754,133.29544067382812,78.66124725341797
414,cut3,414,POPC,11,173.56109619140625,94.49683380126953,90.68801879882812
414,cut3,414,POPC,12,70.36930084228516,162.60592651367188,81.62889099121094
414,cut3,414,POPC,13,209.69277954101562,214.3199462890625,90.17130279541016
414,cut3,414,POPC,14,130.87661743164062,131.08877563476562,71.8226089477539
414,cut3,414,POPC,15,168.57376098632812,186.2273406982422,89.189453125
414,cut3,414,POPC,16,52.965579986572266,137.02767944335935,78.63097381591797
414,cut3,414,POPC,17,113.20391845703125,98.23888397216797,72.3447036743164
414,cut3,414,POPC,18,60.6124382019043,207.58555603027344,90.00186157226562
414,cut3,414,POPC,19,127.2524185180664,5.726738929748535,97.54991149902344
414,cut3,414,POPC,20,165.08531188964844,148.8486328125,83.41756439208984
414,cut3,414,POPC,21,141.25253295898438,129.1720428466797,73.71334838867188
414,cut3,414,POPC,22,146.85838317871094,212.68789672851562,98.69622802734375
414,cut3,414,POPC,23,138.29052734375,72.8681869506836,71.41422271728516
414,cut3,414,POPC,24,99.37395477294922,210.20545959472656,94.49353790283203
414,cut3,414,POPC,25,112.14497375488281,82.06220245361328,72.82652282714844
414,cut3,414,POPC,26,206.88148498535156,148.38807678222656,78.68390655517578
414,cut3,414,POPC,27,59.527652740478516,186.6753692626953,87.87781524658203
414,cut3,414,POPC,28,129.0037841796875,34.17955780029297,90.88135528564453
414,cut3,414,POPC,29,116.49844360351562,17.732511520385742,95.25785827636719
414,cut3,414,POPC,30,70.83108520507812,201.42977905273438,90.82721710205078
414,cut3,414,POPC,31,152.0619659423828,159.35067749023438,83.16981506347656
414,cut3,414,POPC,32,78.08902740478516,201.04051208496094,90.74158477783203
414,cut3,414,POPC,33,102.17671966552734,76.93161010742188,75.220703125
414,cut3,414,POPC,34,158.00808715820312,100.75886535644531,81.9775390625
414,cut3,414,POPC,35,109.59967041015625,47.065711975097656,81.66170501708984
414,cut3,414,POPC,36,164.06202697753906,227.94430541992188,100.22602081298828
414,cut3,414,POPC,37,66.95132446289062,26.0776424407959,93.44355010986328
414,cut3,414,POPC,38,59.40631484985352,72.88294219970703,92.08705139160156
414,cut3,414,POPC,39,183.31120300292972,181.1284942626953,90.58863830566405
414,cut3,414,POPC,40,104.53054809570312,53.96513366699219,81.0202865600586
414,cut3,414,POPC,41,75.1519546508789,96.65392303466797,81.37338256835938
414,cut3,414,POPC,42,17.366390228271484,65.96534729003906,92.33859252929688
414,cut3,414,POPC,43,77.79557037353516,83.67539978027344,86.55081176757812
414,cut3,414,POPC,44,109.19488525390625,215.48638916015625,96.13799285888672
414,cut3,414,POPC,45,52.58842849731445,66.46414947509766,93.43561553955078
414,cut3,414,POPC,46,115.37743377685547,10.877847671508789,96.58474731445312
414,cut3,414,POPC,47,49.52967071533203,33.88469314575195,94.79527282714844
414,cut3,414,POPC,48,163.03419494628906,128.9066162109375,80.89918518066406
414,cut3,414,POPC,49,31.56721305847168,156.28195190429688,83.68980407714844
414,cut3,414,POPC,50,44.66119384765625,56.03319549560547,90.05178833007812
414,cut3,414,POPC,51,103.4858627319336,71.82879638671875,78.59860229492188
414,cut3,414,POPC,52,28.06807518005371,128.00390625,76.71133422851562
414,cut3,414,POPC,53,83.49405670166017,160.97830200195312,79.14669036865234
414,cut3,414,POPC,54,164.92758178710938,165.07933044433594,88.31266784667969
414,cut3,414,POPC,55,120.62288665771484,72.8366928100586,74.20845794677734
414,cut3,414,POPC,56,1.6361984014511108,66.34959411621094,93.33451080322266
414,cut3,414,POPC,57,137.85629272460938,184.12841796875,79.4947280883789
414,cut3,414,POPC,58,182.4736785888672,164.54229736328125,87.11577606201172
414,cut3,414,POPC,59,92.90999603271484,52.007572174072266,82.58007049560547
414,cut3,414,POPC,60,38.7969856262207,153.7079315185547,79.79936218261719
414,cut3,414,POPC,61,177.4208526611328,140.68313598632812,86.57238006591797
414,cut3,414,POPC,62,7.6999335289001465,30.677534103393555,91.75285339355469
414,cut3,414,POPC,63,78.1527328491211,158.2129669189453,78.46894073486328
414,cut3,414,POPC,64,183.03514099121094,88.47766876220703,92.37655639648438
414,cut3,414,POPC,65,109.64319610595703,123.10347747802734,77.15878295898438
414,cut3,414,POPC,66,2.5638413429260254,50.73223114013672,92.41199493408203
414,cut3,414,POPC,67,34.12225341796875,164.940673828125,79.99794006347656
414,cut3,414,POPC,68,83.51258087158203,31.80573081970215,89.1352767944336
414,cut3,414,POPC,69,24.597986221313477,217.36245727539062,92.57230377197266
414,cut3,414,POPC,70,60.34682083129883,27.568893432617188,94.30006408691406
414,cut3,414,POPC,71,128.1240692138672,179.12550354003906,41.87420654296875
414,cut3,414,POPC,72,11.030486106872559,79.81206512451172,91.76371002197266
414,cut3,414,POPC,73,134.3670654296875,116.14310455322266,73.31597900390625
414,cut3,414,POPC,74,166.46429443359375,10.686468124389648,102.49352264404297
414,cut3,414,POPC,75,25.324716567993164,134.1378631591797,77.50609588623047
414,cut3,414,POPC,76,9.871417045593262,195.8996124267578,83.83369445800781
414,cut3,414,POPC,77,133.64138793945312,153.52542114257812,72.49069213867188
414,cut3,414,POPC,78,176.59474182128906,10.177083969116211,59.97412109375
414,cut3,414,POPC,79,120.93584442138672,38.64743423461914,85.85263061523438
414,cut3,414,POPC,80,118.7326431274414,5.081215858459473,97.27308654785156
414,cut3,414,POPC,81,215.06222534179688,4.335505485534668,90.8585433959961
414,cut3,414,POPC,82,76.37708282470703,45.61569595336914,92.12178802490234
414,cut3,414,POPC,83,7.284005641937256,170.76937866210938,85.1658706665039
414,cut3,414,POPC,84,71.51534271240234,158.81556701660156,75.60382080078125
414,cut3,414,POPC,85,140.7564697265625,51.99779510498046,83.87716674804688
414,cut3,414,POPC,86,43.527584075927734,207.70980834960938,89.95497131347656
414,cut3,414,POPC,87,52.07695770263672,25.691652297973633,93.09064483642578
414,cut3,414,POPC,88,203.51646423339844,6.611466407775879,92.63644409179688
414,cut3,414,POPC,89,151.95095825195312,145.4365234375,79.61607360839844
414,cut3,414,POPC,90,72.9566421508789,12.540823936462402,98.28994750976562
414,cut3,414,POPC,91,104.50013732910156,203.55014038085938,92.79428100585938
414,cut3,414,POPC,92,174.95962524414062,128.97064208984375,85.68289184570312
414,cut3,414,POPC,93,18.74759864807129,40.086788177490234,87.93479919433594
414,cut3,414,POPC,94,8.045649528503418,18.55425453186035,91.06361389160156
414,cut3,414,POPC,95,131.24830627441406,170.7279815673828,74.59464263916016
414,cut3,414,POPC,96,179.65052795410156,133.41551208496094,88.10880279541016
414,cut3,414,POPC,97,107.07024383544922,106.53218841552734,44.699195861816406
414,cut3,414,POPC,98,1.1028236150741577,56.2088737487793,93.13773345947266
414,cut3,414,POPC,99,71.35090637207031,152.08575439453125,72.70635223388672
414,cut3,414,POPC,100,210.35733032226562,37.37857437133789,90.44021606445312
414,cut3,414,POPC,101,73.53598022460938,117.65222930908203,71.93949127197266
414,cut3,414,POPC,102,187.21109008789062,140.13827514648438,88.35912322998047
414,cut3,414,POPC,103,79.06517028808594,76.38626098632812,82.0443115234375
414,cut3,414,POPC,104,17.2126522064209,-4.70342493057251,88.29154968261719
414,cut3,414,POPC,105,43.81076431274414,198.8740997314453,90.86468505859375
414,cut3,414,POPC,106,130.1097412109375,46.94621276855469,86.15187072753906
414,cut3,414,POPC,107,117.5733413696289,43.63055419921875,82.83271026611328
414,cut3,414,POPC,108,160.67347717285156,8.64606761932373,101.97844696044922
414,cut3,414,POPC,109,192.2115936279297,168.23599243164062,83.32083892822266
414,cut3,414,POPC,110,107.3612060546875,7.24052619934082,95.59989166259766
414,cut3,414,POPC,111,91.69007110595703,44.86809539794922,90.23597717285156
414,cut3,414,POPC,112,87.65470123291016,216.43333435058594,95.34569549560547
414,cut3,414,POPC,113,182.60443115234375,51.48503112792969,92.12342071533203
414,cut3,414,POPC,114,88.85245513916016,26.25459098815918,90.80625915527344
414,cut3,414,POPC,115,192.4747314453125,201.092041015625,95.56742858886719
414,cut3,414,POPC,116,199.81700134277344,76.3553466796875,96.9439239501953
414,cut3,414,POPC,117,139.32371520996094,38.6878662109375,90.42486572265625
414,cut3,414,POPC,118,38.53776550292969,143.4982452392578,75.67611694335938
414,cut3,414,POPC,119,105.01061248779297,33.32035827636719,95.79327392578125
414,cut3,414,POPC,120,48.065040588378906,6.103772163391113,91.48230743408203
414,cut3,414,POPC,121,155.13255310058594,152.32382202148438,78.79032135009766
414,cut3,414,POPC,122,129.26185607910156,138.86524963378906,69.51802062988281
414,cut3,414,POPC,123,11.659687995910645,222.5154266357422,89.32441711425781
414,cut3,414,POPC,124,43.02738952636719,184.10215759277344,83.57714080810547
414,cut3,414,POPC,125,84.1435317993164,14.378523826599121,96.88489532470702
414,cut3,414,POPC,126,173.4175567626953,168.6706085205078,88.74754333496094
414,cut3,414,POPC,127,82.79425048828125,185.4324493408203,84.92708587646484
414,cut3,414,POPC,128,38.42852020263672,200.53121948242188,48.7774772644043
414,cut3,414,POPC,129,99.13008117675781,128.62289428710938,45.020599365234375
414,cut3,414,POPC,130,66.03777313232422,205.57432556152344,89.37030029296875
414,cut3,414,POPC,131,187.2476348876953,127.46800231933594,87.83948516845703
414,cut3,414,POPC,132,192.6323699951172,110.52669525146484,92.58841705322266
414,cut3,414,POPC,133,200.02769470214844,65.63275909423828,95.47091674804688
414,cut3,414,POPC,134,92.26724243164062,160.7141571044922,75.97276306152344
414,cut3,414,POPC,135,101.36361694335938,91.77621459960938,80.75389862060547
414,cut3,414,POPC,136,171.92864990234375,173.588623046875,91.8544921875
414,cut3,414,POPC,137,44.621009826660156,219.07188415527344,90.82428741455078
414,cut3,414,POPC,138,33.197444915771484,82.01370239257812,92.0528793334961
414,cut3,414,POPC,139,52.56863784790039,155.15310668945312,78.77957153320312
414,cut3,414,POPC,140,126.2775650024414,162.07989501953125,73.29169464111328
414,cut3,414,POPC,141,147.83653259277344,141.74403381347656,76.34835052490234
414,cut3,414,POPC,142,175.11561584472656,63.97081756591797,91.76168060302734
414,cut3,414,POPC,143,136.0850067138672,13.418074607849123,98.51443481445312
414,cut3,414,POPC,144,140.5091094970703,104.29509735107422,76.32325744628906
414,cut3,414,POPC,145,170.35813903808594,51.9449577331543,92.5967025756836
414,cut3,414,POPC,146,65.75019073486328,32.690982818603516,92.50724029541016
414,cut3,414,POPC,147,15.672242164611816,211.1551055908203,82.64874267578125
414,cut3,414,POPC,148,27.837003707885742,33.25603103637695,92.6065139770508
414,cut3,414,POPC,149,17.029680252075195,196.1110076904297,85.70256042480469
414,cut3,414,POPC,150,21.071374893188477,151.81300354003906,83.1923599243164
414,cut3,414,POPC,151,122.17029571533203,152.7238006591797,73.48394775390625
414,cut3,414,POPC,152,63.527278900146484,213.3167266845703,91.56338500976562
414,cut3,414,POPC,153,161.5514678955078,122.3343276977539,78.71612548828125
414,cut3,414,POPC,154,43.272064208984375,32.42757797241211,90.85845184326172
414,cut3,414,POPC,155,53.565128326416016,203.8910675048828,93.25182342529297
414,cut3,414,POPC,156,79.40205383300781,139.92144775390625,78.47451782226562
414,cut3,414,POPC,157,46.37345886230469,225.1944580078125,90.6783447265625
414,cut3,414,POPC,158,194.35003662109375,196.39376831054688,92.60772705078125
414,cut3,414,POPC,159,24.81825065612793,76.41653442382812,91.21837615966797
414,cut3,414,POPC,160,47.331573486328125,115.9664077758789,75.0555191040039
414,cut3,414,POPC,161,88.99534606933594,171.26156616210938,81.5497055053711
414,cut3,414,POPC,162,100.43675231933594,9.595767974853516,94.35234832763672
414,cut3,414,POPC,163,10.868571281433105,23.986309051513672,91.79878234863281
414,cut3,414,POPC,164,42.75217056274414,119.42061614990234,77.66633605957031
414,cut3,414,POPC,165,98.2952880859375,194.6622772216797,83.7704086303711
414,cut3,414,POPC,166,18.38530731201172,80.29407501220703,90.31777954101562
414,cut3,414,POPC,167,166.08334350585938,116.44348907470703,84.12625122070312
414,cut3,414,POPC,168,30.646047592163086,42.27386474609375,93.4887924194336
414,cut3,414,POPC,169,6.445596218109131,207.46656799316406,89.31732940673828
414,cut3,414,POPC,170,121.04450988769531,78.53402709960938,71.66529846191406
414,cut3,414,POPC,171,67.26765441894531,73.38587951660156,87.2691650390625
414,cut3,414,POPC,172,156.23435974121094,21.374738693237305,100.73088073730469
414,cut3,414,POPC,173,44.16009521484375,146.7744140625,75.21906280517578
414,cut3,414,POPC,174,123.29837799072266,48.549129486083984,82.34063720703125
414,cut3,414,POPC,175,212.79092407226562,77.06843566894531,90.55801391601562
414,cut3,414,POPC,176,53.51829147338867,6.603609085083007,94.78826904296875
414,cut3,414,POPC,177,106.9249496459961,40.153934478759766,89.12670135498047
414,cut3,414,POPC,178,108.36386108398438,125.93948364257812,71.46984100341797
414,cut3,414,POPC,179,95.39314270019531,49.317291259765625,86.35869598388672
414,cut3,414,POPC,180,73.33475494384766,52.154869079589844,94.11640167236328
414,cut3,414,POPC,181,89.04019927978516,183.19357299804688,84.86100769042969
414,cut3,414,POPC,182,169.219970703125,216.8880615234375,97.25151824951172
414,cut3,414,POPC,183,123.90773010253906,87.55702209472656,73.5643081665039
414,cut3,414,POPC,184,2.651857852935791,40.939476013183594,58.48974609375
414,cut3,414,POPC,185,200.9254913330078,213.60411071777347,91.17913055419922
414,cut3,414,POPC,186,90.04217529296875,12.522208213806152,98.10779571533203
414,cut3,414,POPC,187,158.09085083007812,222.13453674316406,100.82763671875
414,cut3,414,POPC,188,202.9107208251953,26.10063362121582,91.75244140625
414,cut3,414,POPC,189,48.675376892089844,82.96912384033203,89.66087341308594
414,cut3,414,POPC,190,180.80020141601562,94.12831115722656,92.73213195800781
414,cut3,414,POPC,191,76.52281951904297,34.088253021240234,91.80225372314453
414,cut3,414,POPC,192,185.8536376953125,133.6953582763672,85.8886947631836
414,cut3,414,POPC,193,58.97712326049805,180.33470153808594,82.31986999511719
414,cut3,414,POPC,194,126.32740020751953,73.07832336425781,72.36430358886719
414,cut3,414,POPC,195,185.32933044433594,174.7115478515625,51.25400161743164
414,cut3,414,POPC,196,16.871923446655273,35.30904769897461,91.89354705810547
414,cut3,414,POPC,197,146.33673095703125,154.8339080810547,76.79352569580078
414,cut3,414,POPC,198,5.629378795623779,80.45006561279297,89.3173828125
414,cut3,414,POPC,199,5.515330791473389,12.45801067352295,89.63311004638672
414,cut3,414,POPC,200,36.04352569580078,63.561988830566406,91.04447174072266
414,cut3,414,POPC,201,203.89219665527344,46.236942291259766,94.21586608886719
414,cut3,414,POPC,202,205.55227661132812,184.6133270263672,89.404296875
414,cut3,414,POPC,203,119.4764633178711,187.80140686035156,78.04402923583984
414,cut3,414,POPC,204,186.49356079101562,13.385947227478027,96.64200592041016
414,cut3,414,POPC,205,59.704891204833984,156.75827026367188,79.74207305908203
414,cut3,414,POPC,206,203.79000854492188,93.84339904785156,92.5333251953125
414,cut3,414,POPC,207,193.0684051513672,2.7505950927734375,93.68382263183594
414,cut3,414,POPC,208,188.77957153320315,30.981813430786133,94.80919647216797
414,cut3,414,POPC,209,59.9749870300293,137.5543212890625,77.46321105957031
414,cut3,414,POPC,210,27.416791915893555,9.858814239501953,90.81671905517578
414,cut3,414,POPC,211,62.884342193603516,131.28353881835938,75.99858856201172
414,cut3,414,POPC,212,140.73703002929688,147.36959838867188,72.0427017211914
414,cut3,414,POPC,213,179.8892059326172,122.98149108886719,91.465087890625
414,cut3,414,POPC,214,62.22690963745117,79.19026184082031,88.89885711669922
414,cut3,414,POPC,215,93.30767822265625,19.83830070495606,96.62633514404297
414,cut3,414,POPC,216,38.48311996459961,217.6757354736328,90.98915100097656
414,cut3,414,POPC,217,42.039974212646484,65.53302001953125,88.7367935180664
414,cut3,414,POPC,218,99.32696533203125,106.35271453857422,88.20372772216797
414,cut3,414,POPC,219,12.916831016540527,54.92390441894531,90.43257141113281
414,cut3,414,POPC,220,141.77261352539062,159.86599731445312,75.14454650878906
414,cut3,414,POPC,221,3.141624927520752,163.72210693359375,81.37157440185547
414,cut3,414,POPC,222,16.464468002319336,139.43600463867188,78.11300659179688
414,cut3,414,POPC,223,95.16441345214844,29.6195125579834,93.27677154541016
414,cut3,414,POPC,224,134.73963928222656,137.0176544189453,73.22261810302734
414,cut3,414,POPC,225,155.92840576171875,186.409423828125,88.12393951416016
414,cut3,414,POPC,226,153.4039306640625,174.0945281982422,45.541866302490234
414,cut3,414,POPC,227,133.48468017578125,161.58526611328125,76.6915283203125
414,cut3,414,POPC,228,101.39982604980469,197.79571533203125,87.94393920898438
414,cut3,414,POPC,229,184.5445098876953,172.8731689453125,88.35020446777344
414,cut3,414,POPC,230,89.09174346923828,91.55455780029297,79.91643524169922
414,cut3,414,POPC,231,115.56271362304688,132.3258514404297,69.87771606445312
414,cut3,414,POPC,232,133.06361389160156,6.743101119995117,96.55833435058594
414,cut3,414,POPC,233,208.5386199951172,193.30377197265625,91.79729461669922
414,cut3,414,POPC,234,200.64869689941406,202.84400939941406,91.94169616699219
414,cut3,414,POPC,235,70.9642562866211,182.55612182617188,85.12030792236328
414,cut3,414,POPC,236,161.4954376220703,79.9665298461914,84.92742156982422
414,cut3,414,POPC,237,137.81576538085938,68.79649353027344,78.54471588134766
414,cut3,414,POPC,238,80.2225570678711,188.5513153076172,88.7496566772461
414,cut3,414,POPC,239,20.386737823486328,28.920434951782227,90.96188354492188
414,cut3,414,POPC,240,130.50135803222656,88.98765563964844,70.48130798339844
414,cut3,414,POPC,241,80.72057342529297,52.89630126953125,49.4794921875
414,cut3,414,POPC,242,22.17841911315918,184.86570739746094,86.63646697998047
414,cut3,414,POPC,243,64.92887115478516,43.76764678955078,93.32167053222658
414,cut3,414,POPC,244,193.3975830078125,44.70966339111328,95.0018310546875
414,cut3,414,POPC,245,140.05908203125,45.43609619140625,88.2271957397461
414,cut3,414,POPC,246,165.3794708251953,102.7131118774414,88.90498352050781
414,cut3,414,POPC,247,172.60789489746094,118.17247009277344,87.20643615722656
414,cut3,414,POPC,248,94.2896728515625,7.2955780029296875,97.96211242675781
414,cut3,414,POPC,249,8.75222110748291,149.49468994140625,80.80133056640625
414,cut3,414,POPC,250,171.29119873046875,180.7255096435547,91.34907531738281
414,cut3,414,POPC,251,52.3857421875,184.41024780273438,86.88216400146484
414,cut3,414,POPC,252,152.43978881835938,60.18321228027344,79.96121215820312
414,cut3,414,POPC,253,11.6128568649292,67.09915924072266,92.80364990234375
414,cut3,414,POPC,254,55.981258392333984,88.78861236572266,89.29956817626953
414,cut3,414,POPC,255,190.68408203125,54.72417068481445,95.72998809814453
414,cut3,414,POPC,256,82.49258422851562,56.436954498291016,85.59413146972656
414,cut3,414,POPC,257,174.9661407470703,105.5025863647461,93.4789810180664
414,cut3,414,POPC,258,137.0484161376953,124.28131866455078,74.86095428466797
414,cut3,414,POPC,259,79.68069458007812,63.475486755371094,81.70211029052734
414,cut3,414,POPC,260,148.01112365722656,164.55538940429688,81.04129028320312
414,cut3,414,POPC,261,144.72251892089844,148.29779052734375,76.56466674804688
414,cut3,414,POPC,262,184.54736328125003,3.178882122039795,98.23133850097656
414,cut3,414,POPC,263,38.60385513305664,127.7231674194336,79.17769622802734
414,cut3,414,POPC,264,54.68197250366211,115.87979888916016,75.25382995605469
414,cut3,414,POPC,265,47.97484588623047,188.14369201660156,83.93331909179688
414,cut3,414,POPC,266,149.4464874267578,70.97803497314455,78.20768737792969
414,cut3,414,POPC,267,179.44219970703125,150.98123168945312,86.71314239501953
414,cut3,414,POPC,268,182.46441650390625,114.45935821533203,52.23783874511719
414,cut3,414,POPC,269,95.27627563476562,66.02644348144531,77.6426010131836
414,cut3,414,POPC,270,132.91744995117188,59.74067306518555,80.5069808959961
414,cut3,414,POPC,271,72.83988952636719,188.0174560546875,90.15006256103516
414,cut3,414,POPC,272,202.9176483154297,189.7192840576172,90.49909973144531
414,cut3,414,POPC,273,107.57740783691406,66.73468017578125,76.90928649902344
414,cut3,414,POPC,274,135.52577209472656,177.57798767089844,73.57855987548828
414,cut3,414,POPC,275,94.75520324707031,76.7365951538086,82.10421752929688
414,cut3,414,POPC,276,1.6436628103256226,217.25379943847656,88.74557495117188
414,cut3,414,POPC,277,122.83370208740234,174.62301635742188,73.66752624511719
414,cut3,414,POPC,278,10.233393669128418,47.631324768066406,90.80560302734375
414,cut3,414,POPC,279,122.77439880371094,134.90542602539062,71.0177993774414
414,cut3,414,POPC,280,81.8232650756836,121.81824493408203,76.213623046875
414,cut3,414,POPC,281,189.5768585205078,7.580377578735352,96.17070007324219
414,cut3,414,POPC,282,204.1656494140625,38.15910339355469,92.01492309570312
414,cut3,414,POPC,283,70.86703491210938,173.07525634765625,86.67886352539062
414,cut3,414,POPC,284,53.3264045715332,197.76219177246094,88.29595947265625
414,cut3,414,POPC,285,16.11019515991211,11.783148765563965,90.46247100830078
414,cut3,414,POPC,286,91.6446533203125,38.811485290527344,91.82662963867188
414,cut3,414,POPC,287,152.46942138671875,18.194808959960938,97.26951599121094
414,cut3,414,POPC,288,21.756303787231445,53.423709869384766,88.27281951904297
414,cut3,414,POPC,289,147.96217346191406,66.89766693115234,38.584503173828125
414,cut3,414,POPC,290,82.54222106933594,48.322811126708984,89.93518829345703
414,cut3,414,POPC,291,24.570035934448242,23.524913787841797,89.90188598632812
414,cut3,414,POPC,292,195.44232177734375,186.96923828125,89.21148681640625
414,cut3,414,POPC,293,209.48800659179688,45.34371566772461,95.06693267822266
414,cut3,414,POPC,294,21.159914016723633,8.80910587310791,87.6799087524414
414,cut3,414,POPC,295,107.26022338867188,23.838253021240234,97.74827575683594
414,cut3,414,POPC,296,103.83187103271484,88.59623718261719,75.91658020019531
414,cut3,414,POPC,297,15.065133094787598,161.653076171875,83.11334991455078
414,cut3,414,POPC,298,58.69435501098633,19.371456146240234,93.04029846191406
414,cut3,414,POPC,299,11.549702644348145,205.0159912109375,85.1642837524414
414,cut3,414,POPC,300,49.618709564208984,94.12689208984375,83.40711212158203
414,cut3,414,POPC,301,83.69355010986328,39.64382553100586,89.41244506835938
414,cut3,414,POPC,302,100.7375259399414,18.730363845825195,94.07453155517578
414,cut3,414,POPC,303,33.039546966552734,194.40309143066406,89.07635498046875
414,cut3,414,POPC,304,179.55445861816406,216.2809295654297,95.26844024658203
414,cut3,414,POPC,305,51.35231018066406,76.43002319335938,91.24560546875
414,cut3,414,POPC,306,187.44114685058594,116.60813903808594,97.71589660644531
414,cut3,414,POPC,307,181.6995391845703,59.927608489990234,92.12024688720703
414,cut3,414,POPC,308,212.60421752929688,173.01846313476562,88.30235290527344
414,cut3,414,POPC,309,19.226699829101562,189.47640991210938,83.5684585571289
414,cut3,414,POPC,310,200.60855102539062,219.74617004394528,93.19210815429688
414,cut3,414,POPC,311,87.62702178955078,-2.5743050575256348,95.5190658569336
414,cut3,414,POPC,312,117.51457214355469,212.03463745117188,96.57472229003906
414,cut3,414,POPC,313,86.12586975097656,130.98849487304688,83.07476806640625
414,cut3,414,POPC,314,50.469791412353516,54.65065383911133,90.70587158203125
414,cut3,414,POPC,315,68.19908142089844,119.98347473144531,72.00270080566406
414,cut3,414,POPC,316,109.36331939697266,97.00297546386719,78.6222152709961
414,cut3,414,POPC,317,17.731163024902344,73.92720794677734,92.84644317626953
414,cut3,414,POPC,318,106.76065826416016,187.44874572753906,83.47270965576172
414,cut3,414,POPC,319,61.538028717041016,95.98989868164062,83.88125610351562
414,cut3,414,POPC,320,25.216421127319336,192.5784149169922,85.46057891845703
414,cut3,414,POPC,321,170.5760498046875,210.5641632080078,94.93888092041016
414,cut3,414,POPC,322,28.724103927612305,162.1962890625,81.88377380371094
414,cut3,414,POPC,323,26.87220573425293,-1.2563519477844238,89.70111083984375
414,cut3,414,POPC,324,180.3319244384766,208.1156463623047,95.6972885131836
414,cut3,414,POPC,325,85.39905548095703,6.702966690063477,98.86705017089844
414,cut3,414,POPC,326,28.84454917907715,122.27981567382812,81.96385955810547
414,cut3,414,POPC,327,185.7093353271484,191.8968048095703,91.33104705810547
414,cut3,414,POPC,328,199.53927612304688,55.20490646362305,96.7083511352539
414,cut3,414,POPC,329,74.9889144897461,21.065725326538086,94.25037384033203
414,cut3,414,POPC,330,9.802468299865723,9.241913795471191,90.74396514892578
414,cut3,414,POPC,331,10.467520713806152,37.792598724365234,89.45573425292969
414,cut3,414,POPC,332,122.40897369384766,206.2582244873047,94.72772979736328
414,cut3,414,POPC,333,144.56993103027344,76.952392578125,70.80123138427734
414,cut3,414,POPC,334,1.610879302024841,72.29297637939453,94.29510498046875
414,cut3,414,POPC,335,177.0604705810547,9.694238662719727,102.06741333007812
414,cut3,414,POPC,336,181.71051025390625,117.22942352294922,94.7356948852539
414,cut3,414,POPC,337,206.44680786132812,189.9375457763672,46.84605026245117
414,cut3,414,POPC,338,116.08138275146484,53.02458572387695,81.78253936767578
414,cut3,414,POPC,339,33.50982666015625,22.25722312927246,94.68399810791016
414,cut3,414,POPC,340,142.81411743164062,109.71569061279297,78.24726867675781
414,cut3,414,POPC,341,23.075735092163086,179.03286743164062,84.71117401123047
414,cut3,414,POPC,342,32.22358322143555,13.47449016571045,91.0381851196289
414,cut3,414,POPC,343,175.70460510253906,147.21771240234375,84.0206832885742
414,cut3,414,POPC,344,126.40589141845703,65.63297271728516,76.03846740722656
414,cut3,414,POPC,345,113.49478912353516,189.32456970214844,88.87272644042969
414,cut3,414,POPC,346,99.82881164550781,43.33512878417969,87.14523315429688
414,cut3,414,POPC,347,20.781160354614258,142.86875915527344,79.66407775878906
414,cut3,414,POPC,348,169.04498291015625,154.34188842773438,85.77091979980469
414,cut3,414,POPC,349,194.1592559814453,105.29638671875,90.73613739013672
414,cut3,414,POPC,350,147.83502197265625,180.9790496826172,82.78714752197266
414,cut3,414,POPC,351,157.26564025878906,171.58457946777344,86.7536392211914
414,cut3,414,POPC,352,48.41654586791992,160.41348266601565,79.5262222290039
414,cut3,414,POPC,353,68.00409698486328,193.4918975830078,90.05245208740234
414,cut3,414,POPC,354,127.9497299194336,115.69515228271484,73.22704315185547
414,cut3,414,POPC,355,55.60783767700195,103.83515930175781,72.40234375
414,cut3,414,POPC,356,133.74429321289062,77.6542739868164,69.36752319335938
414,cut3,414,POPC,357,191.3235321044922,146.21180725097656,84.4490966796875
414,cut3,414,POPC,358,30.619035720825195,205.0369415283203,87.37481689453125
414,cut3,414,POPC,359,163.92001342773438,25.462047576904297,102.22701263427734
414,cut3,414,POPC,360,176.5039825439453,70.0870361328125,92.30171203613281
414,cut3,414,POPC,361,46.98637771606445,178.58474731445312,80.7637710571289
414,cut3,414,POPC,362,187.7574462890625,168.57217407226562,87.5478744506836
414,cut3,414,POPC,363,13.423161506652832,16.768184661865238,89.29989624023438
414,cut3,414,POPC,364,27.41126441955566,53.5657844543457,94.97772216796875
414,cut3,414,POPC,365,212.21319580078125,15.667107582092285,92.14546203613281
414,cut3,414,POPC,366,109.5361099243164,30.193330764770508,91.93846893310547
414,cut3,414,POPC,367,118.75606536865234,95.4139175415039,71.94367980957031
414,cut3,414,POPC,368,198.75271606445312,151.4169464111328,79.99535369873047
414,cut3,414,POPC,369,19.970685958862305,18.036819458007812,92.02133178710938
414,cut3,414,POPC,370,206.70779418945312,68.19615173339844,93.80587005615234
414,cut3,414,POPC,371,192.27130126953125,176.07266235351562,86.4011459350586
414,cut3,414,POPC,372,25.361536026000977,40.22724914550781,90.75741577148438
414,cut3,414,POPC,373,12.859467506408691,121.29907989501953,80.34227752685547
414,cut3,414,POPC,374,155.02601623535156,140.74661254882815,80.39820098876953
414,cut3,414,POPC,375,110.21540832519531,58.077491760253906,77.4631576538086
414,cut3,414,POPC,376,31.35178565979004,50.11672592163086,96.3480453491211
414,cut3,414,POPC,377,92.98770904541016,122.55548858642578,75.54637908935547
414,cut3,414,POPC,378,212.61476135253906,28.587671279907227,90.20890808105469
414,cut3,414,POPC,379,152.49179077148438,23.731822967529297,92.60636138916016
414,cut3,414,POPC,380,187.0867462158203,214.60328674316406,96.19441223144531
414,cut3,414,POPC,381,45.21462631225586,153.4266815185547,77.67807006835938
414,cut3,414,POPC,382,12.161498069763184,166.72792053222656,85.84615325927734
414,cut3,414,POPC,383,86.51848602294922,65.96517181396484,79.79480743408203
414,cut3,414,POPC,384,144.06941223144534,139.05210876464844,38.22245407104492
414,cut3,414,POPC,385,69.07819366455078,138.58840942382812,78.18058776855469
414,cut3,414,POPC,386,204.5003204345703,13.355183601379395,94.74180603027344
414,cut3,414,POPC,387,111.96127319335938,142.99945068359375,73.84734344482422
414,cut3,414,POPC,388,186.65420532226562,207.6824951171875,95.33417510986328
414,cut3,414,POPC,389,45.167720794677734,75.45677947998047,91.29590606689453
414,cut3,414,POPC,390,182.80809020996094,158.77357482910156,86.408203125
414,cut3,414,POPC,391,127.31629943847656,81.94746398925781,69.71885681152344
414,cut3,414,POPC,392,171.11683654785156,159.41510009765625,87.41191864013672
414,cut3,414,POPC,393,146.93301391601562,172.0291748046875,85.96295928955078
414,cut3,414,POPC,394,63.10249710083008,2.1919379234313965,94.42503356933594
414,cut3,414,POPC,395,103.61857604980469,59.54988479614258,75.59262084960938
414,cut3,414,POPC,396,101.52803802490234,152.55242919921875,76.65190887451172
414,cut3,414,POPC,397,111.49566650390625,225.72378540039062,96.52442169189453
414,cut3,414,POPC,398,17.469484329223633,47.052391052246094,86.17689514160156
414,cut3,414,POPC,399,57.14884567260742,64.650634765625,90.79582977294922
414,cut3,414,POPC,400,149.81251525878906,55.035118103027344,83.00943756103516
414,cut3,414,POPC,401,142.14759826660156,7.155032157897949,98.70382690429688
414,cut3,414,POPC,402,143.16973876953125,223.54969787597656,98.45063781738281
414,cut3,414,POPC,403,75.42835998535156,39.84257507324219,90.8131103515625
414,cut3,414,POPC,404,76.50978088378906,218.68260192871094,95.74806213378906
414,cut3,414,POPC,405,106.8377685546875,120.60708618164062,81.25362396240234
414,cut3,414,POPC,406,79.37955474853516,211.47225952148438,93.28715515136719
414,cut3,414,POPC,407,46.60546112060547,193.9759979248047,85.3862075805664
414,cut3,414,POPC,408,46.09272003173828,28.600370407104492,94.7964859008789
414,cut3,414,POPC,409,90.82697296142578,83.16524505615234,81.34696197509766
414,cut3,414,POPC,410,31.975496292114258,135.7401580810547,76.15156555175781
414,cut3,414,POPC,411,116.96453094482422,222.4297637939453,96.04276275634766
414,cut3,414,POPC,412,153.8674774169922,114.33641052246094,80.1636962890625
414,cut3,414,POPC,413,113.587158203125,157.17677307128906,69.57534790039062
414,cut3,414,POPC,414,71.96172332763672,207.68331909179688,92.09595489501953
414,cut3,414,POPC,415,115.00088500976562,71.96337127685547,76.34335327148438
414,cut3,414,POPC,416,217.0640869140625,199.3416748046875,87.46279907226562
414,cut3,414,POPC,417,191.21229553222656,87.4232406616211,94.22383880615234
414,cut3,414,POPC,418,207.72271728515625,85.19784545898438,94.67972564697266
414,cut3,414,POPC,419,192.297607421875,67.95447540283203,93.91582489013672
414,cut3,414,POPC,420,133.53982543945312,68.9242172241211,73.69508361816406
414,cut3,414,POPC,421,186.83740234375,24.319976806640625,98.7415771484375
414,cut3,414,POPC,422,205.11019897460938,80.05195617675781,93.0341796875
414,cut3,414,POPC,423,39.88404083251953,168.737060546875,78.30401611328125
414,cut3,414,POPC,424,212.40309143066406,23.59601402282715,93.13130950927734
414,cut3,414,POPC,425,135.45877075195312,143.83084106445312,73.16497802734375
414,cut3,414,POPC,426,173.9331512451172,1.5232915878295898,100.35671997070312
414,cut3,414,POPC,427,197.75559997558594,181.96922302246094,90.35320281982422
414,cut3,414,POPC,428,146.6861114501953,132.58778381347656,74.85922241210938
414,cut3,414,POPC,429,54.06428909301758,169.90353393554688,82.24100494384766
414,cut3,414,POPC,430,31.809789657592773,171.71131896972656,81.6341552734375
414,cut3,414,POPC,431,186.452392578125,64.23184204101562,94.62248992919922
414,cut3,414,POPC,432,132.09500122070312,221.859619140625,94.99877166748047
414,cut3,414,POPC,433,141.89727783203125,122.0049819946289,72.56645965576172
414,cut3,414,POPC,434,34.56558609008789,-0.06370876729488373,89.56059265136719
414,cut3,414,POPC,435,169.95703125,130.8613739013672,82.39231872558594
414,cut3,414,POPC,436,95.05939483642578,154.6058807373047,76.1171646118164
414,cut3,414,POPC,437,127.47156524658203,123.2698974609375,71.22828674316406
414,cut3,414,POPC,438,74.19988250732422,88.2430648803711,83.01936340332031
414,cut3,414,POPC,439,47.86997985839844,140.0497589111328,76.13417053222656
414,cut3,414,POPC,440,71.25338745117188,61.14733123779297,85.06629943847656
414,cut3,414,POPC,441,26.318326950073242,87.0064926147461,91.15206146240236
414,cut3,414,POPC,442,185.9793701171875,83.88304138183594,90.6124496459961
414,cut3,414,POPC,443,50.16531753540039,40.449371337890625,95.12337493896484
414,cut3,414,POPC,444,86.18225860595703,86.44271850585938,80.14482116699219
414,cut3,414,POPC,445,51.813201904296875,177.51504516601562,80.0792236328125
414,cut3,414,POPC,446,99.716064453125,223.30300903320312,98.2390365600586
414,cut3,414,POPC,447,173.1312713623047,20.709243774414066,102.72765350341797
414,cut3,414,POPC,448,96.35792541503906,204.1697998046875,94.91835021972656
414,cut3,414,POPC,449,89.10157012939453,45.237640380859375,53.921382904052734
414,cut3,414,POPC,450,36.13372039794922,70.05941009521484,90.55110931396484
414,cut3,414,POPC,451,121.41178894042969,59.646507263183594,80.28695678710938
414,cut3,414,POPC,452,206.17022705078125,214.50331115722656,53.35966110229492
414,cut3,414,POPC,453,19.996219635009766,207.6891632080078,84.08055877685547
414,cut3,414,POPC,454,50.55215835571289,145.9167938232422,77.56896209716797
414,cut3,414,POPC,455,142.03582763671875,176.3509521484375,81.22187042236328
414,cut3,414,POPC,456,167.0258331298828,92.7831802368164,89.26988220214844
414,cut3,414,POPC,457,35.4685173034668,37.633323669433594,92.94314575195312
414,cut3,414,POPC,458,54.407169342041016,131.4489288330078,77.91376495361328
414,cut3,414,POPC,459,171.0174102783203,79.7361831665039,91.07469940185547
414,cut3,414,POPC,460,174.12413024902344,58.24496078491211,92.12155151367188
414,cut3,414,POPC,461,56.83567428588867,51.89409637451172,90.71028900146484
414,cut3,414,POPC,462,50.135643005371094,17.42742156982422,92.45172119140625
414,cut3,414,POPC,463,19.100229263305664,172.89451599121094,82.6417007446289
414,cut3,414,POPC,464,187.27093505859375,220.62648010253906,98.01629638671875
414,cut3,414,POPC,465,77.8541488647461,133.02789306640625,78.89070129394531
414,cut3,414,POPC,466,12.83156490325928,214.2410888671875,89.28059387207031
414,cut3,414,POPC,467,31.101736068725586,140.3601837158203,80.63448333740234
414,cut3,414,POPC,468,77.68775177001953,175.9447479248047,81.78976440429688
414,cut3,414,POPC,469,67.25524139404297,144.0775909423828,76.47854614257812
414,cut3,414,POPC,470,199.54554748535156,122.94905853271484,89.69048309326172
414,cut3,414,POPC,471,177.13941955566403,29.443819046020508,99.32929229736328
414,cut3,414,POPC,472,65.3155517578125,176.18603515625,85.41035461425781
414,cut3,414,POPC,473,59.710269927978516,47.19652557373047,95.45460510253906
414,cut3,414,POPC,474,39.572269439697266,134.2642822265625,78.4144058227539
414,cut3,414,POPC,475,148.5745086669922,125.60955810546875,78.33787536621094
414,cut3,414,POPC,476,141.4550323486328,63.324432373046875,84.02226257324219
414,cut3,414,POPC,477,30.210176467895508,114.85214233398438,77.76371765136719
414,cut3,414,POPC,478,159.494873046875,116.55949401855469,82.51458740234375
414,cut3,414,POPC,479,163.11538696289062,177.9740447998047,86.9910888671875
414,cut3,414,POPC,480,182.69020080566406,102.77882385253906,92.58721160888672
414,cut3,414,POPC,481,204.71975708007812,19.790504455566406,94.81571960449219
414,cut3,414,POPC,482,60.448123931884766,168.65309143066406,83.81672668457031
414,cut3,414,POPC,483,59.549007415771484,146.45416259765625,78.39087677001953
414,cut3,414,POPC,484,57.83414840698242,82.06316375732422,92.599853515625
414,cut3,414,POPC,485,45.63142395019531,125.06848907470703,78.5938720703125
414,cut3,414,POPC,486,151.0179901123047,9.728615760803223,100.29293823242188
414,cut3,414,POPC,487,82.4783706665039,168.37863159179688,83.10562133789062
414,cut3,414,POPC,488,41.6081657409668,162.35403442382812,80.41889190673828
414,cut3,414,POPC,489,81.89717102050781,152.5557098388672,76.39408111572266
414,cut3,414,POPC,490,166.0943603515625,122.98078918457031,85.17056274414062
414,cut3,414,POPC,491,150.49044799804688,189.32823181152344,87.60533905029297
414,cut3,414,POPC,492,122.78453826904297,43.58616256713867,49.90087890625
414,cut3,414,POPC,493,28.993680953979492,72.15550231933594,93.0814208984375
414,cut3,414,POPC,494,211.5955810546875,10.219429016113281,93.36282348632812
414,cut3,414,POPC,495,123.44290924072266,168.837158203125,73.45002746582031
414,cut3,414,POPC,496,126.843505859375,14.033413887023926,95.65535736083984
414,cut3,414,POPC,497,89.40525817871094,189.36416625976562,84.06208801269531
414,cut3,414,POPC,498,118.08628845214844,201.05384826660156,93.51339721679688
414,cut3,414,POPC,499,72.33258056640625,226.92108154296875,94.7850112915039
414,cut3,414,POPC,500,115.22218322753906,32.968177795410156,89.31869506835938
414,cut3,414,POPC,501,62.31277847290039,122.51100158691406,75.30154418945312
414,cut3,414,POPC,502,185.26258850097656,146.16656494140625,86.1834945678711
414,cut3,414,POPC,503,98.33368682861328,81.01170349121094,78.8086929321289
414,cut3,414,POPC,504,200.92901611328125,158.7378692626953,85.08236694335938
414,cut3,414,POPC,505,128.70938110351562,55.46703338623047,84.43384552001953
414,cut3,414,POPC,506,117.63264465332031,25.435422897338867,93.76164245605469
414,cut3,414,POPC,507,174.9128875732422,37.48824691772461,97.99657440185547
414,cut3,414,POPC,508,123.79446411132812,142.0330352783203,72.632080078125
414,cut3,414,POPC,509,3.395822048187256,157.7600555419922,81.12742614746094
414,cut3,414,POPC,510,38.08342742919922,28.622129440307617,91.91747283935547
414,cut3,414,POPC,511,162.89361572265625,83.9294662475586,88.9378433227539
414,cut3,414,POPC,512,87.64927673339844,179.29327392578125,80.6669921875
414,cut3,414,POPC,513,86.20964050292969,204.2340850830078,92.57809448242188
414,cut3,414,POPC,514,62.5222053527832,17.863893508911133,98.59625244140625
414,cut3,414,POPC,515,179.2975616455078,1.0053997039794922,100.41670227050781
414,cut3,414,POPC,516,195.4885711669922,83.04825592041016,94.59231567382812
414,cut3,414,POPC,517,101.17877197265625,3.203087329864502,97.26799774169922
414,cut3,414,POPC,518,30.696306228637695,211.87106323242188,89.55447387695312
414,cut3,414,POPC,519,191.4744415283203,17.195520401000977,94.81761932373047
414,cut3,414,POPC,520,113.28424072265625,91.88665008544922,75.47859191894531
414,cut3,414,POPC,521,16.799760818481445,0.9863824844360352,88.51956176757812
414,cut3,414,POPC,522,206.6120147705078,219.75830078125,90.90583801269531
414,cut3,414,POPC,523,204.06355285644534,197.7467498779297,91.58888244628906
414,cut3,414,POPC,524,4.139429569244385,179.58506774902344,87.34696197509766
414,cut3,414,POPC,525,170.14434814453125,102.97313690185547,92.0986328125
414,cut3,414,POPC,526,194.11717224121094,11.279082298278809,96.91001892089844
414,cut3,414,POPC,527,31.038774490356445,5.081399917602539,88.13689422607422
414,cut3,414,POPC,528,11.386435508728027,73.03310394287111,90.61698150634766
414,cut3,414,POPC,529,208.08009338378906,58.373512268066406,94.67655944824219
414,cut3,414,POPC,530,153.78936767578125,94.5442886352539,79.48556518554688
414,cut3,414,POPC,531,196.6414031982422,21.772356033325195,94.67478942871094
414,cut3,414,POPC,532,129.0572509765625,41.02245330810547,90.47767639160156
414,cut3,414,POPC,533,92.90235900878906,214.58973693847656,93.88719177246094
414,cut3,414,POPC,534,75.66471099853516,56.916961669921875,85.53489685058594
414,cut3,414,POPC,535,96.1981201171875,58.152244567871094,81.3210678100586
414,cut3,414,POPC,536,175.57357788085938,26.26091766357422,104.08635711669922
414,cut3,414,POPC,537,89.05023193359375,142.4125518798828,76.06145477294922
414,cut3,414,POPC,538,56.88508224487305,163.4051513671875,80.41609954833984
414,cut3,414,POPC,539,84.69723510742188,79.27613830566406,83.07738494873047
414,cut3,414,POPC,540,68.89974975585938,67.0322036743164,86.46028900146484
414,cut3,414,POPC,541,120.5442123413086,64.3006591796875,76.47579956054688
414,cut3,414,POPC,542,154.9325714111328,216.16452026367188,98.60107421875
414,cut3,414,POPC,543,42.736572265625,11.293174743652344,93.02593231201172
414,cut3,414,POPC,544,101.88810729980469,94.39994812011719,88.08081817626953
414,cut3,414,POPC,545,211.99021911621094,184.83366394042966,90.66441345214844
414,cut3,414,POPC,546,2.9169650077819824,190.4585418701172,90.73452758789062
414,cut3,414,POPC,547,84.81460571289062,99.0701675415039,80.74117279052734
414,cut3,414,POPC,548,66.02957916259766,187.01266479492188,86.34699249267578
414,cut3,414,POPC,549,15.37898540496826,182.966796875,83.34375
414,cut3,414,POPC,550,92.34829711914062,148.64402770996094,77.46534729003906
414,cut3,414,POPC,551,90.25577545166016,125.28079986572266,80.80940246582031
414,cut3,414,POPC,552,66.02141571044922,156.75833129882812,75.81124877929688
414,cut3,414,POPC,553,64.22109985351562,56.853519439697266,93.07827758789062
414,cut3,414,POPC,554,194.0366668701172,28.537858963012695,95.27873229980469
414,cut3,414,POPC,555,206.30801391601562,171.92945861816406,87.46807098388672
414,cut3,414,POPC,556,56.24314498901367,93.66352844238281,48.0245475769043
414,cut3,414,POPC,557,128.06683349609375,218.67453002929688,97.8006362915039
414,cut3,414,POPC,558,42.9525260925293,39.138633728027344,92.48492431640625
414,cut3,414,POPC,559,184.33050537109375,75.09385681152344,95.1075439453125
414,cut3,414,POPC,560,154.8643798828125,125.09722137451172,80.4105453491211
414,cut3,414,POPC,561,59.12749099731445,199.98887634277344,87.91716003417969
414,cut3,414,POPC,562,181.56080627441406,108.45909881591797,93.78861999511719
414,cut3,414,POPC,563,36.37651062011718,114.39665985107422,79.84935760498047
414,cut3,414,POPC,564,137.2133331298828,168.5808868408203,75.50175476074219
414,cut3,414,POPC,565,89.76367950439453,195.28652954101562,85.4600830078125
414,cut3,414,POPC,566,167.88180541992188,170.51287841796875,87.8741455078125
414,cut3,414,POPC,567,181.44003295898438,93.49002838134766,51.44302749633789
414,cut3,414,POPC,568,39.880699157714844,5.920289993286133,89.79852294921875
414,cut3,414,POPC,569,3.8954625129699707,36.333431243896484,91.45034790039062
414,cut3,414,POPC,570,173.27125549316406,87.83901977539062,92.90906524658203
414,cut3,414,POPC,571,210.61349487304688,131.3889923095703,81.77933502197266
414,cut3,414,POPC,572,31.932355880737305,184.69886779785156,87.50936889648438
414,cut3,414,POPC,573,15.969103813171387,127.90736389160156,77.969970703125
414,cut3,414,POPC,574,66.9248275756836,150.45077514648438,76.47652435302734
414,cut3,414,POPC,575,106.17696380615234,39.10502624511719,52.218093872070305
414,cut3,414,POPC,576,69.0998306274414,80.65933227539062,81.66332244873047
414,cut3,414,POPC,577,19.040739059448242,216.52146911621094,86.16015625
414,cut3,414,POPC,578,48.76231002807617,210.08541870117188,88.39838409423828
414,cut3,414,POPC,579,142.03070068359375,189.0860137939453,82.69811248779297
414,cut3,414,POPC,580,150.67208862304688,108.53784942626953,80.96954345703125
414,cut3,414,POPC,581,19.62867546081543,114.38575744628906,78.90080261230469
414,cut3,414,POPC,582,9.728667259216309,184.14530944824216,85.80574035644531
414,cut3,414,POPC,583,161.97268676757812,108.44618988037111,84.19901275634766
414,cut3,414,POPC,584,105.69400024414062,210.85690307617188,95.56964874267578
414,cut3,414,POPC,585,123.65213012695312,27.118976593017578,94.72645568847656
414,cut3,414,POPC,586,155.7805938720703,2.4961395263671875,100.50535583496094
414,cut3,414,POPC,587,174.48431396484375,218.7091064453125,98.79923248291016
414,cut3,414,POPC,588,42.104713439941406,174.7869873046875,80.76846313476562
414,cut3,414,POPC,589,84.67298126220703,210.38204956054688,95.0030746459961
414,cut3,414,POPC,590,37.72826385498047,191.40249633789062,86.83477020263672
414,cut3,414,POPC,591,74.35385131835938,127.63420867919922,79.00607299804688
414,cut3,414,POPC,592,94.17606353759766,23.923656463623047,91.86338806152344
414,cut3,414,POPC,593,72.73339080810547,216.5634002685547,91.43128967285156
414,cut3,414,POPC,594,34.628150939941406,16.841421127319336,51.00832748413086
414,cut3,414,POPC,595,162.71669006347656,137.3611297607422,82.66017150878906
414,cut3,414,POPC,596,55.94014358520508,218.84649658203125,95.44442749023438
414,cut3,414,POPC,597,59.6550407409668,11.245059967041016,95.97676086425781
414,cut3,414,POPC,598,55.04378128051757,-0.5606920719146729,93.23921966552734
414,cut3,414,POPC,599,80.08483123779297,-1.5182292461395264,94.90582275390626
414,cut3,414,POPC,600,55.07619857788086,121.41716766357422,76.97801208496094
414,cut3,414,POPC,601,68.55635070800781,7.398774147033691,96.09573364257812
414,cut3,414,POPC,602,76.58871459960938,148.16937255859375,75.5523452758789
414,cut3,414,POPC,603,40.00520324707031,75.08402252197266,92.7437973022461
414,cut3,414,POPC,604,213.42942810058594,206.95883178710938,89.21430969238281
414,cut3,414,POPC,605,124.21566772460938,94.02706146240234,70.6135025024414
414,cut3,414,POPC,606,153.69229125976562,166.4670867919922,83.01470947265625
414,cut3,414,POPC,607,117.602783203125,165.70523071289062,70.72264862060545
414,cut3,414,POPC,608,130.0324249267578,94.48804473876953,31.952959060668945
414,cut3,414,POPC,609,20.571557998657227,68.98614501953125,54.86294937133789
414,cut3,414,POPC,610,93.95353698730469,179.13694763183594,41.92439270019531
414,cut3,414,POPC,611,163.94700622558594,144.48806762695312,54.04854965209961
414,cut3,414,POPC,612,59.4412956237793,38.44712829589844,54.57059860229492
414,cut3,414,POPC,613,162.6605224609375,172.0310516357422,48.014102935791016
414,cut3,414,POPC,614,139.8088836669922,142.98080444335938,38.933570861816406
414,cut3,414,POPC,615,141.10704040527344,220.22283935546875,64.3845443725586
414,cut3,414,POPC,616,174.38839721679688,223.02239990234378,57.167381286621094
414,cut3,414,POPC,617,92.51152038574219,186.1730194091797,44.02546691894531
414,cut3,414,POPC,618,81.4974365234375,168.6080780029297,39.48411560058594
414,cut3,414,POPC,619,170.33956909179688,28.77420997619629,62.12744903564453
414,cut3,414,POPC,620,203.12120056152344,10.834566116333008,52.87949752807617
414,cut3,414,POPC,621,204.02076721191406,165.17201232910156,47.4876823425293
414,cut3,414,POPC,622,53.91495132446289,17.02420997619629,54.42947769165039
414,cut3,414,POPC,623,26.841814041137695,38.19754409790039,53.064945220947266
414,cut3,414,POPC,624,10.920838356018066,82.79869842529297,55.535484313964844
414,cut3,414,POPC,625,184.9990234375,150.96888732910156,53.25239944458008
414,cut3,414,POPC,626,44.92597198486328,55.59326171875,52.22755813598633
414,cut3,414,POPC,627,185.59661865234375,96.59386444091797,52.8905029296875
414,cut3,414,POPC,628,108.96705627441406,195.73716735839844,53.2056884765625
414,cut3,414,POPC,629,174.91119384765625,179.0503845214844,52.22969055175781
414,cut3,414,POPC,630,154.2847137451172,109.84642791748047,32.40773010253906
414,cut3,414,POPC,631,203.90707397460938,157.2837677001953,46.811439514160156
414,cut3,414,POPC,632,29.871904373168945,58.343994140625,46.40903091430664
414,cut3,414,POPC,633,214.47787475585935,202.45632934570312,47.7602424621582
414,cut3,414,POPC,634,49.017642974853516,28.801939010620117,54.74355697631836
414,cut3,414,POPC,635,62.171993255615234,170.19903564453125,42.43260192871094
414,cut3,414,POPC,636,43.24565505981445,149.74526977539062,36.75802993774414
414,cut3,414,POPC,637,92.50717163085938,114.54718017578125,49.42304229736328
414,cut3,414,POPC,638,19.28289222717285,41.44065475463867,49.25510787963867
414,cut3,414,POPC,639,112.45174407958984,22.052099227905273,57.9139404296875
414,cut3,414,POPC,640,180.69004821777344,32.050418853759766,59.278419494628906
414,cut3,414,POPC,641,201.56033325195312,123.82776641845703,48.095455169677734
414,cut3,414,POPC,642,201.75424194335938,137.88169860839844,50.09482192993164
414,cut3,414,POPC,643,52.983699798583984,34.86665344238281,56.432167053222656
414,cut3,414,POPC,644,164.8442535400391,14.020522117614746,60.289398193359375
414,cut3,414,POPC,645,138.83750915527344,150.35719299316406,38.401458740234375
414,cut3,414,POPC,646,210.44180297851562,51.38086700439453,57.72970962524414
414,cut3,414,POPC,647,182.50856018066406,83.30517578125,52.55784225463867
414,cut3,414,POPC,648,29.531259536743164,46.32898712158203,53.82829284667969
414,cut3,414,POPC,649,190.6112518310547,141.59100341796875,55.362335205078125
414,cut3,414,POPC,650,179.5546112060547,27.279125213623047,61.41181945800781
414,cut3,414,POPC,651,13.491637229919434,189.76148986816406,45.952877044677734
414,cut3,414,POPC,652,66.88064575195312,195.25674438476562,54.282413482666016
414,cut3,414,POPC,653,49.179603576660156,77.7594223022461,53.57105255126953
414,cut3,414,POPC,654,193.75302124023438,112.6860122680664,49.098052978515625
414,cut3,414,POPC,655,1.1203492879867554,1.8537721633911133,53.471519470214844
414,cut3,414,POPC,656,54.04397964477539,3.913513660430908,51.49603271484375
414,cut3,414,POPC,657,72.66446685791016,225.9210205078125,54.65456008911133
414,cut3,414,POPC,658,188.48651123046875,126.01679229736328,52.59435272216797
414,cut3,414,POPC,659,120.6954345703125,58.38264083862305,40.394813537597656
414,cut3,414,POPC,660,9.425578117370605,201.92561340332028,47.30903625488281
414,cut3,414,POPC,661,104.3890151977539,127.65864562988281,39.432167053222656
414,cut3,414,POPC,662,83.42523956298828,62.072479248046875,47.16362762451172
414,cut3,414,POPC,663,52.60136032104492,175.45034790039062,45.27040100097656
414,cut3,414,POPC,664,60.29105758666992,26.460472106933594,57.05097961425781
414,cut3,414,POPC,665,66.20230102539062,21.422744750976562,56.62551498413086
414,cut3,414,POPC,666,65.911865234375,188.2769012451172,49.074275970458984
414,cut3,414,POPC,667,37.79416275024414,176.51963806152344,46.23257827758789
414,cut3,414,POPC,668,85.96565246582031,-0.2728457450866699,58.21288299560547
414,cut3,414,POPC,669,120.36471557617188,136.92506408691406,32.796810150146484
414,cut3,414,POPC,670,15.489855766296387,212.95838928222656,47.0716667175293
414,cut3,414,POPC,671,37.66315460205078,148.7916717529297,38.00668716430664
414,cut3,414,POPC,672,210.04269409179688,156.4501190185547,46.933738708496094
414,cut3,414,POPC,673,27.703466415405273,214.6083221435547,48.874244689941406
414,cut3,414,POPC,674,166.30938720703125,22.46096420288086,62.11536407470703
414,cut3,414,POPC,675,189.59194946289062,18.703927993774414,61.17184066772461
414,cut3,414,POPC,676,147.1436767578125,168.67156982421875,47.59907531738281
414,cut3,414,POPC,677,30.42527961730957,81.505859375,54.639705657958984
414,cut3,414,POPC,678,50.98369598388672,71.7989730834961,54.758750915527344
414,cut3,414,POPC,679,46.763423919677734,34.004268646240234,56.90867614746094
414,cut3,414,POPC,680,101.17852783203125,221.08712768554688,55.54281997680664
414,cut3,414,POPC,681,48.76666259765625,5.397256851196289,54.233455657958984
414,cut3,414,POPC,682,79.31884765625,162.3101348876953,34.77558135986328
414,cut3,414,POPC,683,76.21089172363281,168.16639709472656,81.11749267578125
414,cut3,414,POPC,684,200.24639892578125,169.9680938720703,43.62176513671875
414,cut3,414,POPC,685,183.6104278564453,14.338679313659668,60.11741638183594
414,cut3,414,POPC,686,49.561439514160156,84.52555847167969,53.890811920166016
414,cut3,414,POPC,687,124.3016586303711,22.08626365661621,57.25602340698242
414,cut3,414,POPC,688,40.803104400634766,0.17716623842716217,53.82599639892578
414,cut3,414,POPC,689,189.0937957763672,39.882217407226555,55.12671661376953
414,cut3,414,POPC,690,102.37269592285156,213.25851440429688,53.62057876586914
414,cut3,414,POPC,691,188.6022491455078,4.080843925476074,57.98543167114258
414,cut3,414,POPC,692,80.46255493164062,11.83528995513916,57.34823989868164
414,cut3,414,POPC,693,193.85443115234375,205.73367309570312,54.42057800292969
414,cut3,414,POPC,694,103.77184295654297,190.38134765625,52.84064865112305
414,cut3,414,POPC,695,118.42298889160156,83.22218322753906,33.42216873168945
414,cut3,414,POPC,696,119.91995239257812,149.501220703125,34.60704040527344
414,cut3,414,POPC,697,89.89244842529297,21.455278396606445,55.77231979370117
414,cut3,414,POPC,698,173.1973419189453,101.21803283691406,47.218997955322266
414,cut3,414,POPC,699,21.719758987426758,22.226566314697266,51.26002502441406
414,cut3,414,POPC,700,95.24047088623047,216.58428955078125,56.12493133544922
414,cut3,414,POPC,701,14.658440589904785,16.52621078491211,51.57563400268555
414,cut3,414,POPC,702,107.31198120117188,211.12123107910156,53.05121994018555
414,cut3,414,POPC,703,46.00658416748047,22.699174880981445,54.42939376831055
414,cut3,414,POPC,704,55.3658561706543,204.13792419433594,48.6856346130371
414,cut3,414,POPC,705,164.0186767578125,3.924191951751709,57.73993682861328
414,cut3,414,POPC,706,204.940673828125,111.27780151367188,51.53479766845703
414,cut3,414,POPC,707,82.56044006347656,188.25267028808594,43.92930221557617
414,cut3,414,POPC,708,194.57154846191406,188.57464599609375,46.459693908691406
414,cut3,414,POPC,709,151.44239807128906,136.91827392578125,40.771671295166016
414,cut3,414,POPC,710,191.7099609375,148.6746368408203,48.50490188598633
414,cut3,414,POPC,711,114.03936767578125,200.3423156738281,45.74832534790039
414,cut3,414,POPC,712,12.300871849060059,64.71015167236328,52.7220458984375
414,cut3,414,POPC,713,124.5232925415039,4.155192852020264,60.20292663574219
414,cut3,414,POPC,714,113.94853973388672,215.55897521972656,55.307491302490234
414,cut3,414,POPC,715,87.64730834960939,182.42901611328125,41.94089126586914
414,cut3,414,POPC,716,82.1101303100586,151.77621459960938,33.689125061035156
414,cut3,414,POPC,717,11.629349708557129,172.1750946044922,47.953285217285156
414,cut3,414,POPC,718,138.25155639648438,41.207008361816406,44.08849334716797
414,cut3,414,POPC,719,64.12838745117188,227.78875732421875,56.30317687988281
414,cut3,414,POPC,720,129.6063995361328,65.99972534179688,37.119388580322266
414,cut3,414,POPC,721,98.12216186523438,205.4038848876953,53.468467712402344
414,cut3,414,POPC,722,16.088499069213867,32.78545379638672,50.52867126464844
414,cut3,414,POPC,723,38.080684661865234,34.51444625854492,55.50770568847656
414,cut3,414,POPC,724,195.34239196777344,154.3394012451172,49.022727966308594
414,cut3,414,POPC,725,191.26109313964844,173.33387756347656,47.64854431152344
414,cut3,414,POPC,726,76.70037841796875,36.132240295410156,58.70512390136719
414,cut3,414,POPC,727,172.96726989746094,193.34710693359375,54.97416687011719
414,cut3,414,POPC,728,60.12982559204101,130.61268615722656,38.717994689941406
414,cut3,414,POPC,729,47.533382415771484,61.65036010742188,52.10005187988281
414,cut3,414,POPC,730,146.3386993408203,102.42609405517578,33.238643646240234
414,cut3,414,POPC,731,57.6111946105957,193.1208038330078,53.963294982910156
414,cut3,414,POPC,732,207.7701416015625,39.70583724975586,58.605438232421875
414,cut3,414,POPC,733,161.5561065673828,144.5103759765625,48.647727966308594
414,cut3,414,POPC,734,25.021574020385742,53.679439544677734,50.58092498779297
414,cut3,414,POPC,735,58.69112777709961,69.0718765258789,55.209163665771484
414,cut3,414,POPC,736,71.2618637084961,173.43948364257812,38.6223258972168
414,cut3,414,POPC,737,46.163658142089844,162.94532775878906,41.78587341308594
414,cut3,414,POPC,738,93.09598541259766,52.06803512573242,50.51686096191406
414,cut3,414,POPC,739,41.04805374145508,219.28636169433594,51.728607177734375
414,cut3,414,POPC,740,174.26284790039062,106.45276641845703,43.69288635253906
414,cut3,414,POPC,741,182.64051818847656,122.71250152587889,50.962711334228516
414,cut3,414,POPC,742,117.25772094726562,34.46721649169922,55.1211051940918
414,cut3,414,POPC,743,203.91175842285156,77.22339630126953,56.41359329223633
414,cut3,414,POPC,744,4.605884075164795,32.473880767822266,52.64143753051758
414,cut3,414,POPC,745,66.44841766357422,59.2828254699707,49.16927719116211
414,cut3,414,POPC,746,39.99336624145508,41.627403259277344,59.640869140625
414,cut3,414,POPC,747,171.6571502685547,121.6698989868164,43.220932006835945
414,cut3,414,POPC,748,65.40955352783203,10.999671936035156,59.12451934814453
414,cut3,414,POPC,749,179.690185546875,112.4123764038086,46.60763931274414
414,cut3,414,POPC,750,61.81062698364257,163.8691864013672,39.167903900146484
414,cut3,414,POPC,751,134.60781860351562,215.97703552246094,64.02625274658203
414,cut3,414,POPC,752,134.48239135742188,136.22744750976562,37.37925720214844
414,cut3,414,POPC,753,60.16318130493164,176.09033203125,44.4140510559082
414,cut3,414,POPC,754,96.44647979736328,46.595821380615234,52.5264778137207
414,cut3,414,POPC,755,198.45777893066406,72.14427947998048,59.516841888427734
414,cut3,414,POPC,756,72.51354980468749,33.23430633544922,56.07196044921875
414,cut3,414,POPC,757,128.3790740966797,223.0150909423828,62.38427734375
414,cut3,414,POPC,758,196.43966674804688,37.25421142578125,58.43121337890625
414,cut3,414,POPC,759,52.64644241333008,215.08291625976562,51.38724899291992
414,cut3,414,POPC,760,62.555110931396484,205.04721069335938,48.802818298339844
414,cut3,414,POPC,761,128.8169708251953,15.714539527893066,59.5289421081543
414,cut3,414,POPC,762,121.64405059814453,65.4775161743164,38.188907623291016
414,cut3,414,POPC,763,77.85407257080078,80.52947998046875,49.765804290771484
414,cut3,414,POPC,764,69.87603759765625,48.424747467041016,49.91357421875
414,cut3,414,POPC,765,126.97045135498047,50.32896041870117,39.789825439453125
414,cut3,414,POPC,766,86.25868225097656,29.199411392211914,57.7586784362793
414,cut3,414,POPC,767,177.26158142089844,57.32267379760742,54.170536041259766
414,cut3,414,POPC,768,90.57594299316406,212.47750854492188,53.8882942199707
414,cut3,414,POPC,769,4.021035671234131,213.610595703125,50.82707977294922
414,cut3,414,POPC,770,109.32611083984375,75.50824737548828,36.71861267089844
414,cut3,414,POPC,771,104.44366455078125,202.87220764160156,52.969905853271484
414,cut3,414,POPC,772,182.28553771972656,7.149473190307617,53.58869934082031
414,cut3,414,POPC,773,145.95455932617188,149.55982971191406,41.82289123535156
414,cut3,414,POPC,774,175.1355438232422,217.82281494140625,61.9796142578125
414,cut3,414,POPC,775,193.5396270751953,23.4327449798584,59.1702995300293
414,cut3,414,POPC,776,165.37100219726562,213.7859344482422,62.73859405517578
414,cut3,414,POPC,777,16.278236389160156,203.9508209228516,48.52216720581055
414,cut3,414,POPC,778,46.409149169921875,224.64060974121094,52.858341217041016
414,cut3,414,POPC,779,195.46656799316406,63.685333251953125,58.599388122558594
414,cut3,414,POPC,780,75.43797302246094,5.454024314880371,57.516571044921875
414,cut3,414,POPC,781,203.5429229736328,31.968542098999023,60.165069580078125
414,cut3,414,POPC,782,24.300439834594727,138.9994812011719,38.898075103759766
414,cut3,414,POPC,783,182.27293395996094,188.99594116210938,51.555782318115234
414,cut3,414,POPC,784,13.913268089294434,-0.912616491317749,53.647830963134766
414,cut3,414,POPC,785,75.32355499267578,182.20672607421875,40.769622802734375
414,cut3,414,POPC,786,6.665019512176514,164.04055786132812,49.18829345703125
414,cut3,414,POPC,787,110.56542205810547,105.54998779296875,39.4465446472168
414,cut3,414,POPC,788,34.993980407714844,107.56504821777344,49.55235290527344
414,cut3,414,POPC,789,168.84426879882812,170.4214630126953,46.38876724243164
414,cut3,414,POPC,790,10.274971961975098,132.23927307128906,53.272117614746094
414,cut3,414,POPC,791,35.217506408691406,27.515775680541992,54.43675231933594
414,cut3,414,POPC,792,29.474016189575195,149.54766845703125,80.09505462646484
414,cut3,414,POPC,793,38.676490783691406,211.02890014648438,49.221900939941406
414,cut3,414,POPC,794,32.460365295410156,219.69158935546875,46.71495819091797
414,cut3,414,POPC,795,179.25338745117188,127.85841369628906,49.78646469116211
414,cut3,414,POPC,796,177.37596130371094,83.02082824707031,49.48212432861328
414,cut3,414,POPC,797,56.84396743774414,152.257080078125,43.88442611694336
414,cut3,414,POPC,798,185.20089721679688,223.06471252441406,57.424659729003906
414,cut3,414,POPC,799,198.53546142578125,46.560054779052734,59.131805419921875
414,cut3,414,POPC,800,143.52674865722656,121.64659881591797,34.041839599609375
414,cut3,414,POPC,801,44.42964553833008,177.00001525878906,44.89860916137695
414,cut3,414,POPC,802,70.77278900146484,16.56719207763672,58.19028854370117
414,cut3,414,POPC,803,14.098374366760254,93.66178131103516,54.95240020751953
414,cut3,414,POPC,804,44.452152252197266,208.7298126220703,50.33020782470703
414,cut3,414,POPC,805,197.7686309814453,217.58718872070312,55.36996841430664
414,cut3,414,POPC,806,29.445505142211914,32.01846694946289,53.1861572265625
414,cut3,414,POPC,807,85.18966674804688,37.14280700683594,57.26985549926758
414,cut3,414,POPC,808,143.9994659423828,19.252029418945316,66.42162322998047
414,cut3,414,POPC,809,59.24232864379883,200.37997436523438,51.58061218261719
414,cut3,414,POPC,810,80.3609619140625,226.6392059326172,57.049495697021484
414,cut3,414,POPC,811,25.443830490112305,209.90264892578125,52.54936981201172
414,cut3,414,POPC,812,108.20083618164062,18.270936965942386,55.332191467285156
414,cut3,414,POPC,813,198.8418426513672,199.55075073242188,52.64002227783203
414,cut3,414,POPC,814,31.46305274963379,206.28196716308594,53.295501708984375
414,cut3,414,POPC,815,161.97439575195312,217.93959045410156,61.78453063964844
414,cut3,414,POPC,816,209.82904052734375,93.72947692871094,60.658103942871094
414,cut3,414,POPC,817,43.54188537597656,75.63428497314453,52.858192443847656
414,cut3,414,POPC,818,65.39820098876953,64.90672302246094,48.6386604309082
414,cut3,414,POPC,819,203.78729248046875,181.73435974121094,43.757144927978516
414,cut3,414,POPC,820,59.77311325073242,14.873539924621582,57.214908599853516
414,cut3,414,POPC,821,3.5288338661193848,24.435922622680664,52.40287780761719
414,cut3,414,POPC,822,113.59226989746094,220.77021789550778,57.70027160644531
414,cut3,414,POPC,823,153.09178161621094,167.84759521484375,46.400394439697266
414,cut3,414,POPC,824,6.4488444328308105,65.15032196044922,53.93999481201172
414,cut3,414,POPC,825,128.83229064941406,88.2039794921875,31.408742904663086
414,cut3,414,POPC,826,20.374099731445312,201.52674865722656,43.76216125488281
414,cut3,414,POPC,827,84.50066375732422,218.89210510253906,57.28522872924805
414,cut3,414,POPC,828,58.31667709350586,210.51263427734375,52.277557373046875
414,cut3,414,POPC,829,60.13576889038086,140.14114379882812,38.88097381591797
414,cut3,414,POPC,830,177.67294311523438,138.07916259765625,49.65667724609375
414,cut3,414,POPC,831,37.4500732421875,82.61300659179688,53.75890350341797
414,cut3,414,POPC,832,45.03739547729492,69.32791137695312,52.92873764038086
414,cut3,414,POPC,833,0.6238512396812439,81.82875061035156,54.8472900390625
414,cut3,414,POPC,834,18.80838966369629,156.49093627929688,46.07639694213867
414,cut3,414,POPC,835,21.7501277923584,161.9750518798828,45.86393356323242
414,cut3,414,POPC,836,45.13215255737305,169.46795654296875,42.391624450683594
414,cut3,414,POPC,837,177.38258361816406,171.09634399414062,51.64562225341797
414,cut3,414,POPC,838,189.6174774169922,112.28825378417969,54.151546478271484
414,cut3,414,POPC,839,73.201171875,135.3060302734375,37.47151184082031
414,cut3,414,POPC,840,65.10250091552734,150.5840301513672,38.848731994628906
414,cut3,414,POPC,841,84.20524597167969,193.17605590820312,48.585472106933594
414,cut3,414,POPC,842,118.56822204589844,24.641006469726562,57.869667053222656
414,cut3,414,POPC,843,110.07230377197264,8.386311531066895,58.37788391113281
414,cut3,414,POPC,844,157.14529418945312,127.3743667602539,37.879146575927734
414,cut3,414,POPC,845,54.69429397583008,143.3403778076172,40.048805236816406
414,cut3,414,POPC,846,10.441767692565918,42.41405487060547,56.84172439575195
414,cut3,414,POPC,847,99.12100219726562,96.6680908203125,40.98802947998047
414,cut3,414,POPC,848,60.979373931884766,216.18495178222653,50.78239440917969
414,cut3,414,POPC,849,174.30154418945312,34.49568176269531,56.11008834838867
414,cut3,414,POPC,850,52.85873794555664,48.80849075317383,58.69287109375
414,cut3,414,POPC,851,116.39781951904297,16.87721824645996,57.997615814208984
414,cut3,414,POPC,852,211.5912322998047,45.072471618652344,57.2038688659668
414,cut3,414,POPC,853,8.3084077835083,77.28167724609375,53.824371337890625
414,cut3,414,POPC,854,196.4995880126953,5.117118835449219,55.59986877441406
414,cut3,414,POPC,855,116.56877899169922,223.6529083251953,62.00037384033203
414,cut3,414,POPC,856,175.20408630371094,94.15559387207031,49.94697952270508
414,cut3,414,POPC,857,183.88816833496094,143.76841735839844,53.58263397216797
414,cut3,414,POPC,858,107.42137145996094,226.87098693847656,59.022216796875
414,cut3,414,POPC,859,29.370214462280273,67.67366790771484,52.52568817138672
414,cut3,414,POPC,860,23.064428329467773,16.45852279663086,48.54461669921875
414,cut3,414,POPC,861,189.54534912109375,120.81383514404297,49.414791107177734
414,cut3,414,POPC,862,181.15594482421875,70.11402130126953,51.165184020996094
414,cut3,414,POPC,863,93.8805160522461,196.96026611328125,49.82767105102539
414,cut3,414,POPC,864,102.88774108886719,84.77983093261719,38.661075592041016
414,cut3,414,POPC,865,97.13623809814453,32.152530670166016,55.14028549194336
414,cut3,414,POPC,866,5.754201412200928,177.74063110351562,49.87044906616211
414,cut3,414,POPC,867,24.989301681518555,190.13211059570312,52.82162857055664
414,cut3,414,POPC,868,8.399945259094238,207.98472595214844,49.21607208251953
414,cut3,414,POPC,869,162.94444274902344,131.53518676757812,42.775543212890625
414,cut3,414,POPC,870,18.556455612182617,182.4186248779297,52.609039306640625
414,cut3,414,POPC,871,45.52049255371094,45.0942268371582,58.19655227661133
414,cut3,414,POPC,872,72.89471435546875,10.832448959350586,58.04589080810547
414,cut3,414,POPC,873,30.095468521118164,7.715278625488281,50.258121490478516
414,cut3,414,POPC,874,63.71628952026367,31.955324172973633,56.543853759765625
414,cut3,414,POPC,875,89.06237030029297,4.838854789733887,56.83134078979492
414,cut3,414,POPC,876,47.62378692626953,186.55873107910156,50.25366973876953
414,cut3,414,POPC,877,189.38824462890625,185.92726135253906,44.5665283203125
414,cut3,414,POPC,878,168.70594787597656,93.77135467529297,45.31768035888672
414,cut3,414,POPC,879,66.78626251220703,41.47590637207031,52.84809494018555
414,cut3,414,POPC,880,138.20474243164062,90.71733856201172,30.0112361907959
414,cut3,414,POPC,881,35.68212890625,48.230205535888665,51.700103759765625
414,cut3,414,POPC,882,195.08139038085938,95.69444274902344,56.27009582519531
414,cut3,414,POPC,883,170.3604736328125,208.89553833007812,62.37788391113281
414,cut3,414,POPC,884,184.49380493164062,62.3093490600586,55.48660659790039
414,cut3,414,POPC,885,-1.93611204624176,31.2150936126709,55.31739807128906
414,cut3,414,POPC,886,29.93104362487793,165.9142761230469,46.377159118652344
414,cut3,414,POPC,887,83.90819549560547,19.49446678161621,54.38580322265625
414,cut3,414,POPC,888,18.77313995361328,54.22347640991211,56.41295623779297
414,cut3,414,POPC,889,115.24317169189453,124.34009552001953,36.13499069213867
414,cut3,414,POPC,890,14.471335411071777,149.5368194580078,46.06980895996094
414,cut3,414,POPC,891,196.685791015625,12.238316535949707,55.12644577026367
414,cut3,414,POPC,892,206.17359924316406,88.11858367919922,59.13188171386719
414,cut3,414,POPC,893,161.14038085937497,163.8219146728516,46.862545013427734
414,cut3,414,POPC,894,49.75946044921875,156.97190856933594,45.097938537597656
414,cut3,414,POPC,895,55.81595230102539,166.5274200439453,41.74937438964844
414,cut3,414,POPC,896,21.512952804565433,189.96359252929688,47.731170654296875
414,cut3,414,POPC,897,89.2610855102539,61.37225341796875,48.413963317871094
414,cut3,414,POPC,898,50.021255493164055,127.08698272705078,35.47928237915039
414,cut3,414,POPC,899,210.3231658935547,62.963905334472656,59.19883728027344
414,cut3,414,POPC,900,199.33624267578125,207.8535614013672,52.01614761352539
414,cut3,414,POPC,901,206.7587890625,203.20620727539062,52.009403228759766
414,cut3,414,POPC,902,96.34536743164062,65.00403594970703,46.2862663269043
414,cut3,414,POPC,903,98.97032165527344,194.83160400390625,53.22006607055664
414,cut3,414,POPC,904,57.44704055786132,146.85690307617188,44.04075622558594
414,cut3,414,POPC,905,26.419816970825195,202.5913848876953,52.106815338134766
414,cut3,414,POPC,906,12.492424964904785,56.623390197753906,53.60875701904297
414,cut3,414,POPC,907,207.47694396972656,222.42935180664062,51.7002067565918
414,cut3,414,POPC,908,201.0869903564453,63.350196838378906,58.68861389160156
414,cut3,414,POPC,909,62.18741989135742,121.40384674072266,37.977745056152344
414,cut3,414,POPC,910,114.36820983886719,54.53591537475586,43.72151565551758
414,cut3,414,POPC,911,118.85303497314453,212.30706787109375,53.83193588256836
414,cut3,414,POPC,912,206.428955078125,97.73555755615234,60.614410400390625
414,cut3,414,POPC,913,23.193262100219727,5.295098304748535,48.06031036376953
414,cut3,414,POPC,914,129.34959411621094,40.09952163696289,48.575035095214844
414,cut3,414,POPC,915,44.66693115234375,139.3366241455078,38.89816665649414
414,cut3,414,POPC,916,91.12580871582031,221.306884765625,54.898536682128906
414,cut3,414,POPC,917,173.93008422851562,129.6720733642578,48.003665924072266
414,cut3,414,POPC,918,-0.24290807545185086,19.28189468383789,49.7285270690918
414,cut3,414,POPC,919,36.91763687133789,182.12661743164062,49.508705139160156
414,cut3,414,POPC,920,70.5934066772461,183.14938354492188,45.0444450378418
414,cut3,414,POPC,921,60.77153396606445,62.1290283203125,51.974365234375
414,cut3,414,POPC,922,174.01524353027344,42.527660369873054,58.193641662597656
414,cut3,414,POPC,923,189.3118896484375,88.92343139648438,54.50315475463867
414,cut3,414,POPC,924,166.56600952148438,100.24898529052734,46.00566864013672
414,cut3,414,POPC,925,42.554447174072266,14.598719596862793,53.13202667236328
414,cut3,414,POPC,926,12.189309120178223,24.42173194885254,52.830501556396484
414,cut3,414,POPC,927,105.76094818115234,32.36322784423828,54.39469909667969
414,cut3,414,POPC,928,28.931108474731445,132.1782684326172,40.28121566772461
414,cut3,414,POPC,929,82.2338638305664,48.06192398071289,53.29012680053711
414,cut3,414,POPC,930,100.34523010253906,21.586362838745117,53.324432373046875
414,cut3,414,POPC,931,189.40867614746094,45.38142395019531,54.73898315429688
414,cut3,414,POPC,932,205.3294219970703,66.16439056396484,55.376033782958984
414,cut3,414,POPC,933,195.31036376953125,81.49787139892578,56.19731903076172
414,cut3,414,POPC,934,68.0272674560547,221.0600128173828,53.83445358276367
414,cut3,414,POPC,935,-2.1529078483581543,7.132577896118164,54.57579803466797
414,cut3,414,POPC,936,118.63504791259766,50.04716873168945,43.91245651245117
414,cut3,414,POPC,937,181.03411865234375,194.93594360351562,54.36903762817383
414,cut3,414,POPC,938,84.47599792480469,123.13041687011719,34.95862579345703
414,cut3,414,POPC,939,129.6090545654297,216.7384033203125,61.02793884277344
414,cut3,414,POPC,940,186.84432983398438,180.01524353027344,50.87827682495117
414,cut3,414,POPC,941,203.8617401123047,51.54054260253906,56.69175338745117
414,cut3,414,POPC,942,78.42052459716797,211.18124389648438,48.75421905517578
414,cut3,414,POPC,943,172.6713104248047,88.4681396484375,48.97667694091797
414,cut3,414,POPC,944,188.52342224121094,102.76925659179688,52.659610748291016
414,cut3,414,POPC,945,190.18902587890625,12.333369255065918,58.255165100097656
414,cut3,414,POPC,946,209.66160583496094,179.45733642578125,47.693511962890625
414,cut3,414,POPC,947,54.66929244995117,188.06251525878906,51.448524475097656
414,cut3,414,POPC,948,133.5081787109375,81.2660903930664,29.504716873168945
414,cut3,414,POPC,949,64.57888793945312,108.31471252441406,39.921142578125
414,cut3,414,POPC,950,80.17142486572266,27.742454528808594,55.92263412475586
414,cut3,414,POPC,951,-2.2129034996032715,213.5871429443359,49.85612487792969
414,cut3,414,POPC,952,174.1761016845703,22.126136779785156,61.95140075683594
414,cut3,414,POPC,953,11.645773887634277,36.91023254394531,51.65576934814453
414,cut3,414,POPC,954,32.563819885253906,172.6715850830078,48.221107482910156
414,cut3,414,POPC,955,78.55774688720703,128.53988647460938,34.69267272949219
414,cut3,414,POPC,956,197.21743774414062,54.03985595703125,58.05722427368164
414,cut3,414,POPC,957,201.22674560546875,101.01997375488281,56.494056701660156
414,cut3,414,POPC,958,185.488525390625,77.66912078857422,48.773712158203125
414,cut3,414,POPC,959,79.47543334960938,72.44808959960938,45.115848541259766
414,cut3,414,POPC,960,28.988065719604492,18.4269962310791,50.475555419921875
414,cut3,414,POPC,961,76.48173522949219,194.01881408691406,45.47892379760742
414,cut3,414,POPC,962,148.69187927246094,3.6521129608154297,60.90563964843749
414,cut3,414,POPC,963,24.988168716430664,83.71989440917969,55.742645263671875
414,cut3,414,POPC,964,35.113704681396484,161.9246368408203,45.01669692993164
414,cut3,414,POPC,965,151.7010955810547,125.0780029296875,34.54148483276367
414,cut3,414,POPC,966,200.7909393310547,134.15521240234372,44.760498046875
414,cut3,414,POPC,967,134.60475158691406,55.07940673828125,34.132381439208984
414,cut3,414,POPC,968,13.210408210754395,143.68499755859375,46.03555679321289
414,cut3,414,POPC,969,107.72826385498047,91.53048706054688,38.008426666259766
414,cut3,414,POPC,970,53.64690017700195,42.259918212890625,59.00850296020508
414,cut3,414,POPC,971,134.96725463867188,142.93846130371094,35.442935943603516
414,cut3,414,POPC,972,7.193824291229248,5.372383117675781,54.12895584106445
414,cut3,414,POPC,973,98.74506378173828,115.18699645996094,47.23619079589844
414,cut3,414,POPC,974,180.17044067382812,106.18603515625,49.1768913269043
414,cut3,414,POPC,975,41.258872985839844,29.119932174682617,56.025272369384766
414,cut3,414,POPC,976,168.104736328125,139.4761199951172,48.64555358886719
414,cut3,414,POPC,977,143.6139373779297,13.687153816223145,64.55195617675781
414,cut3,414,POPC,978,31.17561912536621,184.22535705566406,49.4947509765625
414,cut3,414,POPC,979,68.14309692382812,212.34164428710935,50.61854553222656
414,cut3,414,POPC,980,19.231599807739258,60.03711700439453,53.945247650146484
414,cut3,414,POPC,981,214.2806396484375,181.4058837890625,46.31731033325195
414,cut3,414,POPC,982,59.9425163269043,5.48878288269043,53.42110824584961
414,cut3,414,POPC,983,20.15363311767578,142.7101287841797,40.72846984863281
414,cut3,414,POPC,984,53.36049270629883,105.73148345947266,44.01682281494141
414,cut3,414,POPC,985,144.3872833251953,126.98533630371094,37.4925651550293
414,cut3,414,POPC,986,41.57421112060547,186.04481506347656,47.87444305419922
414,cut3,414,POPC,987,151.3839111328125,90.13462829589844,41.664703369140625
414,cut3,414,POPC,988,196.016357421875,135.93492126464844,49.89253234863281
414,cut3,414,POPC,989,166.29652404785156,79.20591735839844,45.70471954345703
414,cut3,414,POPC,990,176.62960815429688,63.44591522216797,52.63200759887695
414,cut3,414,POPC,991,186.560791015625,24.49527931213379,61.44548034667969
414,cut3,414,POPC,992,205.3933868408203,22.2064208984375,52.43888854980469
414,cut3,414,POPC,993,137.8864288330078,15.33619213104248,64.59447479248047
414,cut3,414,POPC,994,178.01097106933594,146.35601806640625,52.2930793762207
414,cut3,414,POPC,995,149.9588623046875,9.491872787475586,62.39643096923828
414,cut3,414,POPC,996,121.55376434326172,225.9240264892578,59.386436462402344
414,cut3,414,POPC,997,190.18020629882812,66.26084899902344,55.25895309448242
414,cut3,414,POPC,998,186.71578979492188,31.539499282836914,60.916046142578125
414,cut3,414,POPC,999,116.94388580322266,76.19507598876953,32.75950241088867
414,cut3,414,POPC,1000,55.39645004272461,222.19644165039062,50.2386360168457
414,cut3,414,POPC,1001,1.302604079246521,172.04241943359375,45.93988037109375
414,cut3,414,POPC,1002,135.35797119140625,225.4030303955078,62.850128173828125
414,cut3,414,POPC,1003,202.84820556640625,194.6644744873047,49.91791915893555
414,cut3,414,POPC,1004,179.0666961669922,49.634159088134766,56.06412887573242
414,cut3,414,POPC,1005,186.82301330566406,160.3212890625,50.58882141113281
414,cut3,414,POPC,1006,194.39219665527344,224.59083557128903,55.26580047607422
414,cut3,414,POPC,1007,4.543426036834717,149.63478088378906,48.659210205078125
414,cut3,414,POPC,1008,90.99724578857422,38.2519645690918,54.74115753173828
414,cut3,414,POPC,1009,31.216272354125977,157.1238250732422,41.47978591918945
414,cut3,414,POPC,1010,81.79252624511719,81.84761810302734,46.60223388671876
414,cut3,414,POPC,1011,88.88247680664062,207.07723999023438,48.95199966430664
414,cut3,414,POPC,1012,19.759674072265625,75.87643432617188,56.79021072387695
414,cut3,414,POPC,1013,71.39542388916016,152.83905029296875,37.4087028503418
414,cut3,414,POPC,1014,154.8131866455078,215.82675170898438,64.11775970458984
414,cut3,414,POPC,1015,126.58602142333984,133.71551513671875,35.925113677978516
414,cut3,414,POPC,1016,168.66458129882812,151.2098388671875,57.616817474365234
414,cut3,414,POPC,1017,201.75360107421875,93.93800354003906,56.82503128051758
414,cut3,414,POPC,1018,204.16580200195312,83.35657501220703,58.78026580810547
414,cut3,414,POPC,1019,23.420682907104492,175.93479919433594,48.86767578125
414,cut3,414,POPC,1020,163.60665893554688,121.38028717041016,40.648433685302734
414,cut3,414,POPC,1021,13.106303215026855,136.7421112060547,49.297115325927734
414,cut3,414,POPC,1022,40.29639434814453,63.239158630371094,53.15680694580078
414,cut3,414,POPC,1023,177.26388549804688,206.90467834472656,60.225440979003906
414,cut3,414,POPC,1024,36.94717025756836,71.0179672241211,52.47579574584961
414,cut3,414,POPC,1025,201.54452514648438,106.17447662353516,53.694297790527344
414,cut3,414,POPC,1026,37.08470916748047,168.55201721191406,45.27488708496094
414,cut3,414,POPC,1027,140.25645446777344,6.177576065063477,61.84453582763672
414,cut3,414,POPC,1028,99.24671936035156,59.65357971191406,47.60749053955078
414,cut3,414,POPC,1029,71.29696655273438,193.17079162597656,48.352745056152344
414,cut3,414,POPC,1030,203.25787353515625,42.67780685424805,60.315223693847656
414,cut3,414,POPC,1031,68.21615600585938,175.2476043701172,42.85402297973633
414,cut3,414,POPC,1032,139.5487976074219,39.6798210144043,49.82664108276367
414,cut3,414,POPC,1033,105.4750747680664,96.00357055664062,39.115970611572266
414,cut3,414,POPC,1034,74.08628845214844,72.66236114501953,47.50534439086914
414,cut3,414,POPC,1035,161.4863739013672,118.19697570800781,36.22970962524414
414,cut3,414,POPC,1036,128.41534423828125,59.433963775634766,38.18885803222656
414,cut3,414,POPC,1037,80.68688201904297,198.21412658691406,45.02425765991211
414,cut3,414,POPC,1038,84.28990173339844,200.55624389648438,49.77635955810547
414,cut3,414,POPC,1039,179.6223602294922,183.93679809570312,53.02394104003906
414,cut3,414,POPC,1040,172.57827758789062,163.73428344726562,49.5510139465332
414,cut3,414,POPC,1041,72.10433959960938,43.657981872558594,53.62346649169922
414,cut3,414,POPC,1042,32.134429931640625,198.3685302734375,46.40636444091797
414,cut3,414,POPC,1043,1.9286779165267942,60.08332061767578,56.844398498535156
414,cut3,414,POPC,1044,98.62405395507812,41.78551483154297,52.70772933959961
414,cut3,414,POPC,1045,69.79368591308594,124.15515899658203,35.493709564208984
414,cut3,414,POPC,1046,195.094970703125,160.1189422607422,46.19506072998047
414,cut3,414,POPC,1047,59.14265060424805,52.92864227294922,53.54965591430664
414,cut3,414,POPC,1048,189.68252563476562,137.51625061035156,49.220703125
414,cut3,414,POPC,1049,153.34548950195312,147.03500366210938,39.84011459350586
414,cut3,414,POPC,1050,16.16799545288086,46.411048889160156,51.243656158447266
414,cut3,414,POPC,1051,78.45386505126953,204.26686096191406,46.780216217041016
414,cut3,414,POPC,1052,170.35382080078125,7.837435722351074,57.73393249511719
414,cut3,414,POPC,1053,108.91244506835938,163.47889709472656,37.447235107421875
414,cut3,414,POPC,1054,9.092755317687988,49.281150817871094,54.785587310791016
414,cut3,414,POPC,1055,67.5812759399414,53.25974655151367,52.165260314941406
414,cut3,414,POPC,1056,124.55474853515625,10.882627487182617,60.417972564697266
414,cut3,414,POPC,1057,151.64788818359375,118.25716400146484,32.578369140625
414,cut3,414,POPC,1058,169.2962188720703,127.67147827148438,42.36406707763672
414,cut3,414,POPC,1059,87.18603515625,14.535628318786621,55.01522445678711
414,cut3,414,POPC,1060,120.18860626220703,30.257036209106445,56.81439971923828
414,cut3,414,POPC,1061,20.95174217224121,218.27464294433594,47.948020935058594
414,cut3,414,POPC,1062,12.851298332214355,182.3640594482422,46.35224151611328
414,cut3,414,POPC,1063,178.13482666015625,214.24148559570312,59.4671516418457
414,cut3,414,POPC,1064,94.82105255126953,80.27642822265625,41.98054504394531
414,cut3,414,POPC,1065,196.97317504882812,30.475923538208008,58.11323547363281
414,cut3,414,POPC,1066,68.5259780883789,200.0521697998047,48.25953674316406
414,cut3,414,POPC,1067,-0.030416086316108704,220.1548309326172,51.286285400390625
414,cut3,414,POPC,1068,116.93082427978516,158.20968627929688,39.252685546875
414,cut3,414,POPC,1069,188.29879760742188,72.39583587646484,51.256954193115234
414,cut3,414,POPC,1070,25.917879104614258,62.424407958984375,52.091407775878906
414,cut3,414,POPC,1071,2.973860263824463,192.70211791992188,43.695384979248054
414,cut3,414,POPC,1072,70.953369140625,161.75758361816406,37.710975646972656
414,cut3,414,POPC,1073,37.85700225830078,88.93391418457033,52.93552780151367
414,cut3,414,POPC,1074,52.00751876831055,196.4670867919922,49.27998352050781
414,cut3,414,POPC,1075,156.2787322998047,222.38623046875,61.57481384277344
414,cut3,414,POPC,1076,24.067014694213867,170.18850708007812,47.45045471191406
414,cut3,414,POPC,1077,190.55921936035156,199.9401397705078,47.960269927978516
414,cut3,414,POPC,1078,26.73801612854004,223.9281768798828,48.437232971191406
414,cut3,414,POPC,1079,193.5198516845703,179.18527221679688,49.75983428955078
414,cut3,414,POPC,1080,11.247857093811037,218.82862854003906,51.83970260620117
414,cut3,414,POPC,1081,13.683365821838379,9.148787498474121,49.617942810058594
414,cut3,414,POPC,1082,195.0614013671875,102.8719482421875,52.643428802490234
414,cut3,414,POPC,1083,110.14205169677734,64.81596374511719,41.41033172607422
414,cut3,414,POPC,1084,106.52769470214844,57.07817077636719,45.806304931640625
414,cut3,414,POPC,1085,182.8179931640625,132.14280700683594,50.3528938293457
414,cut3,414,POPC,1086,94.3628921508789,227.74253845214844,52.5821418762207
414,cut3,414,POPC,1087,61.93040084838867,112.06755828857422,44.79984664916992
414,cut3,414,POPC,1088,122.43031311035156,154.88185119628906,37.12482452392578
414,cut3,414,POPC,1089,51.02556610107422,53.301700592041016,57.74237823486328
414,cut3,414,POPC,1090,3.4368357658386235,48.99631118774414,55.2469367980957
414,cut3,414,POPC,1091,110.70848846435547,151.8489532470703,36.47990036010742
414,cut3,414,POPC,1092,186.05630493164062,207.05628967285156,54.4638671875
414,cut3,414,POPC,1093,92.7241439819336,71.68528747558594,45.8480224609375
414,cut3,414,POPC,1094,43.913150787353516,9.641952514648438,55.71601104736328
414,cut3,414,POPC,1095,32.95832824707031,141.91517639160156,37.9630012512207
414,cut3,414,POPC,1096,175.03929138183594,199.2164306640625,55.33933639526367
414,cut3,414,POPC,1097,5.988261699676514,13.465348243713379,51.78904724121094
414,cut3,414,POPC,1098,159.56785583496094,140.60504150390625,45.128273010253906
414,cut3,414,POPC,1099,35.38604736328125,63.818824768066406,50.356285095214844
414,cut3,414,POPC,1100,16.216073989868164,86.16996002197266,52.96741485595703
414,cut3,414,POPC,1101,70.63251495361328,146.25732421875,37.161136627197266
414,cut3,414,POPC,1102,100.60174560546875,14.7886323928833,55.83709716796875
414,cut3,414,POPC,1103,199.26722717285156,86.47294616699219,58.18389892578125
414,cut3,414,POPC,1104,105.7552719116211,11.205367088317871,54.1097526550293
414,cut3,414,POPC,1105,98.55880737304688,121.52061462402344,48.76940155029297
414,cut3,414,POPC,1106,191.1603240966797,53.41668701171875,56.845252990722656
414,cut3,414,POPC,1107,78.76449584960938,40.54578399658203,54.756534576416016
414,cut3,414,POPC,1108,166.39952087402344,111.932861328125,38.93029022216797
414,cut3,414,SAPI,1109,155.05926513671875,2.4984054565429688,58.544273376464844
414,cut3,414,SAPI,1110,66.31333923339844,142.3759002685547,36.06294250488281
414,cut3,414,SAPI,1111,125.64352416992188,30.263090133666992,54.55611038208008
414,cut3,414,SAPI,1112,184.54005432128906,42.89386749267578,53.70029067993164
414,cut3,414,SAPI,1113,40.414920806884766,130.12832641601562,40.94977951049805
414,cut3,414,SAPI,1114,42.27223587036133,192.1977996826172,44.386531829833984
414,cut3,414,SAPI,1115,197.5638427734375,145.33602905273438,50.32550811767578
414,cut3,414,SAPI,1116,128.22279357910156,145.22303771972656,33.50318145751953
414,cut3,414,SAPI,1117,21.516813278198242,152.09300231933594,42.92947006225586
414,cut3,414,SAPI,1118,102.54380798339844,184.2773895263672,43.42548751831055
414,cut3,414,SAPI,1119,101.81018829345703,51.8734245300293,48.825298309326165
414,cut3,414,SAPI,1120,160.02175903320312,15.80622386932373,62.48382568359375
414,cut3,414,SAPI,1121,135.93089294433594,121.47805786132812,38.743690490722656
414,cut3,414,SAPI,1122,169.14303588867188,226.21958923339844,54.149070739746094
414,cut3,414,SAPI,1123,175.46304321289062,70.48413848876953,49.16339111328125
414,cut3,414,SAPI,1124,74.58648681640625,55.279354095458984,46.217647552490234
414,cut3,414,SAPI,1125,167.52500915527344,182.9396514892578,53.894344329833984
414,cut3,414,SAPI,1126,84.77435302734375,76.64981842041016,44.864463806152344
414,cut3,414,SAPI,1127,158.37948608398438,149.50067138671875,44.97861862182617
414,cut3,414,SAPI,1128,213.4770050048828,73.24016571044922,54.54025650024414
414,cut3,414,SAPI,1129,142.28427124023438,114.50506591796875,31.278230667114258
414,cut3,414,SAPI,1130,161.80841064453125,93.72799682617188,44.94578170776367
414,cut3,414,SAPI,1131,1.4055856466293335,89.59099578857423,58.45661926269531
414,cut3,414,SAPI,1132,0.052805349230766296,162.61187744140625,46.191951751708984
414,cut3,414,SAPI,1133,199.31942749023438,21.43244743347168,55.633819580078125
414,cut3,414,SAPI,1134,173.38270568847656,49.896907806396484,57.072269439697266
414,cut3,414,SAPI,1135,101.38493347167969,180.3071746826172,40.14618682861328
414,cut3,414,SAPI,1136,129.0225372314453,206.6802978515625,57.228187561035156
414,cut3,414,SAPI,1137,118.33780670166016,143.54031372070312,33.06924057006836
414,cut3,414,SAPI,1138,155.327880859375,19.032503128051758,63.10633850097656
414,cut3,414,SAPI,1139,103.36466217041016,78.049560546875,40.78139877319336
414,cut3,414,SAPI,1140,111.59076690673828,208.3148651123047,51.882354736328125
414,cut3,414,SAPI,1141,185.86526489257812,166.03250122070312,48.43372344970703
414,cut3,414,SAPI,1142,71.96475982666016,206.34170532226562,47.237335205078125
414,cut3,414,SAPI,1143,148.9337158203125,216.9417266845703,63.320037841796875
414,cut3,414,SAPI,1144,136.98678588867188,130.1184539794922,35.37338638305664
414,cut3,414,SAPI,1145,65.6415786743164,116.90023803710938,38.835113525390625
