,System,Frame,Resname,Resnum,X,Y,Z
6747,cut3,6747,POPC,0,4.781416416168213,145.3992156982422,81.460693359375
6747,cut3,6747,POPC,1,52.429115295410156,168.053955078125,84.17110443115234
6747,cut3,6747,POPC,2,188.6326446533203,46.1972770690918,95.36021423339844
6747,cut3,6747,POPC,3,205.92953491210938,188.49559020996094,86.3685073852539
6747,cut3,6747,POPC,4,211.4412841796875,155.8686065673828,79.36473846435547
6747,cut3,6747,POPC,5,171.93707275390625,183.26681518554688,89.28570556640625
6747,cut3,6747,POPC,6,128.57730102539062,168.43023681640625,73.4699935913086
6747,cut3,6747,POPC,7,211.07342529296875,66.19245910644531,89.1664810180664
6747,cut3,6747,POPC,8,4.455935001373291,16.19512939453125,90.80964660644531
6747,cut3,6747,POPC,9,172.0137939453125,165.89720153808594,81.3808822631836
6747,cut3,6747,POPC,10,22.578042984008786,120.02307891845703,83.14936828613281
6747,cut3,6747,POPC,11,180.01625061035156,130.84426879882812,87.64200592041016
6747,cut3,6747,POPC,12,63.2923583984375,135.71095275878906,77.77250671386719
6747,cut3,6747,POPC,13,167.74830627441406,-1.5243942737579346,100.18109893798828
6747,cut3,6747,POPC,14,143.672119140625,180.5152282714844,72.4580307006836
6747,cut3,6747,POPC,15,164.6107940673828,190.56103515625003,83.42249298095703
6747,cut3,6747,POPC,16,22.180288314819336,135.72274780273438,85.25389862060547
6747,cut3,6747,POPC,17,108.04930114746094,95.38800811767578,78.81558227539062
6747,cut3,6747,POPC,18,42.56581115722656,155.64627075195312,83.96991729736328
6747,cut3,6747,POPC,19,112.39513397216797,2.15934157371521,92.42526245117188
6747,cut3,6747,POPC,20,188.6188201904297,168.47537231445312,88.48477935791016
6747,cut3,6747,POPC,21,147.74183654785156,142.12489318847656,75.47787475585938
6747,cut3,6747,POPC,22,148.15432739257812,217.72076416015625,98.33653259277344
6747,cut3,6747,POPC,23,128.04931640625,80.67503356933594,68.66184997558594
6747,cut3,6747,POPC,24,90.13615417480469,187.20339965820312,83.77495574951172
6747,cut3,6747,POPC,25,81.45786285400392,102.6423568725586,82.31681060791016
6747,cut3,6747,POPC,26,194.2919158935547,187.62193298339844,85.30499267578125
6747,cut3,6747,POPC,27,84.75386047363283,188.55438232421875,83.7231216430664
6747,cut3,6747,POPC,28,101.92910766601562,25.472322463989258,90.0167465209961
6747,cut3,6747,POPC,29,118.17570495605469,30.0765380859375,88.40208435058594
6747,cut3,6747,POPC,30,93.93560791015625,213.35025024414062,85.03522491455078
6747,cut3,6747,POPC,31,148.9007568359375,182.33346557617188,76.22962188720703
6747,cut3,6747,POPC,32,96.69959259033203,187.77145385742188,81.62725830078125
6747,cut3,6747,POPC,33,46.733192443847656,63.204833984375,93.401611328125
6747,cut3,6747,POPC,34,163.91233825683594,132.90811157226562,82.68565368652344
6747,cut3,6747,POPC,35,91.53922271728516,6.015563011169434,88.2473373413086
6747,cut3,6747,POPC,36,176.6082763671875,223.9250030517578,96.33312225341797
6747,cut3,6747,POPC,37,57.93659210205078,58.058624267578125,88.86609649658203
6747,cut3,6747,POPC,38,40.060546875,53.97209167480469,91.4168472290039
6747,cut3,6747,POPC,39,171.88919067382812,174.22048950195312,89.78561401367188
6747,cut3,6747,POPC,40,84.6118621826172,88.92886352539062,81.09412384033203
6747,cut3,6747,POPC,41,75.88594818115234,99.7449722290039,83.40827178955078
6747,cut3,6747,POPC,42,193.72732543945312,65.1053237915039,91.35625457763672
6747,cut3,6747,POPC,43,60.44721221923828,95.6002960205078,87.62602233886719
6747,cut3,6747,POPC,44,96.4970932006836,19.39434242248535,88.08841705322266
6747,cut3,6747,POPC,45,203.3664093017578,42.26276397705078,92.87687683105469
6747,cut3,6747,POPC,46,133.8100128173828,27.45980453491211,91.47135162353516
6747,cut3,6747,POPC,47,103.90618133544922,38.12135314941406,87.46075439453125
6747,cut3,6747,POPC,48,142.09207153320312,125.12092590332031,77.4820556640625
6747,cut3,6747,POPC,49,206.5867919921875,10.698716163635254,94.81301879882812
6747,cut3,6747,POPC,50,23.07276725769043,67.3994140625,94.03020477294922
6747,cut3,6747,POPC,51,116.5245590209961,76.99887084960938,70.13665771484375
6747,cut3,6747,POPC,52,39.29913330078125,121.14907836914062,81.09683990478516
6747,cut3,6747,POPC,53,90.48391723632812,174.0948486328125,78.63169860839844
6747,cut3,6747,POPC,54,206.63867187499997,164.63905334472656,87.22100067138672
6747,cut3,6747,POPC,55,103.40992736816406,67.85576629638672,75.54022979736328
6747,cut3,6747,POPC,56,11.885763168334961,53.31514739990235,96.94544982910156
6747,cut3,6747,POPC,57,128.0183868408203,180.7147216796875,72.43402862548828
6747,cut3,6747,POPC,58,164.1432342529297,181.91619873046875,86.01599884033203
6747,cut3,6747,POPC,59,97.84855651855469,217.7161102294922,88.10552978515625
6747,cut3,6747,POPC,60,38.43177795410156,138.87951660156253,82.10569763183594
6747,cut3,6747,POPC,61,187.13900756835938,176.36679077148438,89.84891510009766
6747,cut3,6747,POPC,62,18.3054141998291,211.9215087890625,87.62117004394531
6747,cut3,6747,POPC,63,99.09162902832031,158.8928985595703,77.40599822998045
6747,cut3,6747,POPC,64,172.01284790039062,147.34568786621094,85.44184112548828
6747,cut3,6747,POPC,65,109.73910522460938,120.580810546875,77.43182373046875
6747,cut3,6747,POPC,66,43.94847869873047,8.164350509643555,94.33679962158203
6747,cut3,6747,POPC,67,1.7238677740097046,193.62855529785156,87.29703521728516
6747,cut3,6747,POPC,68,25.072053909301758,41.36114501953125,89.46007537841797
6747,cut3,6747,POPC,69,38.41205596923828,0.553389310836792,95.06177520751953
6747,cut3,6747,POPC,70,85.69336700439453,46.539546966552734,87.08970642089842
6747,cut3,6747,POPC,71,131.72506713867188,180.75177001953125,38.966068267822266
6747,cut3,6747,POPC,72,202.32823181152344,100.0191650390625,94.57395935058594
6747,cut3,6747,POPC,73,137.858642578125,120.54141235351562,73.6602554321289
6747,cut3,6747,POPC,74,192.14556884765625,5.4062724113464355,93.14505767822266
6747,cut3,6747,POPC,75,54.40138244628907,160.92002868652344,85.13567352294922
6747,cut3,6747,POPC,76,41.465980529785156,199.77760314941406,86.2521743774414
6747,cut3,6747,POPC,77,129.18760681152344,139.57981872558594,72.29659271240234
6747,cut3,6747,POPC,78,190.4068603515625,39.67592239379883,56.571537017822266
6747,cut3,6747,POPC,79,126.95123291015625,61.520877838134766,72.84635162353516
6747,cut3,6747,POPC,80,104.43072509765625,12.06686019897461,89.91014099121094
6747,cut3,6747,POPC,81,53.80169677734375,42.48692321777344,92.53702545166016
6747,cut3,6747,POPC,82,205.85372924804688,80.87405395507812,98.19108581542969
6747,cut3,6747,POPC,83,43.94425964355469,183.8342742919922,85.71440124511719
6747,cut3,6747,POPC,84,67.5949478149414,142.3326416015625,79.40254211425781
6747,cut3,6747,POPC,85,146.3887176513672,67.76383209228516,77.8192367553711
6747,cut3,6747,POPC,86,38.339378356933594,206.1247100830078,87.73405456542969
6747,cut3,6747,POPC,87,6.168741703033447,59.09270477294922,92.5062026977539
6747,cut3,6747,POPC,88,18.530176162719727,35.080806732177734,91.02152252197266
6747,cut3,6747,POPC,89,153.16368103027344,174.2744140625,74.59102630615234
6747,cut3,6747,POPC,90,68.24170684814453,189.00595092773438,84.80950164794922
6747,cut3,6747,POPC,91,72.38853454589844,9.018295288085938,88.49072265625
6747,cut3,6747,POPC,92,156.719482421875,120.56024169921875,80.42066955566406
6747,cut3,6747,POPC,93,84.81339263916016,39.49375915527344,88.2746810913086
6747,cut3,6747,POPC,94,25.844854354858395,23.506309509277344,92.4886245727539
6747,cut3,6747,POPC,95,155.76768493652344,143.5411376953125,77.03521728515625
6747,cut3,6747,POPC,96,160.72296142578125,115.86712646484375,80.96772003173828
6747,cut3,6747,POPC,97,104.4168472290039,105.072509765625,42.56221389770508
6747,cut3,6747,POPC,98,209.39968872070312,43.06200408935547,93.64353942871094
6747,cut3,6747,POPC,99,69.69297790527344,183.3798065185547,84.12480163574219
6747,cut3,6747,POPC,100,20.696054458618164,47.18727493286133,91.508544921875
6747,cut3,6747,POPC,101,80.2398910522461,126.9411849975586,76.59373474121094
6747,cut3,6747,POPC,102,151.17837524414062,164.11585998535156,75.27043914794922
6747,cut3,6747,POPC,103,64.4309310913086,68.79622650146483,88.29913330078125
6747,cut3,6747,POPC,104,52.77146911621094,16.441818237304688,90.84461212158203
6747,cut3,6747,POPC,105,1.625933051109314,206.89117431640625,87.26993560791016
6747,cut3,6747,POPC,106,121.01106262207031,12.143282890319824,94.22100830078125
6747,cut3,6747,POPC,107,49.23603820800781,79.83319091796875,96.71085357666016
6747,cut3,6747,POPC,108,162.2956085205078,18.86526870727539,94.16564178466797
6747,cut3,6747,POPC,109,174.08718872070312,168.88600158691406,88.66716766357422
6747,cut3,6747,POPC,110,119.46044921875,36.9317626953125,84.22615051269531
6747,cut3,6747,POPC,111,128.4563446044922,54.5495719909668,75.3827133178711
6747,cut3,6747,POPC,112,111.90534973144531,45.77095413208008,89.04671478271484
6747,cut3,6747,POPC,113,208.2626953125,62.38574218749999,94.31160736083984
6747,cut3,6747,POPC,114,79.73016357421875,214.33534240722656,81.34241485595703
6747,cut3,6747,POPC,115,182.9921112060547,6.1356096267700195,95.22197723388672
6747,cut3,6747,POPC,116,1.282080054283142,53.386695861816406,93.63773345947266
6747,cut3,6747,POPC,117,144.35792541503906,41.539226531982415,85.52574157714844
6747,cut3,6747,POPC,118,87.42805480957031,130.98538208007812,75.7287368774414
6747,cut3,6747,POPC,119,88.73844146728516,19.798675537109375,92.32808685302734
6747,cut3,6747,POPC,120,71.68285369873047,219.99510192871094,86.88312530517578
6747,cut3,6747,POPC,121,183.75936889648438,152.518310546875,85.42362976074219
6747,cut3,6747,POPC,122,138.53347778320312,172.48397827148438,71.59504699707031
6747,cut3,6747,POPC,123,41.439666748046875,161.79598999023438,83.15524291992188
6747,cut3,6747,POPC,124,78.93864440917969,163.1045379638672,77.48983001708984
6747,cut3,6747,POPC,125,81.47637176513672,170.58004760742185,80.14160919189453
6747,cut3,6747,POPC,126,198.06727600097656,192.59628295898438,85.7042007446289
6747,cut3,6747,POPC,127,72.38492584228516,214.1521453857422,79.86121368408203
6747,cut3,6747,POPC,128,40.461212158203125,200.76622009277344,48.292762756347656
6747,cut3,6747,POPC,129,100.32707214355469,126.56013488769531,45.431114196777344
6747,cut3,6747,POPC,130,56.482635498046875,209.4073944091797,86.47359466552734
6747,cut3,6747,POPC,131,178.63475036621094,111.28442382812499,85.28099822998047
6747,cut3,6747,POPC,132,192.218505859375,133.02783203125,87.05106353759766
6747,cut3,6747,POPC,133,175.94903564453128,88.60437774658203,86.90921020507812
6747,cut3,6747,POPC,134,95.2647933959961,149.68896484375,74.79167938232423
6747,cut3,6747,POPC,135,99.05835723876953,97.36094665527344,88.21369934082031
6747,cut3,6747,POPC,136,200.40301513671875,157.54306030273438,85.79375457763672
6747,cut3,6747,POPC,137,65.64273834228516,165.2250518798828,85.39640808105469
6747,cut3,6747,POPC,138,56.22093200683594,91.2568359375,91.6067886352539
6747,cut3,6747,POPC,139,15.292539596557617,207.4770965576172,91.4673843383789
6747,cut3,6747,POPC,140,152.1339569091797,159.6510009765625,72.54238891601562
6747,cut3,6747,POPC,141,136.8290557861328,133.33006286621094,73.20672607421875
6747,cut3,6747,POPC,142,174.5857391357422,62.981475830078125,87.64435577392578
6747,cut3,6747,POPC,143,130.9656982421875,225.3375701904297,95.73832702636719
6747,cut3,6747,POPC,144,144.9160614013672,117.48165893554688,79.5032958984375
6747,cut3,6747,POPC,145,172.93832397460938,54.712677001953125,91.53961944580078
6747,cut3,6747,POPC,146,104.9075698852539,61.98567581176757,80.19063568115234
6747,cut3,6747,POPC,147,51.14105224609375,20.405021667480472,87.17720031738281
6747,cut3,6747,POPC,148,43.422691345214844,48.96778869628906,90.89546203613281
6747,cut3,6747,POPC,149,200.86245727539062,216.961669921875,95.85401153564453
6747,cut3,6747,POPC,150,17.751970291137695,199.68994140625,87.41968536376953
6747,cut3,6747,POPC,151,161.31915283203125,139.79162597656247,80.10401916503906
6747,cut3,6747,POPC,152,71.54830169677734,19.897249221801758,90.06534576416016
6747,cut3,6747,POPC,153,166.43429565429688,150.16958618164062,82.67433166503906
6747,cut3,6747,POPC,154,18.388093948364258,40.56892776489258,89.78015899658203
6747,cut3,6747,POPC,155,91.13507843017578,198.07469177246094,84.05361938476562
6747,cut3,6747,POPC,156,62.44664764404297,128.81053161621094,76.51953887939453
6747,cut3,6747,POPC,157,40.381996154785156,214.17481994628906,90.86156463623047
6747,cut3,6747,POPC,158,161.16531372070312,149.86297607421875,79.47266387939453
6747,cut3,6747,POPC,159,11.606225967407227,62.87910461425781,90.92616271972656
6747,cut3,6747,POPC,160,34.187294006347656,124.07450866699219,78.62496948242188
6747,cut3,6747,POPC,161,54.035552978515625,142.189453125,80.71611022949219
6747,cut3,6747,POPC,162,104.31619262695312,214.57020568847656,82.17088317871094
6747,cut3,6747,POPC,163,63.11946105957031,14.780807495117188,90.40152740478516
6747,cut3,6747,POPC,164,77.6761474609375,153.1595458984375,78.96979522705078
6747,cut3,6747,POPC,165,62.117950439453125,170.48350524902344,87.95780944824219
6747,cut3,6747,POPC,166,17.71858024597168,68.23779296875,89.53125
6747,cut3,6747,POPC,167,179.9348907470703,124.6059799194336,86.0151596069336
6747,cut3,6747,POPC,168,186.8195037841797,62.26619338989258,91.71222686767578
6747,cut3,6747,POPC,169,186.60501098632812,216.61160278320312,94.91703796386719
6747,cut3,6747,POPC,170,118.26407623291016,92.03015899658203,71.18091583251953
6747,cut3,6747,POPC,171,45.01134490966797,102.37490844726562,87.64171600341797
6747,cut3,6747,POPC,172,158.23873901367188,18.844566345214844,89.59339141845703
6747,cut3,6747,POPC,173,45.046974182128906,127.26293182373047,79.6717758178711
6747,cut3,6747,POPC,174,76.45622253417969,93.07980346679688,81.07084655761719
6747,cut3,6747,POPC,175,184.02499389648438,87.03324890136719,89.57254028320312
6747,cut3,6747,POPC,176,99.08666229248047,52.69685363769531,84.9572525024414
6747,cut3,6747,POPC,177,72.80914306640625,50.29085922241211,91.69845581054688
6747,cut3,6747,POPC,178,112.74125671386719,128.14247131347656,72.36317443847656
6747,cut3,6747,POPC,179,84.99642944335938,61.28553009033204,87.4901351928711
6747,cut3,6747,POPC,180,62.856285095214844,87.54334259033203,87.185791015625
6747,cut3,6747,POPC,181,106.25151062011719,187.42864990234375,79.91426086425781
6747,cut3,6747,POPC,182,178.26585388183594,21.7484073638916,94.95964050292969
6747,cut3,6747,POPC,183,104.57032012939453,82.68888854980469,76.42770385742188
6747,cut3,6747,POPC,184,16.150014877319336,41.8880729675293,60.355411529541016
6747,cut3,6747,POPC,185,200.67051696777344,206.80274963378906,89.12632751464844
6747,cut3,6747,POPC,186,63.71703338623047,217.4206085205078,85.17997741699219
6747,cut3,6747,POPC,187,139.48648071289062,2.469820737838745,100.59110260009766
6747,cut3,6747,POPC,188,38.447120666503906,20.964635848999023,89.38922119140625
6747,cut3,6747,POPC,189,41.953216552734375,77.4320297241211,98.56446838378906
6747,cut3,6747,POPC,190,190.41838073730466,105.70661163330078,89.54357147216797
6747,cut3,6747,POPC,191,72.46619415283203,1.8030316829681396,88.05298614501953
6747,cut3,6747,POPC,192,183.05487060546875,139.3111114501953,87.93427276611328
6747,cut3,6747,POPC,193,31.497655868530273,175.86744689941406,87.85306549072266
6747,cut3,6747,POPC,194,122.4090576171875,73.8551025390625,70.50032806396484
6747,cut3,6747,POPC,195,182.40390014648435,179.6646270751953,46.66087341308594
6747,cut3,6747,POPC,196,21.211557388305664,60.643672943115234,90.12793731689453
6747,cut3,6747,POPC,197,193.01319885253906,163.37008666992188,91.11439514160156
6747,cut3,6747,POPC,198,191.3402862548828,72.43959045410156,91.66839599609375
6747,cut3,6747,POPC,199,3.9080986976623535,87.01704406738281,97.02896118164062
6747,cut3,6747,POPC,200,10.857179641723633,28.616796493530273,93.12574005126953
6747,cut3,6747,POPC,201,25.67515754699707,15.703449249267578,91.6576156616211
6747,cut3,6747,POPC,202,197.0196533203125,174.74644470214844,87.92488098144531
6747,cut3,6747,POPC,203,118.19242095947266,192.59597778320312,72.40552520751953
6747,cut3,6747,POPC,204,13.930765151977539,167.14382934570312,87.76293182373047
6747,cut3,6747,POPC,205,10.582342147827148,158.5233154296875,85.15565490722655
6747,cut3,6747,POPC,206,197.5793914794922,99.4935302734375,91.8667984008789
6747,cut3,6747,POPC,207,64.51922607421875,-1.2070629596710205,85.45989227294922
6747,cut3,6747,POPC,208,3.663820743560791,216.5958709716797,90.56014251708984
6747,cut3,6747,POPC,209,210.5211181640625,201.4278564453125,85.86406707763672
6747,cut3,6747,POPC,210,52.45075225830078,60.36532974243164,93.500244140625
6747,cut3,6747,POPC,211,22.5790958404541,173.46017456054688,89.24053192138672
6747,cut3,6747,POPC,212,171.6899871826172,128.07789611816406,87.14625549316406
6747,cut3,6747,POPC,213,170.3849639892578,99.51862335205078,86.81361389160156
6747,cut3,6747,POPC,214,28.905126571655273,56.00710678100586,91.03782653808594
6747,cut3,6747,POPC,215,101.17091369628906,74.76862335205078,78.68791961669922
6747,cut3,6747,POPC,216,45.718971252441406,217.00985717773438,91.68818664550781
6747,cut3,6747,POPC,217,9.493967056274414,33.97056579589844,94.87183380126953
6747,cut3,6747,POPC,218,100.59934997558594,103.71104431152344,88.80949401855469
6747,cut3,6747,POPC,219,18.859354019165043,12.499747276306152,91.26873779296875
6747,cut3,6747,POPC,220,158.8363800048828,157.41708374023438,77.40423583984375
6747,cut3,6747,POPC,221,3.2602906227111816,183.3629150390625,87.95201873779297
6747,cut3,6747,POPC,222,22.128335952758793,127.73218536376953,83.87577056884766
6747,cut3,6747,POPC,223,87.40769958496094,81.64513397216797,81.53369140625
6747,cut3,6747,POPC,224,131.10572814941406,148.03921508789062,74.33084869384766
6747,cut3,6747,POPC,225,160.57867431640625,172.12594604492188,80.0294189453125
6747,cut3,6747,POPC,226,157.38919067382812,180.01504516601562,42.16343307495117
6747,cut3,6747,POPC,227,137.95431518554688,156.22064208984375,72.9413833618164
6747,cut3,6747,POPC,228,96.70930480957031,163.82582092285156,79.35250854492188
6747,cut3,6747,POPC,229,22.447839736938477,223.02027893066406,91.76960754394531
6747,cut3,6747,POPC,230,113.7228012084961,88.49651336669922,75.66548919677734
6747,cut3,6747,POPC,231,118.69742584228516,147.71612548828125,75.24504852294922
6747,cut3,6747,POPC,232,136.87962341308594,9.926077842712402,97.6169662475586
6747,cut3,6747,POPC,233,19.69401741027832,187.2420654296875,89.22645568847656
6747,cut3,6747,POPC,234,9.467622756958008,6.194061756134033,92.00387573242188
6747,cut3,6747,POPC,235,58.63346862792969,4.364846229553222,87.01827239990234
6747,cut3,6747,POPC,236,166.47811889648438,83.4043960571289,87.81884002685547
6747,cut3,6747,POPC,237,133.1476287841797,74.55765533447266,70.31459045410156
6747,cut3,6747,POPC,238,96.23819732666016,67.90462493896484,76.87952423095703
6747,cut3,6747,POPC,239,80.12599182128906,220.1273651123047,86.00251007080078
6747,cut3,6747,POPC,240,126.62885284423828,88.87480163574219,71.4326400756836
6747,cut3,6747,POPC,241,84.29230499267578,59.84880828857422,42.62199783325195
6747,cut3,6747,POPC,242,5.9171929359436035,210.9363250732422,86.55504608154297
6747,cut3,6747,POPC,243,81.28651428222656,53.61817932128906,88.80923461914062
6747,cut3,6747,POPC,244,16.90462303161621,20.945377349853516,92.96009063720703
6747,cut3,6747,POPC,245,123.89303588867188,30.041458129882812,88.92508697509766
6747,cut3,6747,POPC,246,154.09437561035156,97.73209381103516,77.53123474121094
6747,cut3,6747,POPC,247,160.2125701904297,101.5326156616211,80.71818542480469
6747,cut3,6747,POPC,248,129.8437957763672,68.3346176147461,72.52540588378906
6747,cut3,6747,POPC,249,1.5207198858261108,169.9619598388672,89.15885925292969
6747,cut3,6747,POPC,250,180.49472045898438,168.6071014404297,86.8265609741211
6747,cut3,6747,POPC,251,7.94216775894165,199.601806640625,89.09479522705078
6747,cut3,6747,POPC,252,140.4010467529297,65.2671127319336,80.32128143310545
6747,cut3,6747,POPC,253,9.555746078491211,21.16926383972168,92.29370880126955
6747,cut3,6747,POPC,254,67.29097747802734,94.53971862792969,85.53971862792969
6747,cut3,6747,POPC,255,195.4936981201172,45.62744903564453,92.7234115600586
6747,cut3,6747,POPC,256,104.11779022216797,57.337196350097656,83.13832092285156
6747,cut3,6747,POPC,257,173.42605590820312,104.21404266357422,85.07234954833984
6747,cut3,6747,POPC,258,171.18446350097656,107.63978576660156,80.19383239746094
6747,cut3,6747,POPC,259,116.6247329711914,58.63283920288086,77.80596923828125
6747,cut3,6747,POPC,260,173.8585662841797,134.9477996826172,86.71979522705078
6747,cut3,6747,POPC,261,135.563720703125,143.6270751953125,76.98351287841797
6747,cut3,6747,POPC,262,195.4090118408203,16.371788024902344,96.54439544677734
6747,cut3,6747,POPC,263,46.24616241455078,120.2383041381836,79.0442886352539
6747,cut3,6747,POPC,264,56.256553649902344,131.84375,74.44571685791016
6747,cut3,6747,POPC,265,50.03302764892579,5.333712577819824,94.42095947265625
6747,cut3,6747,POPC,266,137.21908569335938,67.10279083251953,73.4644546508789
6747,cut3,6747,POPC,267,142.74295043945312,144.0024566650391,75.23701477050781
6747,cut3,6747,POPC,268,160.69395446777344,117.04875183105469,38.592430114746094
6747,cut3,6747,POPC,269,136.07583618164062,60.49188232421875,77.98917388916016
6747,cut3,6747,POPC,270,144.65122985839844,54.151397705078125,78.30513763427734
6747,cut3,6747,POPC,271,51.056373596191406,212.61618041992188,88.95691680908203
6747,cut3,6747,POPC,272,14.073003768920898,174.35540771484375,85.5638198852539
6747,cut3,6747,POPC,273,93.52371215820312,84.49868774414062,77.9458236694336
6747,cut3,6747,POPC,274,123.04885864257812,139.51687622070312,72.52785491943358
6747,cut3,6747,POPC,275,18.864683151245117,75.88251495361328,93.15489959716797
6747,cut3,6747,POPC,276,206.34840393066406,20.524694442749023,94.15241241455078
6747,cut3,6747,POPC,277,130.07301330566406,188.62664794921875,68.9847183227539
6747,cut3,6747,POPC,278,181.1446990966797,60.00435256958008,93.12559509277344
6747,cut3,6747,POPC,279,128.0552520751953,132.5452423095703,69.98110961914062
6747,cut3,6747,POPC,280,75.60305786132812,122.56729888916016,74.95526123046875
6747,cut3,6747,POPC,281,205.87962341308594,27.618961334228516,92.30778503417969
6747,cut3,6747,POPC,282,191.2097320556641,27.16759490966797,92.00858306884766
6747,cut3,6747,POPC,283,7.601248264312744,151.20660400390625,83.67391204833984
6747,cut3,6747,POPC,284,45.76972961425781,169.052734375,83.59181213378906
6747,cut3,6747,POPC,285,32.15956497192383,26.428449630737305,91.01441955566406
6747,cut3,6747,POPC,286,139.7874298095703,45.893272399902344,83.80233001708984
6747,cut3,6747,POPC,287,167.71249389648438,218.8527069091797,94.89661407470703
6747,cut3,6747,POPC,288,195.28785705566406,52.03999328613281,93.63946533203125
6747,cut3,6747,POPC,289,147.4335479736328,64.36133575439453,37.47282028198242
6747,cut3,6747,POPC,290,95.64287567138672,28.80084228515625,88.49542999267578
6747,cut3,6747,POPC,291,53.524757385253906,83.15504455566406,93.1921615600586
6747,cut3,6747,POPC,292,177.17507934570312,180.83836364746094,89.33527374267578
6747,cut3,6747,POPC,293,13.210519790649414,42.42732620239258,94.10335540771484
6747,cut3,6747,POPC,294,75.25274658203125,15.679574966430664,88.6203384399414
6747,cut3,6747,POPC,295,131.3990478515625,35.010780334472656,88.91996002197266
6747,cut3,6747,POPC,296,85.28021240234375,76.76901245117188,83.79263305664062
6747,cut3,6747,POPC,297,200.9744415283203,184.56007385253906,86.01493072509766
6747,cut3,6747,POPC,298,100.15096282958984,44.626426696777344,87.50209045410156
6747,cut3,6747,POPC,299,18.356306076049805,28.71878433227539,93.37739562988281
6747,cut3,6747,POPC,300,99.00923156738281,80.1936264038086,77.23725128173828
6747,cut3,6747,POPC,301,98.70963287353516,60.60957717895508,81.9390640258789
6747,cut3,6747,POPC,302,124.4993667602539,23.777605056762695,92.31647491455078
6747,cut3,6747,POPC,303,50.056678771972656,32.1294059753418,89.90596008300781
6747,cut3,6747,POPC,304,25.22083854675293,3.906587839126587,91.32258605957031
6747,cut3,6747,POPC,305,213.03680419921875,80.20328521728516,96.884033203125
6747,cut3,6747,POPC,306,190.9010772705078,124.3093032836914,89.40668487548828
6747,cut3,6747,POPC,307,209.75112915039062,48.4046516418457,95.01728057861328
6747,cut3,6747,POPC,308,204.05917358398438,174.9511260986328,90.97650909423828
6747,cut3,6747,POPC,309,193.69371032714844,206.40296936035156,89.2857666015625
6747,cut3,6747,POPC,310,55.984779357910156,48.70933151245117,91.5977783203125
6747,cut3,6747,POPC,311,100.5285415649414,204.9916534423828,83.15187072753906
6747,cut3,6747,POPC,312,126.09320831298828,5.489569664001465,94.98207092285156
6747,cut3,6747,POPC,313,53.9649658203125,128.47544860839844,78.19280242919922
6747,cut3,6747,POPC,314,40.392616271972656,88.8781509399414,97.02362060546875
6747,cut3,6747,POPC,315,29.535612106323242,149.56578063964844,83.95677185058594
6747,cut3,6747,POPC,316,79.1545181274414,74.76616668701172,86.68262481689453
6747,cut3,6747,POPC,317,210.9021759033203,32.901023864746094,96.48139953613281
6747,cut3,6747,POPC,318,108.27446746826172,210.8680419921875,80.83621978759766
6747,cut3,6747,POPC,319,41.85211944580078,70.17823791503906,96.1236343383789
6747,cut3,6747,POPC,320,169.78004455566406,188.78797912597656,88.96825408935547
6747,cut3,6747,POPC,321,31.712907791137695,214.54444885253906,85.84049224853516
6747,cut3,6747,POPC,322,27.171876907348633,166.04315185546875,84.70488739013672
6747,cut3,6747,POPC,323,29.589006423950195,220.2195281982422,90.92759704589844
6747,cut3,6747,POPC,324,143.39163208007812,7.838932514190674,100.13593292236328
6747,cut3,6747,POPC,325,91.54959869384766,52.381866455078125,84.36613464355469
6747,cut3,6747,POPC,326,31.96552085876465,133.480712890625,82.82009887695312
6747,cut3,6747,POPC,327,194.3031768798828,216.6959991455078,95.02253723144531
6747,cut3,6747,POPC,328,203.9502716064453,68.1832504272461,88.9610824584961
6747,cut3,6747,POPC,329,65.13451385498047,57.88726043701172,89.42923736572266
6747,cut3,6747,POPC,330,31.736886978149414,7.786517143249512,91.07980346679688
6747,cut3,6747,POPC,331,214.3739471435547,76.10107421875001,93.18655395507812
6747,cut3,6747,POPC,332,103.54024505615234,31.651355743408203,89.66941833496094
6747,cut3,6747,POPC,333,143.66104125976565,77.51663208007812,69.75875091552734
6747,cut3,6747,POPC,334,29.121850967407227,79.47257232666016,92.85406494140625
6747,cut3,6747,POPC,335,177.50332641601565,5.08024263381958,94.20821380615234
6747,cut3,6747,POPC,336,150.1730499267578,152.32823181152347,75.26827239990234
6747,cut3,6747,POPC,337,185.00253295898438,6.311195373535156,55.23259735107422
6747,cut3,6747,POPC,338,126.43013000488281,73.95391845703125,67.12686157226562
6747,cut3,6747,POPC,339,33.59284210205078,44.67432403564453,91.71082305908203
6747,cut3,6747,POPC,340,126.07157135009766,159.7827911376953,75.29669952392578
6747,cut3,6747,POPC,341,187.75588989257812,189.37783813476562,86.01146697998047
6747,cut3,6747,POPC,342,87.34190368652344,34.13166046142578,89.35863494873047
6747,cut3,6747,POPC,343,138.11624145507812,127.54573822021484,71.84619140625
6747,cut3,6747,POPC,344,138.9353485107422,26.978309631347656,87.8451156616211
6747,cut3,6747,POPC,345,108.78278350830078,201.43624877929688,88.34785461425781
6747,cut3,6747,POPC,346,62.50945281982422,46.50208282470703,87.48253631591797
6747,cut3,6747,POPC,347,195.66761779785156,199.13922119140625,87.7008285522461
6747,cut3,6747,POPC,348,181.1181182861328,160.93429565429688,81.00211334228516
6747,cut3,6747,POPC,349,182.93154907226562,117.145751953125,90.32393646240234
6747,cut3,6747,POPC,350,124.39132690429688,162.5103759765625,70.6864013671875
6747,cut3,6747,POPC,351,150.34832763671875,190.93679809570312,78.72590637207031
6747,cut3,6747,POPC,352,33.52783966064453,157.0995330810547,85.07305908203125
6747,cut3,6747,POPC,353,68.27603912353516,195.82858276367188,86.42472076416016
6747,cut3,6747,POPC,354,131.37730407714844,116.35879516601562,73.8166275024414
6747,cut3,6747,POPC,355,53.2110595703125,116.44010925292969,77.8097915649414
6747,cut3,6747,POPC,356,132.8146209716797,86.61784362792969,68.45939636230469
6747,cut3,6747,POPC,357,167.7391815185547,117.80581665039062,80.26521301269531
6747,cut3,6747,POPC,358,23.38254737854004,179.33982849121094,88.5829086303711
6747,cut3,6747,POPC,359,175.26132202148438,28.631284713745117,94.87104034423828
6747,cut3,6747,POPC,360,172.42091369628906,79.61807250976562,90.88155364990234
6747,cut3,6747,POPC,361,72.82913208007812,163.29812622070312,82.19261932373047
6747,cut3,6747,POPC,362,6.037458896636963,173.29981994628906,88.32001495361328
6747,cut3,6747,POPC,363,58.955955505371094,224.42242431640625,89.76795959472656
6747,cut3,6747,POPC,364,17.7877254486084,82.05171203613281,90.07618713378906
6747,cut3,6747,POPC,365,24.441312789916992,216.19500732421875,88.73662567138672
6747,cut3,6747,POPC,366,110.50260925292969,69.04765319824219,71.8804702758789
6747,cut3,6747,POPC,367,124.04029846191406,95.24285125732422,70.15510559082031
6747,cut3,6747,POPC,368,165.75491333007812,163.66151428222656,79.21682739257814
6747,cut3,6747,POPC,369,68.5295639038086,46.628326416015625,87.25627899169922
6747,cut3,6747,POPC,370,200.3898468017578,77.23665618896484,92.58553314208986
6747,cut3,6747,POPC,371,170.22930908203125,159.32614135742188,80.81367492675781
6747,cut3,6747,POPC,372,69.7753677368164,174.92279052734375,83.4029312133789
6747,cut3,6747,POPC,373,10.183084487915039,126.7477798461914,84.05467987060547
6747,cut3,6747,POPC,374,144.6172180175781,175.62522888183594,75.19696044921875
6747,cut3,6747,POPC,375,116.66291809082031,67.48773193359375,72.13884735107422
6747,cut3,6747,POPC,376,36.25153350830078,72.30017852783203,94.98634338378906
6747,cut3,6747,POPC,377,97.04448699951172,125.59016418457031,77.42545318603516
6747,cut3,6747,POPC,378,10.507062911987305,83.99575805664062,92.26786041259767
6747,cut3,6747,POPC,379,166.78125,25.55925178527832,96.84513854980469
6747,cut3,6747,POPC,380,3.8076767921447754,36.31785583496094,95.428466796875
6747,cut3,6747,POPC,381,79.71896362304688,176.43878173828125,84.24992370605469
6747,cut3,6747,POPC,382,37.58935546875,169.1653289794922,85.09024810791016
6747,cut3,6747,POPC,383,123.31631469726562,42.36967086791992,83.15682220458984
6747,cut3,6747,POPC,384,153.7957305908203,137.38375854492188,41.24249267578125
6747,cut3,6747,POPC,385,87.42830657958984,155.8957977294922,80.63548278808594
6747,cut3,6747,POPC,386,13.990243911743164,217.2448272705078,89.95733642578125
6747,cut3,6747,POPC,387,118.7165756225586,134.54792785644534,70.55654907226562
6747,cut3,6747,POPC,388,181.25015258789062,212.8896026611328,95.74110412597656
6747,cut3,6747,POPC,389,11.634862899780273,76.99058532714844,91.89863586425781
6747,cut3,6747,POPC,390,185.16238403320312,203.1167755126953,87.83743286132812
6747,cut3,6747,POPC,391,107.43978118896484,51.397789001464844,84.26309204101562
6747,cut3,6747,POPC,392,144.48310852050784,159.66253662109375,72.37364959716797
6747,cut3,6747,POPC,393,182.79489135742188,185.5591583251953,87.17728424072266
6747,cut3,6747,POPC,394,72.72937774658203,58.502071380615234,87.17578887939453
6747,cut3,6747,POPC,395,123.97714233398438,50.76798248291015,78.90019226074219
6747,cut3,6747,POPC,396,104.13026428222656,152.43968200683594,75.83402252197266
6747,cut3,6747,POPC,397,89.33157348632812,13.416666984558105,91.72968292236328
6747,cut3,6747,POPC,398,13.372415542602539,13.841050148010254,90.05399322509766
6747,cut3,6747,POPC,399,31.08371925354004,66.16175842285156,92.33059692382812
6747,cut3,6747,POPC,400,154.33116149902344,47.81941223144531,82.81401062011719
6747,cut3,6747,POPC,401,152.12860107421875,10.525527954101562,97.1185531616211
6747,cut3,6747,POPC,402,147.54037475585938,0.4608762264251709,100.42887878417969
6747,cut3,6747,POPC,403,70.25104522705078,67.37337493896484,87.10179138183594
6747,cut3,6747,POPC,404,78.39382934570312,185.49627685546875,84.2307357788086
6747,cut3,6747,POPC,405,103.98196411132812,123.08655548095703,77.87535095214844
6747,cut3,6747,POPC,406,85.63636779785156,204.2626495361328,85.19291687011719
6747,cut3,6747,POPC,407,57.386634826660156,204.2540740966797,87.34713745117188
6747,cut3,6747,POPC,408,112.5816650390625,28.624422073364258,87.9073715209961
6747,cut3,6747,POPC,409,55.17919158935547,68.1084213256836,96.3983383178711
6747,cut3,6747,POPC,410,48.33592224121094,151.7891082763672,81.84635162353516
6747,cut3,6747,POPC,411,113.36868286132812,12.794980049133303,93.7479248046875
6747,cut3,6747,POPC,412,165.42042541503906,107.36678314208984,81.6106948852539
6747,cut3,6747,POPC,413,113.65126037597656,157.8877410888672,67.80172729492188
6747,cut3,6747,POPC,414,87.13802337646484,214.77410888671875,83.06377410888672
6747,cut3,6747,POPC,415,85.40557098388672,66.46979522705078,84.34486389160156
6747,cut3,6747,POPC,416,91.78394317626953,47.494075775146484,86.80181884765625
6747,cut3,6747,POPC,417,195.83648681640625,91.10626983642578,94.16697692871094
6747,cut3,6747,POPC,418,200.97518920898438,56.984466552734375,94.85429382324219
6747,cut3,6747,POPC,419,183.38255310058594,54.01909255981445,94.95155334472656
6747,cut3,6747,POPC,420,135.63319396972656,81.00345611572266,66.04408264160156
6747,cut3,6747,POPC,421,201.7710723876953,15.473370552062988,94.32027435302734
6747,cut3,6747,POPC,422,185.47288513183594,78.2076644897461,87.18257904052734
6747,cut3,6747,POPC,423,205.50242614746094,152.17788696289062,81.12967681884766
6747,cut3,6747,POPC,424,88.51926422119139,28.262868881225586,90.73418426513672
6747,cut3,6747,POPC,425,153.505126953125,132.5736083984375,81.19367218017578
6747,cut3,6747,POPC,426,17.24582862854004,-0.6084988117218018,92.56301879882812
6747,cut3,6747,POPC,427,16.007150650024414,185.6479949951172,84.88436126708984
6747,cut3,6747,POPC,428,134.24313354492188,167.14385986328125,72.13423156738281
6747,cut3,6747,POPC,429,81.28742218017578,142.6572265625,80.9321517944336
6747,cut3,6747,POPC,430,15.282564163208008,193.76580810546875,87.0441665649414
6747,cut3,6747,POPC,431,206.99551391601562,208.9118194580078,89.31249237060547
6747,cut3,6747,POPC,432,125.90654754638672,-2.4747774600982666,93.280517578125
6747,cut3,6747,POPC,433,150.43722534179688,113.97169494628906,81.99165344238281
6747,cut3,6747,POPC,434,45.39582061767578,16.592126846313477,86.38909149169922
6747,cut3,6747,POPC,435,171.4066619873047,123.68017578125,81.96768188476562
6747,cut3,6747,POPC,436,85.38582611083984,163.26617431640625,78.90151977539062
6747,cut3,6747,POPC,437,129.94598388671875,120.53987121582031,70.29532623291016
6747,cut3,6747,POPC,438,55.419105529785156,107.0340805053711,85.10868835449219
6747,cut3,6747,POPC,439,86.98084259033203,168.6112060546875,78.2569580078125
6747,cut3,6747,POPC,440,88.7423324584961,93.16106414794922,86.31123352050781
6747,cut3,6747,POPC,441,24.22346305847168,88.49479675292969,91.69451904296875
6747,cut3,6747,POPC,442,5.230379581451416,67.11798858642578,88.47811889648438
6747,cut3,6747,POPC,443,27.376310348510742,71.2568588256836,92.3583755493164
6747,cut3,6747,POPC,444,104.31688690185547,108.51166534423828,83.45466613769531
6747,cut3,6747,POPC,445,62.797080993652344,199.7125244140625,87.73604583740234
6747,cut3,6747,POPC,446,83.23931121826172,208.62843322753906,83.83041381835938
6747,cut3,6747,POPC,447,171.0897674560547,16.389312744140625,94.47801208496094
6747,cut3,6747,POPC,448,94.65968322753906,204.54873657226562,84.95960998535156
6747,cut3,6747,POPC,449,82.69615173339844,43.665924072265625,48.530399322509766
6747,cut3,6747,POPC,450,202.98049926757812,50.554500579833984,94.69681549072266
6747,cut3,6747,POPC,451,118.89021301269531,19.750877380371094,91.27005767822266
6747,cut3,6747,POPC,452,212.45590209960938,211.43228149414062,52.12097930908203
6747,cut3,6747,POPC,453,208.99842834472656,227.86863708496094,95.08783721923828
6747,cut3,6747,POPC,454,44.76344299316406,140.26605224609375,82.79993438720703
6747,cut3,6747,POPC,455,156.98524475097656,182.7244873046875,78.31488800048828
6747,cut3,6747,POPC,456,154.1343536376953,105.82911682128906,83.8489761352539
6747,cut3,6747,POPC,457,66.54894256591797,36.74419403076172,89.91515350341797
6747,cut3,6747,POPC,458,63.33128356933594,154.9320526123047,81.21326446533203
6747,cut3,6747,POPC,459,214.32333374023438,21.65152931213379,91.794189453125
6747,cut3,6747,POPC,460,185.54299926757815,70.88900756835938,89.52236938476562
6747,cut3,6747,POPC,461,92.94049072265625,66.56721496582031,82.78791809082031
6747,cut3,6747,POPC,462,85.2878646850586,1.1170213222503662,87.68025970458984
6747,cut3,6747,POPC,463,10.013650894165039,186.33828735351562,90.45921325683594
6747,cut3,6747,POPC,464,58.15797424316406,195.04115295410156,86.98941802978516
6747,cut3,6747,POPC,465,90.07828521728516,152.24612426757812,76.63770294189453
6747,cut3,6747,POPC,466,30.70758628845215,205.2290496826172,86.48892974853516
6747,cut3,6747,POPC,467,13.284311294555664,135.10479736328125,85.53760528564453
6747,cut3,6747,POPC,468,94.66008758544922,182.00146484375,78.16044616699219
6747,cut3,6747,POPC,469,36.55059051513672,148.05850219726562,80.81489562988281
6747,cut3,6747,POPC,470,188.6713409423828,154.51751708984375,85.4918441772461
6747,cut3,6747,POPC,471,186.0693817138672,23.691503524780273,93.28860473632812
6747,cut3,6747,POPC,472,76.23611450195312,139.55299377441406,79.72281646728516
6747,cut3,6747,POPC,473,34.729881286621094,81.66883087158203,94.83130645751953
6747,cut3,6747,POPC,474,49.02362823486328,188.50985717773438,84.66053009033203
6747,cut3,6747,POPC,475,156.67987060546875,167.51052856445312,78.03978729248047
6747,cut3,6747,POPC,476,136.5203857421875,38.64531707763672,85.26338195800781
6747,cut3,6747,POPC,477,40.547080993652344,131.27365112304688,82.10957336425781
6747,cut3,6747,POPC,478,169.08291625976562,143.5991668701172,81.23405456542969
6747,cut3,6747,POPC,479,145.2267303466797,189.952392578125,75.99442291259766
6747,cut3,6747,POPC,480,178.9100799560547,144.09169006347656,85.0080337524414
6747,cut3,6747,POPC,481,59.74274444580078,27.18228530883789,86.3395767211914
6747,cut3,6747,POPC,482,18.024206161499023,162.19313049316406,87.53672790527344
6747,cut3,6747,POPC,483,50.123504638671875,177.11679077148438,87.8724594116211
6747,cut3,6747,POPC,484,58.18744659423828,73.36273193359375,90.0177001953125
6747,cut3,6747,POPC,485,64.11354064941406,122.62627410888672,74.48056030273438
6747,cut3,6747,POPC,486,160.84616088867188,3.367093801498413,99.21665954589844
6747,cut3,6747,POPC,487,59.75021362304687,162.07374572753906,83.82325744628906
6747,cut3,6747,POPC,488,67.63875579833984,203.4750518798828,85.20574951171875
6747,cut3,6747,POPC,489,56.47593688964844,153.8731231689453,85.65422058105469
6747,cut3,6747,POPC,490,176.1697540283203,116.39250946044922,86.22258758544922
6747,cut3,6747,POPC,491,153.27902221679688,197.83372497558594,80.57022094726562
6747,cut3,6747,POPC,492,127.26717376708984,41.183929443359375,46.735286712646484
6747,cut3,6747,POPC,493,76.65575408935547,87.08120727539062,80.96745300292969
6747,cut3,6747,POPC,494,41.05450439453125,190.85670471191406,82.79016876220703
6747,cut3,6747,POPC,495,139.56822204589844,150.06689453125,74.13070678710938
6747,cut3,6747,POPC,496,98.91632843017578,8.119476318359375,87.63267517089844
6747,cut3,6747,POPC,497,91.38964080810547,222.05563354492188,87.1011734008789
6747,cut3,6747,POPC,498,118.61560821533203,214.46401977539062,86.51852416992188
6747,cut3,6747,POPC,499,26.79832649230957,195.17250061035156,84.95865631103516
6747,cut3,6747,POPC,500,101.52769470214844,18.268938064575195,88.3912124633789
6747,cut3,6747,POPC,501,48.628868103027344,134.1251983642578,79.33940887451172
6747,cut3,6747,POPC,502,146.30931091308594,135.18484497070312,76.1949691772461
6747,cut3,6747,POPC,503,133.58799743652344,54.87124252319336,79.79348754882812
6747,cut3,6747,POPC,504,28.3391170501709,126.41706848144531,83.56961822509766
6747,cut3,6747,POPC,505,138.23452758789062,50.50058364868164,82.35382843017578
6747,cut3,6747,POPC,506,118.75433349609375,1.2205369472503662,93.8848648071289
6747,cut3,6747,POPC,507,183.03121948242185,13.997589111328125,92.4751205444336
6747,cut3,6747,POPC,508,121.91971588134766,154.50961303710938,73.60316467285156
6747,cut3,6747,POPC,509,18.997045516967773,147.93313598632812,85.05113220214844
6747,cut3,6747,POPC,510,55.833229064941406,100.0519790649414,91.06546020507812
6747,cut3,6747,POPC,511,178.11097717285156,73.79119110107422,87.93102264404297
6747,cut3,6747,POPC,512,65.09031677246094,179.94456481933594,83.11396026611328
6747,cut3,6747,POPC,513,74.45426940917969,198.5856170654297,82.66783142089844
6747,cut3,6747,POPC,514,58.27708435058594,65.47660827636719,88.13323974609375
6747,cut3,6747,POPC,515,172.80946350097656,213.75003051757812,93.06697845458984
6747,cut3,6747,POPC,516,189.51992797851562,93.80355834960938,91.49065399169922
6747,cut3,6747,POPC,517,83.57671356201172,7.415600299835205,88.84808349609376
6747,cut3,6747,POPC,518,213.2189178466797,6.981004238128662,95.46857452392578
6747,cut3,6747,POPC,519,78.95645904541016,30.41089630126953,90.69954681396484
6747,cut3,6747,POPC,520,112.10615539550781,99.83374786376953,72.63814544677734
6747,cut3,6747,POPC,521,86.61360931396484,55.70065689086914,85.96279907226562
6747,cut3,6747,POPC,522,29.3936824798584,31.014963150024414,94.54927825927734
6747,cut3,6747,POPC,523,190.9623260498047,211.62242126464844,92.93319702148438
6747,cut3,6747,POPC,524,210.39163208007812,213.2843780517578,91.3071517944336
6747,cut3,6747,POPC,525,186.11268615722656,161.96011352539062,85.58678436279297
6747,cut3,6747,POPC,526,40.768699645996094,40.58586502075195,95.12286376953125
6747,cut3,6747,POPC,527,59.15690612792969,19.557573318481445,88.46761322021484
6747,cut3,6747,POPC,528,199.3962860107422,31.81216812133789,96.55189514160156
6747,cut3,6747,POPC,529,38.24446105957031,14.210787773132324,90.96452331542969
6747,cut3,6747,POPC,530,176.8844757080078,103.94568634033203,90.73509979248047
6747,cut3,6747,POPC,531,189.37313842773438,222.64549255371094,93.40164184570312
6747,cut3,6747,POPC,532,107.12464904785156,74.37871551513672,72.71363830566406
6747,cut3,6747,POPC,533,82.75650024414062,199.2439422607422,85.94835662841797
6747,cut3,6747,POPC,534,93.81875610351562,40.61172103881836,84.96033477783203
6747,cut3,6747,POPC,535,111.37059783935547,59.857398986816406,78.73766326904297
6747,cut3,6747,POPC,536,168.48873901367188,10.617205619812012,99.96074676513672
6747,cut3,6747,POPC,537,69.35303497314453,133.64572143554688,76.943115234375
6747,cut3,6747,POPC,538,74.6537094116211,131.37841796875,77.26712036132812
6747,cut3,6747,POPC,539,117.75830078125,51.41990280151367,83.93145751953125
6747,cut3,6747,POPC,540,49.53349304199219,49.54289627075195,91.17929077148438
6747,cut3,6747,POPC,541,121.90414428710938,57.63964080810547,74.00316619873047
6747,cut3,6747,POPC,542,154.55714416503906,223.05886840820312,96.76162719726562
6747,cut3,6747,POPC,543,32.823638916015625,36.022518157958984,94.03640747070312
6747,cut3,6747,POPC,544,117.83265686035156,84.39989471435547,70.31542968749999
6747,cut3,6747,POPC,545,207.99571228027344,195.18328857421875,85.81271362304688
6747,cut3,6747,POPC,546,196.92889404296875,0.11835932731628418,94.29146575927734
6747,cut3,6747,POPC,547,66.0332260131836,82.19344329833983,84.19683837890625
6747,cut3,6747,POPC,548,42.06019592285156,146.12551879882812,82.74600219726562
6747,cut3,6747,POPC,549,173.1786346435547,197.39340209960938,86.96803283691406
6747,cut3,6747,POPC,550,84.066650390625,137.07760620117188,75.77818298339844
6747,cut3,6747,POPC,551,84.85848999023438,124.05186462402344,72.56190490722656
6747,cut3,6747,POPC,552,11.684408187866211,143.332763671875,85.88701629638672
6747,cut3,6747,POPC,553,9.140958786010742,71.30831146240234,89.66952514648438
6747,cut3,6747,POPC,554,191.57603454589844,13.240195274353027,93.20564270019531
6747,cut3,6747,POPC,555,3.455099582672119,158.5970001220703,80.77837371826172
6747,cut3,6747,POPC,556,53.72783660888672,100.56693267822264,53.83366394042969
6747,cut3,6747,POPC,557,105.71598815917969,-2.8409245014190674,90.43869018554688
6747,cut3,6747,POPC,558,56.145050048828125,33.535640716552734,87.23104858398438
6747,cut3,6747,POPC,559,199.77127075195312,85.44666290283203,98.55651092529297
6747,cut3,6747,POPC,560,147.9501953125,128.0171661376953,78.56118774414062
6747,cut3,6747,POPC,561,106.79061889648438,204.0816192626953,83.15682983398438
6747,cut3,6747,POPC,562,182.65184020996094,96.67913055419922,91.78759765625
6747,cut3,6747,POPC,563,33.37381744384765,115.14314270019531,81.38147735595703
6747,cut3,6747,POPC,564,119.47960662841797,168.10720825195312,67.82357788085938
6747,cut3,6747,POPC,565,45.919281005859375,28.692304611206055,91.78437805175781
6747,cut3,6747,POPC,566,160.5316619873047,178.15536499023438,80.64457702636717
6747,cut3,6747,POPC,567,181.2467803955078,70.8394546508789,49.27699661254883
6747,cut3,6747,POPC,568,26.991147994995117,47.18150329589844,89.7432861328125
6747,cut3,6747,POPC,569,75.48419952392578,37.84886932373047,88.88755798339844
6747,cut3,6747,POPC,570,161.58193969726562,90.37355041503906,86.81947326660156
6747,cut3,6747,POPC,571,205.52261352539062,135.248291015625,84.18709564208984
6747,cut3,6747,POPC,572,46.831634521484375,204.73406982421875,86.0658187866211
6747,cut3,6747,POPC,573,22.899568557739258,153.81785583496094,87.2274398803711
6747,cut3,6747,POPC,574,66.11592102050781,148.3488006591797,80.71070098876953
6747,cut3,6747,POPC,575,124.0898208618164,28.010316848754883,47.593040466308594
6747,cut3,6747,POPC,576,73.69811248779295,72.52935028076172,88.46607208251953
6747,cut3,6747,POPC,577,56.46424102783203,185.65475463867188,87.26810455322266
6747,cut3,6747,POPC,578,31.34828758239746,191.3201446533203,85.51658630371094
6747,cut3,6747,POPC,579,138.27410888671875,192.0114288330078,75.74503326416016
6747,cut3,6747,POPC,580,165.71888732910156,123.11898040771484,82.7632064819336
6747,cut3,6747,POPC,581,16.19243049621582,114.62862396240234,81.21822357177734
6747,cut3,6747,POPC,582,-1.5995784997940063,180.66104125976562,89.65864562988281
6747,cut3,6747,POPC,583,141.99790954589844,102.83402252197266,77.73387908935547
6747,cut3,6747,POPC,584,128.5472412109375,46.204612731933594,83.16291809082031
6747,cut3,6747,POPC,585,133.3460693359375,16.602663040161133,96.18675231933594
6747,cut3,6747,POPC,586,193.923828125,21.12430191040039,92.85835266113281
6747,cut3,6747,POPC,587,10.451723098754883,-1.8094093799591064,89.4435806274414
6747,cut3,6747,POPC,588,36.145484924316406,185.1672821044922,84.27561950683594
6747,cut3,6747,POPC,589,70.86621856689453,153.96424865722656,80.91879272460938
6747,cut3,6747,POPC,590,43.35505676269531,33.55355453491211,95.44876861572266
6747,cut3,6747,POPC,591,92.93224334716797,141.93307495117188,76.05648040771484
6747,cut3,6747,POPC,592,110.8439254760742,215.68568420410156,86.78749084472656
6747,cut3,6747,POPC,593,25.35728645324707,184.44227600097656,90.34070587158203
6747,cut3,6747,POPC,594,37.57880401611328,224.867431640625,46.71885299682617
6747,cut3,6747,POPC,595,141.93707275390625,164.55841064453125,71.7112045288086
6747,cut3,6747,POPC,596,206.2344207763672,221.70228576660156,94.66639709472656
6747,cut3,6747,POPC,597,62.459266662597656,211.78269958496094,86.38514709472656
6747,cut3,6747,POPC,598,42.997032165527344,221.8609161376953,93.32080078125
6747,cut3,6747,POPC,599,72.0357437133789,29.55103874206543,91.07164764404297
6747,cut3,6747,POPC,600,30.20754051208496,139.30433654785156,82.59815979003906
6747,cut3,6747,POPC,601,52.87419128417969,196.92308044433594,88.2880630493164
6747,cut3,6747,POPC,602,91.64865112304688,123.86092376708984,72.53683471679688
6747,cut3,6747,POPC,603,47.68663024902344,92.9403076171875,92.24884033203125
6747,cut3,6747,POPC,604,59.22450256347656,38.619991302490234,87.5995864868164
6747,cut3,6747,POPC,605,101.46287536621094,92.70034790039062,82.61092376708984
6747,cut3,6747,POPC,606,158.08245849609375,193.39849853515625,82.02824401855469
6747,cut3,6747,POPC,607,122.9632339477539,176.34567260742188,72.0349349975586
6747,cut3,6747,POPC,608,127.88202667236328,93.2684555053711,34.58182144165039
6747,cut3,6747,POPC,609,18.180410385131836,35.25010299682617,57.97692108154297
6747,cut3,6747,POPC,610,98.63633728027344,178.6842041015625,38.993263244628906
6747,cut3,6747,POPC,611,173.6267852783203,142.07044982910156,45.34904479980469
6747,cut3,6747,POPC,612,79.14090728759766,49.929649353027344,47.27877426147461
6747,cut3,6747,POPC,613,164.68438720703125,184.185546875,44.615638732910156
6747,cut3,6747,POPC,614,152.9552459716797,145.4683837890625,35.911293029785156
6747,cut3,6747,POPC,615,154.66879272460938,1.8253247737884521,55.764991760253906
6747,cut3,6747,POPC,616,170.47775268554688,216.72174072265625,54.17978286743164
6747,cut3,6747,POPC,617,84.84757232666016,193.32723999023438,46.55092239379883
6747,cut3,6747,POPC,618,75.41925811767578,170.2845458984375,39.79404067993164
6747,cut3,6747,POPC,619,43.88764190673828,28.85722541809082,49.630855560302734
6747,cut3,6747,POPC,620,201.88510131835938,209.13455200195312,47.848724365234375
6747,cut3,6747,POPC,621,194.43106079101562,209.13861083984375,49.228885650634766
6747,cut3,6747,POPC,622,98.51702880859375,29.088186264038086,51.12305450439453
6747,cut3,6747,POPC,623,12.674249649047852,36.72983932495117,58.10029220581055
6747,cut3,6747,POPC,624,44.523216247558594,66.93263244628906,53.011173248291016
6747,cut3,6747,POPC,625,2.663282871246338,172.23849487304688,48.261905670166016
6747,cut3,6747,POPC,626,46.23047637939453,39.98987579345703,52.639793395996094
6747,cut3,6747,POPC,627,166.29978942871094,118.93745422363281,41.84999465942383
6747,cut3,6747,POPC,628,115.7681655883789,208.33499145507812,44.01543045043945
6747,cut3,6747,POPC,629,197.49874877929688,198.98867797851562,53.956993103027344
6747,cut3,6747,POPC,630,180.19345092773438,112.98419952392578,48.827964782714844
6747,cut3,6747,POPC,631,181.8271484375,144.23928833007812,48.324283599853516
6747,cut3,6747,POPC,632,22.66509437561035,4.938973903656006,51.354408264160156
6747,cut3,6747,POPC,633,208.24114990234375,16.183778762817383,53.232696533203125
6747,cut3,6747,POPC,634,97.85849761962889,20.495262145996094,52.25855255126953
6747,cut3,6747,POPC,635,67.45367431640625,155.85317993164062,38.265750885009766
6747,cut3,6747,POPC,636,14.205190658569336,150.51622009277344,47.35727310180664
6747,cut3,6747,POPC,637,92.80731964111328,114.42121887207031,47.76348114013672
6747,cut3,6747,POPC,638,44.03250885009766,3.06467604637146,49.473506927490234
6747,cut3,6747,POPC,639,97.67333984375,34.66131591796875,50.551483154296875
6747,cut3,6747,POPC,640,188.84246826171875,207.72427368164062,48.3648567199707
6747,cut3,6747,POPC,641,189.4000701904297,114.01773071289062,53.445884704589844
6747,cut3,6747,POPC,642,201.1239013671875,146.88961791992188,55.491600036621094
6747,cut3,6747,POPC,643,7.23967981338501,40.579071044921875,57.2052345275879
6747,cut3,6747,POPC,644,186.7436065673828,45.35722732543945,56.246002197265625
6747,cut3,6747,POPC,645,123.88262939453125,150.2809600830078,33.135597229003906
6747,cut3,6747,POPC,646,195.1934814453125,76.48892211914062,55.66708755493164
6747,cut3,6747,POPC,647,197.1162872314453,103.37092590332031,54.531517028808594
6747,cut3,6747,POPC,648,54.452293395996094,40.98444747924805,53.81927490234375
6747,cut3,6747,POPC,649,191.8009490966797,120.44097900390625,50.21734619140625
6747,cut3,6747,POPC,650,182.6965789794922,27.935375213623047,60.097164154052734
6747,cut3,6747,POPC,651,2.895876407623291,194.4062042236328,48.23333740234375
6747,cut3,6747,POPC,652,42.78911590576172,178.75865173339844,48.20102310180664
6747,cut3,6747,POPC,653,59.00835418701172,65.51871490478516,49.656578063964844
6747,cut3,6747,POPC,654,161.84683227539062,126.80290222167969,42.29094314575195
6747,cut3,6747,POPC,655,68.16561889648438,216.69894409179688,50.28550338745117
6747,cut3,6747,POPC,656,46.63114929199219,207.83070373535156,47.43136215209961
6747,cut3,6747,POPC,657,88.8204116821289,198.83999633789062,46.223182678222656
6747,cut3,6747,POPC,658,172.26138305664062,104.1525650024414,51.266693115234375
6747,cut3,6747,POPC,659,126.99633026123047,57.943115234375,35.59907531738281
6747,cut3,6747,POPC,660,210.28042602539062,191.7264404296875,52.1857795715332
6747,cut3,6747,POPC,661,103.51339721679688,125.28331756591797,39.49581527709961
6747,cut3,6747,POPC,662,59.872032165527344,20.70720672607422,50.42732620239258
6747,cut3,6747,POPC,663,22.825578689575195,200.3942108154297,50.27928161621094
6747,cut3,6747,POPC,664,32.97041320800781,31.034759521484375,52.20235061645508
6747,cut3,6747,POPC,665,93.95794677734375,15.956880569458008,51.588226318359375
6747,cut3,6747,POPC,666,74.68135833740234,159.32162475585938,36.6859016418457
6747,cut3,6747,POPC,667,60.66816711425781,164.5962677001953,41.972328186035156
6747,cut3,6747,POPC,668,67.44210815429688,225.04583740234375,52.472679138183594
6747,cut3,6747,POPC,669,123.80756378173828,132.4283447265625,34.408653259277344
6747,cut3,6747,POPC,670,205.77650451660156,187.8788299560547,49.637447357177734
6747,cut3,6747,POPC,671,29.77855110168457,166.09051513671875,44.95032501220703
6747,cut3,6747,POPC,672,197.19393920898438,160.88941955566406,53.070892333984375
6747,cut3,6747,POPC,673,26.844270706176758,223.08787536621094,50.53365707397461
6747,cut3,6747,POPC,674,182.7961883544922,11.593114852905273,57.91263961791992
6747,cut3,6747,POPC,675,38.148658752441406,65.8128890991211,53.32033157348633
6747,cut3,6747,POPC,676,152.10263061523438,173.05880737304688,42.66457748413086
6747,cut3,6747,POPC,677,40.04939270019531,46.63028335571289,53.09583282470703
6747,cut3,6747,POPC,678,62.902366638183594,5.8346905708313,52.59687042236328
6747,cut3,6747,POPC,679,71.88939666748047,60.942100524902344,42.19416046142578
6747,cut3,6747,POPC,680,133.5580596923828,223.26483154296878,54.56040954589844
6747,cut3,6747,POPC,681,66.23550415039062,26.41777229309082,51.76953125
6747,cut3,6747,POPC,682,81.91007232666016,167.63558959960938,38.3608512878418
6747,cut3,6747,POPC,683,74.8560791015625,180.509521484375,84.4483413696289
6747,cut3,6747,POPC,684,191.76486206054688,199.09910583496094,49.98065948486328
6747,cut3,6747,POPC,685,168.72235107421875,222.30648803710938,54.21649169921875
6747,cut3,6747,POPC,686,46.14448547363281,92.27040100097656,55.050804138183594
6747,cut3,6747,POPC,687,106.27657318115234,209.4241943359375,48.24306106567383
6747,cut3,6747,POPC,688,86.23082733154297,180.4910430908203,41.52344131469727
6747,cut3,6747,POPC,689,2.822309970855713,46.219093322753906,57.45308303833008
6747,cut3,6747,POPC,690,67.52727508544922,177.6222381591797,40.16267013549805
6747,cut3,6747,POPC,691,-2.8646655082702637,26.356380462646484,55.6668586730957
6747,cut3,6747,POPC,692,83.71055603027344,223.63253784179688,53.947696685791016
6747,cut3,6747,POPC,693,9.983232498168945,226.5845489501953,52.7971305847168
6747,cut3,6747,POPC,694,111.601318359375,204.2196807861328,45.440399169921875
6747,cut3,6747,POPC,695,116.0873794555664,86.85472106933594,36.95513916015625
6747,cut3,6747,POPC,696,121.775146484375,158.3506317138672,34.98359680175781
6747,cut3,6747,POPC,697,74.83278656005861,40.36715316772461,47.76490020751953
6747,cut3,6747,POPC,698,196.41078186035156,114.85648345947266,54.589599609375
6747,cut3,6747,POPC,699,52.12274932861328,16.969234466552734,51.383880615234375
6747,cut3,6747,POPC,700,85.67843627929688,187.45236206054688,43.63872146606445
6747,cut3,6747,POPC,701,32.60253143310547,4.983226299285889,50.02701187133789
6747,cut3,6747,POPC,702,109.42536926269531,2.5972201824188232,51.91952896118164
6747,cut3,6747,POPC,703,92.79978942871094,194.62742614746094,40.78609085083008
6747,cut3,6747,POPC,704,16.641740798950195,163.61497497558594,47.44509506225586
6747,cut3,6747,POPC,705,172.95635986328125,16.28487777709961,58.972537994384766
6747,cut3,6747,POPC,706,175.50796508789062,118.86803436279297,49.56921386718749
6747,cut3,6747,POPC,707,51.124977111816406,195.3612060546875,49.637786865234375
6747,cut3,6747,POPC,708,24.205129623413086,10.627519607543945,49.782352447509766
6747,cut3,6747,POPC,709,137.36582946777344,153.76693725585938,39.030540466308594
6747,cut3,6747,POPC,710,2.467390537261963,183.70489501953125,51.098812103271484
6747,cut3,6747,POPC,711,111.34980010986328,197.35357666015625,46.693565368652344
6747,cut3,6747,POPC,712,0.5999892950057983,74.68395233154297,56.64139175415039
6747,cut3,6747,POPC,713,104.42308807373047,19.81547737121582,52.18834686279297
6747,cut3,6747,POPC,714,93.880126953125,-1.9078905582427979,47.31474304199219
6747,cut3,6747,POPC,715,36.62415313720703,177.35780334472656,50.6524658203125
6747,cut3,6747,POPC,716,87.76809692382812,162.04476928710938,39.71689224243164
6747,cut3,6747,POPC,717,192.76400756835938,190.4320831298828,51.469852447509766
6747,cut3,6747,POPC,718,140.59532165527344,51.84431076049805,37.52739715576172
6747,cut3,6747,POPC,719,71.26539611816406,188.57481384277344,38.023929595947266
6747,cut3,6747,POPC,720,128.3544921875,64.9676284790039,38.7415885925293
6747,cut3,6747,POPC,721,118.61612701416016,214.34153747558594,49.119895935058594
6747,cut3,6747,POPC,722,15.071561813354492,4.410283088684082,50.851715087890625
6747,cut3,6747,POPC,723,45.248069763183594,56.048213958740234,52.644290924072266
6747,cut3,6747,POPC,724,187.15155029296875,151.88336181640625,48.286849975585945
6747,cut3,6747,POPC,725,198.8896942138672,176.9597930908203,48.9085693359375
6747,cut3,6747,POPC,726,63.359161376953125,76.67574310302734,51.749935150146484
6747,cut3,6747,POPC,727,176.00918579101562,195.27967834472656,52.08922576904297
6747,cut3,6747,POPC,728,64.65603637695312,135.9150390625,35.88750457763672
6747,cut3,6747,POPC,729,23.31378746032715,33.425296783447266,51.603458404541016
6747,cut3,6747,POPC,730,148.2179412841797,106.91327667236328,36.72815704345703
6747,cut3,6747,POPC,731,4.480478763580322,218.73268127441406,49.70157241821289
6747,cut3,6747,POPC,732,13.268636703491211,49.07155990600586,58.1485481262207
6747,cut3,6747,POPC,733,173.80892944335938,135.5802764892578,48.704105377197266
6747,cut3,6747,POPC,734,13.959829330444336,54.06423568725586,53.91988754272461
6747,cut3,6747,POPC,735,46.056907653808594,19.509281158447266,51.21835708618164
6747,cut3,6747,POPC,736,60.02770233154297,157.99276733398438,43.03730773925781
6747,cut3,6747,POPC,737,21.956777572631836,158.6846923828125,45.02980422973633
6747,cut3,6747,POPC,738,75.91569519042969,76.14662170410156,46.3172607421875
6747,cut3,6747,POPC,739,3.746870517730713,206.39517211914062,47.433692932128906
6747,cut3,6747,POPC,740,167.18045043945312,111.83556365966797,38.506778717041016
6747,cut3,6747,POPC,741,169.82470703125,147.99496459960938,42.13481140136719
6747,cut3,6747,POPC,742,78.59770202636719,208.42604064941406,49.24848556518555
6747,cut3,6747,POPC,743,193.2454071044922,62.440223693847656,53.638797760009766
6747,cut3,6747,POPC,744,12.421003341674805,21.92902183532715,52.97294235229492
6747,cut3,6747,POPC,745,73.32949829101562,53.623565673828125,47.580299377441406
6747,cut3,6747,POPC,746,85.87146759033203,49.0996208190918,46.78337097167969
6747,cut3,6747,POPC,747,197.02635192871094,130.93409729003906,49.301239013671875
6747,cut3,6747,POPC,748,88.62576293945312,7.7253594398498535,51.684505462646484
6747,cut3,6747,POPC,749,187.20521545410156,101.92115783691406,54.58277893066406
6747,cut3,6747,POPC,750,73.49813842773438,149.60340881347656,36.65690612792969
6747,cut3,6747,POPC,751,130.64808654785156,218.35472106933594,55.92416000366211
6747,cut3,6747,POPC,752,135.55589294433594,146.3539581298828,32.02593231201172
6747,cut3,6747,POPC,753,58.51930236816406,171.13571166992188,44.21573257446289
6747,cut3,6747,POPC,754,88.03256225585938,2.3816592693328857,46.87299728393555
6747,cut3,6747,POPC,755,177.28089904785156,63.262657165527344,49.936275482177734
6747,cut3,6747,POPC,756,62.66343688964844,34.852901458740234,53.4443702697754
6747,cut3,6747,POPC,757,111.49170684814453,216.53125,47.89400863647461
6747,cut3,6747,POPC,758,181.9164581298828,92.1806411743164,54.72758865356446
6747,cut3,6747,POPC,759,23.86970329284668,16.379438400268555,52.92999267578125
6747,cut3,6747,POPC,760,35.1717529296875,190.02951049804688,49.618038177490234
6747,cut3,6747,POPC,761,139.6805419921875,16.113821029663086,58.00978469848633
6747,cut3,6747,POPC,762,93.78551483154297,67.48974609375,44.51150131225586
6747,cut3,6747,POPC,763,73.73035430908203,84.15679168701172,51.0118408203125
6747,cut3,6747,POPC,764,122.36032104492188,55.536041259765625,39.337013244628906
6747,cut3,6747,POPC,765,110.76973724365234,57.25330352783203,38.5188102722168
6747,cut3,6747,POPC,766,39.5216293334961,34.81714630126953,50.36363983154297
6747,cut3,6747,POPC,767,174.99293518066406,69.67688751220703,51.7886962890625
6747,cut3,6747,POPC,768,74.66219329833984,192.1964874267578,41.9859504699707
6747,cut3,6747,POPC,769,190.13702392578125,178.64930725097656,49.86198806762695
6747,cut3,6747,POPC,770,101.81511688232422,73.93016815185547,41.226741790771484
6747,cut3,6747,POPC,771,101.56526184082031,191.61825561523438,42.219970703125
6747,cut3,6747,POPC,772,50.93993377685547,28.4377384185791,51.29865646362305
6747,cut3,6747,POPC,773,143.2588348388672,148.45335388183594,36.213199615478516
6747,cut3,6747,POPC,774,200.98733520507812,34.37449645996094,58.69750213623047
6747,cut3,6747,POPC,775,201.37078857421875,225.4741973876953,50.44900894165039
6747,cut3,6747,POPC,776,164.49118041992188,7.840795516967773,56.10633850097656
6747,cut3,6747,POPC,777,209.8104705810547,180.58738708496094,46.234703063964844
6747,cut3,6747,POPC,778,66.47671508789062,164.52139282226562,40.52705764770508
6747,cut3,6747,POPC,779,170.76641845703125,76.2437973022461,48.52334213256836
6747,cut3,6747,POPC,780,92.78507995605469,207.30303955078125,49.03841018676758
6747,cut3,6747,POPC,781,35.43622589111328,37.74259567260742,54.607418060302734
6747,cut3,6747,POPC,782,29.307851791381836,135.9573211669922,43.08464431762695
6747,cut3,6747,POPC,783,186.74111938476562,226.18243408203125,50.24329376220703
6747,cut3,6747,POPC,784,52.49720001220703,218.6717071533203,44.294979095458984
6747,cut3,6747,POPC,785,50.4300537109375,185.43991088867188,46.44755172729492
6747,cut3,6747,POPC,786,17.66267967224121,203.4984588623047,50.924163818359375
6747,cut3,6747,POPC,787,111.13115692138672,105.70579528808594,43.10982131958008
6747,cut3,6747,POPC,788,31.22841453552246,112.84587097167969,54.1661376953125
6747,cut3,6747,POPC,789,165.9759521484375,170.87771606445312,39.034034729003906
6747,cut3,6747,POPC,790,9.500986099243164,137.87469482421875,56.55130386352539
6747,cut3,6747,POPC,791,88.03632354736328,27.66229248046875,54.75244903564453
6747,cut3,6747,POPC,792,55.75292205810547,147.85055541992188,83.30335235595703
6747,cut3,6747,POPC,793,27.660120010375977,25.207883834838867,50.32403564453125
6747,cut3,6747,POPC,794,54.739654541015625,62.30445098876953,52.021160125732415
6747,cut3,6747,POPC,795,157.04054260253906,131.95529174804688,42.77219772338867
6747,cut3,6747,POPC,796,178.71116638183594,103.07540893554688,49.19353103637695
6747,cut3,6747,POPC,797,48.797515869140625,146.6789093017578,40.68514633178711
6747,cut3,6747,POPC,798,166.37791442871094,23.58169937133789,61.17171096801758
6747,cut3,6747,POPC,799,199.29812622070312,41.52439498901368,60.334239959716804
6747,cut3,6747,POPC,800,144.08953857421875,128.83889770507812,33.99505615234375
6747,cut3,6747,POPC,801,43.41392517089844,14.56692123413086,49.069305419921875
6747,cut3,6747,POPC,802,77.32527160644531,35.435028076171875,50.77988052368164
6747,cut3,6747,POPC,803,11.349199295043945,94.34912109375,53.18943786621094
6747,cut3,6747,POPC,804,60.20985412597656,190.8876953125,43.0526123046875
6747,cut3,6747,POPC,805,193.8028564453125,54.96872329711914,53.304447174072266
6747,cut3,6747,POPC,806,185.29652404785156,189.4442596435547,52.58633804321289
6747,cut3,6747,POPC,807,99.60111236572266,6.5441179275512695,53.80975341796875
6747,cut3,6747,POPC,808,143.72097778320312,11.00886344909668,56.44751739501953
6747,cut3,6747,POPC,809,62.557716369628906,185.7113494873047,39.872886657714844
6747,cut3,6747,POPC,810,46.2125244140625,190.11872863769534,49.64754104614258
6747,cut3,6747,POPC,811,34.74436950683594,197.13479614257812,50.82619094848633
6747,cut3,6747,POPC,812,91.53522491455078,44.015899658203125,48.98280715942383
6747,cut3,6747,POPC,813,176.4556121826172,217.5165252685547,50.82176971435547
6747,cut3,6747,POPC,814,77.21281433105469,197.00521850585938,45.325382232666016
6747,cut3,6747,POPC,815,175.03286743164062,224.5102996826172,49.656105041503906
6747,cut3,6747,POPC,816,207.1801300048828,99.06852722167969,58.367637634277344
6747,cut3,6747,POPC,817,38.41014099121094,86.0341796875,52.98159408569336
6747,cut3,6747,POPC,818,199.77243041992188,53.497093200683594,55.092071533203125
6747,cut3,6747,POPC,819,185.8875274658203,195.49864196777344,51.68890380859375
6747,cut3,6747,POPC,820,101.23039245605469,51.47479248046875,45.04991149902344
6747,cut3,6747,POPC,821,27.489709854125977,57.39730453491211,60.29417037963867
6747,cut3,6747,POPC,822,128.1782684326172,5.924395561218263,51.11591720581055
6747,cut3,6747,POPC,823,159.1605224609375,173.55870056152344,41.278594970703125
6747,cut3,6747,POPC,824,19.37264442443848,85.08247375488281,53.31371307373047
6747,cut3,6747,POPC,825,123.62893676757812,87.60658264160156,32.556602478027344
6747,cut3,6747,POPC,826,43.72052764892578,197.6223602294922,53.356197357177734
6747,cut3,6747,POPC,827,58.23536682128906,226.04151916503906,51.60640335083008
6747,cut3,6747,POPC,828,43.041229248046875,24.03018569946289,46.73159408569336
6747,cut3,6747,POPC,829,47.035743713378906,127.64166259765625,37.014427185058594
6747,cut3,6747,POPC,830,180.36776733398438,132.77325439453125,50.985774993896484
6747,cut3,6747,POPC,831,41.180824279785156,80.05171966552734,50.291961669921875
6747,cut3,6747,POPC,832,48.909584045410156,76.49793243408203,53.810569763183594
6747,cut3,6747,POPC,833,12.097406387329102,74.51105499267578,52.260894775390625
6747,cut3,6747,POPC,834,13.059885025024414,158.87210083007812,47.46139907836914
6747,cut3,6747,POPC,835,19.00065803527832,173.1002960205078,52.73100280761719
6747,cut3,6747,POPC,836,35.669578552246094,162.02099609375,43.460418701171875
6747,cut3,6747,POPC,837,8.143350601196289,213.8976593017578,49.025882720947266
6747,cut3,6747,POPC,838,197.33111572265625,140.11073303222656,53.958343505859375
6747,cut3,6747,POPC,839,75.36363220214844,137.8744659423828,36.636043548583984
6747,cut3,6747,POPC,840,69.96465301513672,135.3861083984375,38.31103515625
6747,cut3,6747,POPC,841,102.6690902709961,198.58262634277344,44.05811309814453
6747,cut3,6747,POPC,842,67.52953338623047,205.45468139648438,46.98237609863281
6747,cut3,6747,POPC,843,127.85523223876953,23.7680721282959,50.14122772216797
6747,cut3,6747,POPC,844,137.70925903320312,129.35443115234375,35.9403190612793
6747,cut3,6747,POPC,845,56.201995849609375,143.25814819335938,37.14228057861328
6747,cut3,6747,POPC,846,62.527915954589844,209.74513244628906,46.03568649291992
6747,cut3,6747,POPC,847,97.6290512084961,94.71339416503906,39.935760498046875
6747,cut3,6747,POPC,848,62.18975830078125,215.69923400878906,48.481773376464844
6747,cut3,6747,POPC,849,213.93023681640625,40.26494598388672,55.24799728393555
6747,cut3,6747,POPC,850,68.93879699707031,32.609195709228516,52.37563705444336
6747,cut3,6747,POPC,851,122.5714340209961,20.419191360473633,50.91475296020508
6747,cut3,6747,POPC,852,3.0520310401916504,87.35768127441406,59.167049407958984
6747,cut3,6747,POPC,853,23.572633743286133,76.08187103271484,56.754600524902344
6747,cut3,6747,POPC,854,201.9073028564453,193.24826049804688,50.13858413696289
6747,cut3,6747,POPC,855,124.08643341064453,13.725372314453125,49.408348083496094
6747,cut3,6747,POPC,856,198.74154663085938,81.81405639648438,56.176219940185554
6747,cut3,6747,POPC,857,190.53114318847656,156.30470275878906,46.663841247558594
6747,cut3,6747,POPC,858,132.36178588867188,15.68369674682617,51.729122161865234
6747,cut3,6747,POPC,859,63.48021697998047,177.0355987548828,43.62864303588867
6747,cut3,6747,POPC,860,15.204011917114258,15.213129997253418,51.86728286743164
6747,cut3,6747,POPC,861,198.28619384765622,122.89099884033203,50.49761199951172
6747,cut3,6747,POPC,862,194.28671264648438,27.549318313598633,64.72958374023438
6747,cut3,6747,POPC,863,81.64764404296876,175.53732299804688,39.821842193603516
6747,cut3,6747,POPC,864,109.98342895507812,86.0537338256836,39.18681335449219
6747,cut3,6747,POPC,865,113.69178771972656,31.15634536743164,44.75923156738281
6747,cut3,6747,POPC,866,197.1842498779297,156.2552947998047,49.00437545776367
6747,cut3,6747,POPC,867,197.1260986328125,169.75746154785156,49.6627082824707
6747,cut3,6747,POPC,868,16.140893936157227,217.43299865722656,52.252567291259766
6747,cut3,6747,POPC,869,153.59649658203125,151.7600402832031,37.49604034423828
6747,cut3,6747,POPC,870,35.00897216796875,204.92977905273438,44.95307922363281
6747,cut3,6747,POPC,871,68.40129089355469,48.15805435180664,49.77587890625
6747,cut3,6747,POPC,872,84.082275390625,206.28590393066406,47.90979766845703
6747,cut3,6747,POPC,873,91.91842651367188,51.48937225341797,42.35523223876953
6747,cut3,6747,POPC,874,74.38906860351562,213.7160186767578,49.289493560791016
6747,cut3,6747,POPC,875,103.52908325195312,25.86097526550293,49.116966247558594
6747,cut3,6747,POPC,876,34.553741455078125,171.22735595703125,45.35432052612305
6747,cut3,6747,POPC,877,190.6203155517578,20.48387336730957,63.15153884887695
6747,cut3,6747,POPC,878,202.34811401367188,90.47200012207031,56.393882751464844
6747,cut3,6747,POPC,879,74.25508880615234,204.39151000976562,48.98838424682617
6747,cut3,6747,POPC,880,131.69996643066406,87.13990783691406,33.309085845947266
6747,cut3,6747,POPC,881,38.03718566894532,52.63868713378906,58.67570114135742
6747,cut3,6747,POPC,882,203.67025756835938,47.697509765625,55.364078521728516
6747,cut3,6747,POPC,883,175.6073760986328,10.169912338256836,55.46391296386719
6747,cut3,6747,POPC,884,207.460205078125,64.54046630859375,51.711593627929695
6747,cut3,6747,POPC,885,36.750732421875,10.07391357421875,49.15511703491211
6747,cut3,6747,POPC,886,51.03717803955078,158.98150634765625,45.733882904052734
6747,cut3,6747,POPC,887,85.40313720703125,219.72467041015625,49.50761032104492
6747,cut3,6747,POPC,888,14.158441543579102,85.64876556396484,54.09209060668945
6747,cut3,6747,POPC,889,116.37330627441406,124.49268341064453,38.3843994140625
6747,cut3,6747,POPC,890,27.323183059692383,170.4100341796875,50.163394927978516
6747,cut3,6747,POPC,891,30.225263595581055,43.520172119140625,52.35231018066406
6747,cut3,6747,POPC,892,210.97442626953125,79.58759307861328,56.24663162231445
6747,cut3,6747,POPC,893,174.45416259765625,176.28018188476562,42.69529342651367
6747,cut3,6747,POPC,894,38.87763214111328,184.39593505859375,51.2670783996582
6747,cut3,6747,POPC,895,33.626800537109375,182.03726196289062,51.94486999511719
6747,cut3,6747,POPC,896,184.3542022705078,203.78659057617188,51.74190139770508
6747,cut3,6747,POPC,897,76.30398559570312,58.76177978515625,45.78408432006836
6747,cut3,6747,POPC,898,59.884857177734375,131.13307189941406,36.065311431884766
6747,cut3,6747,POPC,899,201.04054260253906,72.45841979980469,55.191043853759766
6747,cut3,6747,POPC,900,206.295166015625,6.901773929595947,53.48724365234375
6747,cut3,6747,POPC,901,192.9143829345703,226.01385498046875,50.13140869140625
6747,cut3,6747,POPC,902,78.12691497802734,71.23846435546875,41.88383102416992
6747,cut3,6747,POPC,903,107.48239135742188,192.7476043701172,42.84772491455078
6747,cut3,6747,POPC,904,51.888099670410156,153.23941040039062,46.2354621887207
6747,cut3,6747,POPC,905,34.91719055175781,213.78904724121094,45.979000091552734
6747,cut3,6747,POPC,906,8.181142807006836,59.107818603515625,54.12681198120117
6747,cut3,6747,POPC,907,74.57963562011719,26.775876998901367,53.39887237548828
6747,cut3,6747,POPC,908,6.6975884437561035,50.577945709228516,56.8066520690918
6747,cut3,6747,POPC,909,52.348350524902344,120.25386810302734,39.540916442871094
6747,cut3,6747,POPC,910,105.26432037353516,42.08467483520508,45.48129653930664
6747,cut3,6747,POPC,911,118.0213851928711,18.510177612304688,47.99443817138672
6747,cut3,6747,POPC,912,192.8574981689453,108.34626770019531,54.34298324584961
6747,cut3,6747,POPC,913,56.119117736816406,8.698307037353516,52.11056900024414
6747,cut3,6747,POPC,914,135.22943115234375,41.84038162231445,45.404415130615234
6747,cut3,6747,POPC,915,37.87672424316406,148.07778930664062,44.21641540527344
6747,cut3,6747,POPC,916,95.47846984863281,202.3047332763672,45.69343566894531
6747,cut3,6747,POPC,917,169.4782257080078,124.08712768554688,45.51649856567383
6747,cut3,6747,POPC,918,7.034365177154541,21.1146240234375,55.707054138183594
6747,cut3,6747,POPC,919,40.16970062255859,191.685302734375,49.62541961669922
6747,cut3,6747,POPC,920,54.73143768310547,154.2298126220703,41.357845306396484
6747,cut3,6747,POPC,921,66.03329467773438,74.99884033203125,45.81435012817383
6747,cut3,6747,POPC,922,181.34793090820312,50.70083236694336,57.6902961730957
6747,cut3,6747,POPC,923,187.88014221191406,83.68214416503906,57.891841888427734
6747,cut3,6747,POPC,924,176.3746337890625,96.58187103271484,51.161521911621094
6747,cut3,6747,POPC,925,65.04251861572266,11.927605628967285,52.62356948852539
6747,cut3,6747,POPC,926,197.5460662841797,14.007553100585938,52.65023422241211
6747,cut3,6747,POPC,927,117.53939056396484,221.96116638183594,50.76837158203125
6747,cut3,6747,POPC,928,20.15895652770996,143.7095947265625,46.32658004760742
6747,cut3,6747,POPC,929,60.15521240234375,71.09587860107422,52.37160110473633
6747,cut3,6747,POPC,930,81.98441314697266,6.574655532836914,51.62383270263672
6747,cut3,6747,POPC,931,186.7845916748047,68.86383819580077,54.09320068359375
6747,cut3,6747,POPC,932,212.11117553710938,92.65557861328125,60.182369232177734
6747,cut3,6747,POPC,933,203.2367401123047,24.729583740234375,64.11038208007812
6747,cut3,6747,POPC,934,73.3774185180664,17.907711029052734,51.63721466064453
6747,cut3,6747,POPC,935,53.31989288330078,47.256202697753906,52.5068244934082
6747,cut3,6747,POPC,936,125.4253921508789,44.31047058105469,40.72848129272461
6747,cut3,6747,POPC,937,185.17059326171875,19.345054626464844,60.54768753051758
6747,cut3,6747,POPC,938,85.95343780517578,123.87772369384766,36.15283966064453
6747,cut3,6747,POPC,939,111.95270538330078,12.308245658874512,47.46340560913086
6747,cut3,6747,POPC,940,210.440185546875,219.0705718994141,52.1735954284668
6747,cut3,6747,POPC,941,28.22890281677246,35.84166717529297,51.595252990722656
6747,cut3,6747,POPC,942,50.00275421142578,178.9021759033203,45.72087097167969
6747,cut3,6747,POPC,943,169.2420196533203,96.5942611694336,48.12574005126953
6747,cut3,6747,POPC,944,163.61630249023438,135.39739990234375,45.76814651489258
6747,cut3,6747,POPC,945,77.26956939697266,11.170721054077148,50.23433303833008
6747,cut3,6747,POPC,946,197.63243103027344,216.63926696777344,48.73719024658203
6747,cut3,6747,POPC,947,8.95081901550293,8.243489265441895,53.7558708190918
6747,cut3,6747,POPC,948,125.34481048583984,80.72159576416016,31.375810623168945
6747,cut3,6747,POPC,949,63.891082763671875,116.65544128417969,37.480770111083984
6747,cut3,6747,POPC,950,103.76612854003906,32.38042449951172,45.68171310424805
6747,cut3,6747,POPC,951,10.04586982727051,198.6973419189453,47.17810821533203
6747,cut3,6747,POPC,952,190.52230834960938,35.021907806396484,61.364505767822266
6747,cut3,6747,POPC,953,57.68712615966797,30.670286178588867,50.7198486328125
6747,cut3,6747,POPC,954,17.78724479675293,179.0681915283203,51.1640625
6747,cut3,6747,POPC,955,80.11237335205078,129.39004516601562,36.10908508300781
6747,cut3,6747,POPC,956,203.2521514892578,18.669466018676758,56.599876403808594
6747,cut3,6747,POPC,957,164.24899291992188,154.05352783203125,42.19941711425781
6747,cut3,6747,POPC,958,186.60012817382812,88.2288818359375,53.301658630371094
6747,cut3,6747,POPC,959,63.927459716796875,85.01959991455078,47.93919372558594
6747,cut3,6747,POPC,960,23.054189682006836,210.1825714111328,48.39990997314454
6747,cut3,6747,POPC,961,104.29224395751953,223.10464477539062,52.0938835144043
6747,cut3,6747,POPC,962,148.00856018066406,13.1520357131958,59.559207916259766
6747,cut3,6747,POPC,963,28.61070442199707,74.429443359375,55.960514068603516
6747,cut3,6747,POPC,964,20.027414321899414,196.0211944580078,47.02778625488281
6747,cut3,6747,POPC,965,151.57015991210938,119.94142150878906,37.32337951660156
6747,cut3,6747,POPC,966,209.03172302246094,140.90228271484375,47.0620231628418
6747,cut3,6747,POPC,967,111.93760681152344,48.497318267822266,43.48857116699219
6747,cut3,6747,POPC,968,35.46641540527344,142.7484893798828,44.037506103515625
6747,cut3,6747,POPC,969,106.87655639648438,95.43746185302734,41.64430236816406
6747,cut3,6747,POPC,970,59.88804626464844,53.042388916015625,49.38567352294922
6747,cut3,6747,POPC,971,155.11566162109375,125.71897888183594,40.79802703857422
6747,cut3,6747,POPC,972,71.92970275878908,198.30384826660156,45.14231872558594
6747,cut3,6747,POPC,973,102.10964965820312,110.72919464111328,49.89784622192383
6747,cut3,6747,POPC,974,168.71450805664062,138.79522705078125,44.25201416015625
6747,cut3,6747,POPC,975,207.90557861328125,34.219268798828125,55.95039367675781
6747,cut3,6747,POPC,976,183.89315795898438,110.42139434814453,53.16587448120117
6747,cut3,6747,POPC,977,110.94060516357422,19.814029693603516,48.105384826660156
6747,cut3,6747,POPC,978,205.92321777343753,172.79055786132812,44.54608154296875
6747,cut3,6747,POPC,979,105.63126373291016,10.54178524017334,51.21529769897461
6747,cut3,6747,POPC,980,185.1573028564453,78.45005798339844,54.045570373535156
6747,cut3,6747,POPC,981,3.402559757232666,159.04290771484375,51.50688171386719
6747,cut3,6747,POPC,982,48.023956298828125,8.383235931396484,49.89215087890625
6747,cut3,6747,POPC,983,41.857460021972656,156.71754455566406,43.80337142944336
6747,cut3,6747,POPC,984,53.08003234863281,110.898681640625,48.04728698730469
6747,cut3,6747,POPC,985,164.05316162109375,145.6092987060547,41.949615478515625
6747,cut3,6747,POPC,986,28.6846981048584,177.7903289794922,54.7100944519043
6747,cut3,6747,POPC,987,146.7013702392578,85.18180084228516,41.626014709472656
6747,cut3,6747,POPC,988,176.60479736328125,152.06932067871094,43.65297317504883
6747,cut3,6747,POPC,989,171.18804931640625,90.75297546386719,46.66591262817383
6747,cut3,6747,POPC,990,170.84906005859375,81.98907470703125,48.541114807128906
6747,cut3,6747,POPC,991,1.07982861995697,22.99279022216797,54.656402587890625
6747,cut3,6747,POPC,992,83.4057846069336,13.092235565185547,51.47486877441406
6747,cut3,6747,POPC,993,67.13211059570312,170.6774139404297,41.24092102050781
6747,cut3,6747,POPC,994,179.43905639648438,126.48656463623047,48.2928466796875
6747,cut3,6747,POPC,995,154.4075469970703,18.578969955444336,61.51030349731445
6747,cut3,6747,POPC,996,125.39866638183594,217.59373474121094,52.87549591064453
6747,cut3,6747,POPC,997,187.20631408691406,59.85037612915039,53.1871337890625
6747,cut3,6747,POPC,998,190.45394897460938,13.648031234741211,57.576175689697266
6747,cut3,6747,POPC,999,117.54601287841797,79.62657165527344,34.05887985229492
6747,cut3,6747,POPC,1000,62.372093200683594,197.1478729248047,45.75886917114258
6747,cut3,6747,POPC,1001,195.22897338867188,146.53521728515625,53.78165817260742
6747,cut3,6747,POPC,1002,138.9592742919922,0.7373054027557373,55.94253921508789
6747,cut3,6747,POPC,1003,0.17075005173683167,7.96749210357666,55.39210510253906
6747,cut3,6747,POPC,1004,180.68545532226562,43.8937873840332,57.903385162353516
6747,cut3,6747,POPC,1005,199.0484161376953,32.018585205078125,63.53945541381836
6747,cut3,6747,POPC,1006,193.14334106445312,8.998261451721191,50.14857482910156
6747,cut3,6747,POPC,1007,6.246042728424072,166.75906372070312,50.096431732177734
6747,cut3,6747,POPC,1008,81.52228546142578,66.1416015625,41.13662338256836
6747,cut3,6747,POPC,1009,26.47516441345215,142.52842712402344,44.365135192871094
6747,cut3,6747,POPC,1010,77.29978942871094,83.86936950683594,46.87141418457031
6747,cut3,6747,POPC,1011,101.08983612060547,215.5691375732422,49.98249053955078
6747,cut3,6747,POPC,1012,43.46992492675781,86.53692626953125,54.71389389038086
6747,cut3,6747,POPC,1013,81.66138458251953,152.7519989013672,37.50605392456055
6747,cut3,6747,POPC,1014,147.98190307617188,221.73582458496094,54.68316650390625
6747,cut3,6747,POPC,1015,126.47944641113281,139.8220672607422,33.06880569458008
6747,cut3,6747,POPC,1016,167.4586944580078,130.526611328125,45.24345779418945
6747,cut3,6747,POPC,1017,198.80075073242188,108.12977600097656,57.22473526000977
6747,cut3,6747,POPC,1018,215.16427612304688,66.27212524414062,54.747127532958984
6747,cut3,6747,POPC,1019,26.931856155395508,192.09951782226562,50.58474349975586
6747,cut3,6747,POPC,1020,174.57789611816406,108.17918395996094,46.06010055541992
6747,cut3,6747,POPC,1021,15.262456893920898,138.13583374023438,51.838768005371094
6747,cut3,6747,POPC,1022,32.37179183959961,80.47492980957031,51.72982406616211
6747,cut3,6747,POPC,1023,160.53990173339844,-0.17320561408996582,56.297420501708984
6747,cut3,6747,POPC,1024,39.532920837402344,69.80767059326172,49.376953125
6747,cut3,6747,POPC,1025,184.30828857421875,121.17607116699219,52.622276306152344
6747,cut3,6747,POPC,1026,47.256805419921875,165.865478515625,50.75483322143555
6747,cut3,6747,POPC,1027,135.59072875976562,11.50509262084961,54.46113204956055
6747,cut3,6747,POPC,1028,105.72926330566406,47.35798645019531,40.47270584106445
6747,cut3,6747,POPC,1029,48.419082641601555,201.5952911376953,50.053646087646484
6747,cut3,6747,POPC,1030,204.85980224609375,78.46524047851562,53.90619659423828
6747,cut3,6747,POPC,1031,52.81376647949219,170.6250457763672,45.06669235229492
6747,cut3,6747,POPC,1032,143.79896545410153,37.14175796508789,50.49855041503906
6747,cut3,6747,POPC,1033,102.21925354003906,88.60962677001953,40.66214370727539
6747,cut3,6747,POPC,1034,62.089630126953125,58.7420539855957,48.95005416870117
6747,cut3,6747,POPC,1035,158.47299194335938,117.39568328857422,31.738985061645508
6747,cut3,6747,POPC,1036,125.5031509399414,49.34614181518555,36.670562744140625
6747,cut3,6747,POPC,1037,40.498382568359375,169.96859741210938,46.60164260864258
6747,cut3,6747,POPC,1038,93.07210540771483,184.98455810546875,42.04987335205078
6747,cut3,6747,POPC,1039,180.02462768554688,184.14051818847656,53.862449645996094
6747,cut3,6747,POPC,1040,183.93316650390625,160.0886993408203,45.947776794433594
6747,cut3,6747,POPC,1041,81.65776062011719,25.884714126586914,53.787960052490234
6747,cut3,6747,POPC,1042,202.0091094970703,201.8248291015625,50.31172180175781
6747,cut3,6747,POPC,1043,4.824285984039307,83.14864349365234,57.897029876708984
6747,cut3,6747,POPC,1044,93.13145446777344,25.8031005859375,54.50703811645508
6747,cut3,6747,POPC,1045,71.07681274414062,125.58533477783203,33.6119270324707
6747,cut3,6747,POPC,1046,179.223876953125,208.97225952148438,50.36762237548828
6747,cut3,6747,POPC,1047,35.018531799316406,61.35300827026367,58.19087219238281
6747,cut3,6747,POPC,1048,187.94474792480466,141.41848754882812,51.83269119262695
6747,cut3,6747,POPC,1049,159.35511779785156,142.53021240234375,43.360801696777344
6747,cut3,6747,POPC,1050,19.43833351135254,22.022729873657227,51.323883056640625
6747,cut3,6747,POPC,1051,27.51350975036621,204.40060424804688,48.18490600585937
6747,cut3,6747,POPC,1052,41.5557861328125,60.3442268371582,56.9449462890625
6747,cut3,6747,POPC,1053,112.85820007324219,161.90187072753906,34.848785400390625
6747,cut3,6747,POPC,1054,15.90641975402832,61.52001190185547,54.58943176269531
6747,cut3,6747,POPC,1055,62.68220520019531,45.349666595458984,50.765220642089844
6747,cut3,6747,POPC,1056,121.48504638671875,8.644980430603027,48.61716079711914
6747,cut3,6747,POPC,1057,145.2869415283203,119.73096466064453,33.008399963378906
6747,cut3,6747,POPC,1058,192.2062225341797,98.14420318603516,56.23664474487305
6747,cut3,6747,POPC,1059,109.96073150634766,25.867660522460938,48.46445846557617
6747,cut3,6747,POPC,1060,126.01782989501953,34.26392364501953,47.15537643432617
6747,cut3,6747,POPC,1061,20.221235275268555,224.69000244140625,52.706092834472656
6747,cut3,6747,POPC,1062,173.59725952148438,200.7187042236328,54.02891540527344
6747,cut3,6747,POPC,1063,6.492311954498291,32.3798942565918,58.79031753540039
6747,cut3,6747,POPC,1064,92.63493347167969,79.0513916015625,44.04457473754883
6747,cut3,6747,POPC,1065,19.44239616394043,46.05916595458984,58.42559051513672
6747,cut3,6747,POPC,1066,57.126258850097656,203.32505798339844,50.131534576416016
6747,cut3,6747,POPC,1067,173.09518432617188,190.13722229003906,51.3347282409668
6747,cut3,6747,POPC,1068,126.8253402709961,155.5967254638672,37.595252990722656
6747,cut3,6747,POPC,1069,207.23321533203125,54.386314392089844,55.92936706542969
6747,cut3,6747,POPC,1070,74.00668334960938,2.6282260417938232,52.8824462890625
6747,cut3,6747,POPC,1071,1.1952651739120483,223.49661254882812,50.35245895385742
6747,cut3,6747,POPC,1072,53.236610412597656,209.6004180908203,49.075748443603516
6747,cut3,6747,POPC,1073,35.53135681152344,91.0224838256836,53.900142669677734
6747,cut3,6747,POPC,1074,13.728353500366211,191.5204620361328,50.64986801147461
6747,cut3,6747,POPC,1075,178.82046508789062,18.454816818237305,59.30155944824219
6747,cut3,6747,POPC,1076,17.93617820739746,186.45489501953125,51.41046905517578
6747,cut3,6747,POPC,1077,10.777959823608398,68.63682556152344,57.34611892700195
6747,cut3,6747,POPC,1078,30.139429092407227,210.2489471435547,46.77021789550781
6747,cut3,6747,POPC,1079,200.45608520507812,184.19985961914062,49.36989974975586
6747,cut3,6747,POPC,1080,10.164342880249023,187.8119659423828,54.73029708862305
6747,cut3,6747,POPC,1081,25.26905632019043,217.0587615966797,49.91326141357422
6747,cut3,6747,POPC,1082,191.57862854003906,136.01364135742188,52.18608093261719
6747,cut3,6747,POPC,1083,116.42837524414062,57.00041198730469,41.75358200073242
6747,cut3,6747,POPC,1084,96.79536437988281,41.65909194946289,47.555904388427734
6747,cut3,6747,POPC,1085,152.6697998046875,135.50108337402344,35.524940490722656
6747,cut3,6747,POPC,1086,116.06314086914062,4.895519733428955,46.607017517089844
6747,cut3,6747,POPC,1087,56.41047668457031,114.62238311767577,42.467041015625
6747,cut3,6747,POPC,1088,130.84927368164062,149.32919311523438,33.78572082519531
6747,cut3,6747,POPC,1089,21.648576736450195,56.20585632324219,56.041507720947266
6747,cut3,6747,POPC,1090,1.3683875799179077,56.32368469238281,55.43476486206055
6747,cut3,6747,POPC,1091,114.36691284179688,151.75633239746094,32.879669189453125
6747,cut3,6747,POPC,1092,187.3651580810547,53.294002532958984,55.41462707519531
6747,cut3,6747,POPC,1093,84.57874298095703,72.02242279052734,40.584808349609375
6747,cut3,6747,POPC,1094,68.61406707763672,38.608402252197266,51.38764572143555
6747,cut3,6747,POPC,1095,23.6579532623291,185.16506958007812,52.68049240112305
6747,cut3,6747,POPC,1096,171.7322998046875,208.33729553222656,50.50830841064453
6747,cut3,6747,POPC,1097,22.053159713745117,70.30828857421875,55.37235641479492
6747,cut3,6747,POPC,1098,147.68328857421875,141.65103149414062,36.60380554199219
6747,cut3,6747,POPC,1099,29.279603958129883,67.07231140136719,60.868473052978516
6747,cut3,6747,POPC,1100,27.027341842651367,88.06976318359375,53.916534423828125
6747,cut3,6747,POPC,1101,82.46920013427734,147.8477783203125,34.39350128173828
6747,cut3,6747,POPC,1102,81.99828338623047,20.137224197387695,51.740623474121094
6747,cut3,6747,POPC,1103,199.2254180908203,95.10334777832031,57.064125061035156
6747,cut3,6747,POPC,1104,65.9764175415039,19.748376846313477,51.854766845703125
6747,cut3,6747,POPC,1105,96.68067169189453,118.55944061279297,49.876834869384766
6747,cut3,6747,POPC,1106,10.701501846313477,80.87530517578125,55.34330368041992
6747,cut3,6747,POPC,1107,92.22956085205078,36.31018066406249,53.13652038574219
6747,cut3,6747,POPC,1108,180.1840362548828,77.62577056884766,49.35992431640625
6747,cut3,6747,SAPI,1109,134.0131378173828,3.8674161434173584,55.29167938232422
6747,cut3,6747,SAPI,1110,63.422950744628906,147.880615234375,36.857757568359375
6747,cut3,6747,SAPI,1111,130.72586059570312,30.250396728515625,54.364356994628906
6747,cut3,6747,SAPI,1112,177.75755310058594,31.80184555053711,58.356693267822266
6747,cut3,6747,SAPI,1113,37.65868377685547,136.07357788085938,45.61294937133789
6747,cut3,6747,SAPI,1114,209.06678771972656,206.50299072265625,48.08745193481445
6747,cut3,6747,SAPI,1115,195.98342895507812,150.50003051757812,49.132911682128906
6747,cut3,6747,SAPI,1116,133.99861145019534,137.56512451171875,33.45261001586914
6747,cut3,6747,SAPI,1117,32.36781311035156,152.960693359375,43.762779235839844
6747,cut3,6747,SAPI,1118,105.98737335205078,183.47509765625,41.655033111572266
6747,cut3,6747,SAPI,1119,104.46118927001953,57.98191452026367,37.61330795288086
6747,cut3,6747,SAPI,1120,187.52262878417972,215.64012145996094,48.798606872558594
6747,cut3,6747,SAPI,1121,138.35243225097656,121.5851593017578,34.39628601074219
6747,cut3,6747,SAPI,1122,175.84228515625,23.8288516998291,60.58530044555664
6747,cut3,6747,SAPI,1123,164.2755126953125,82.0936279296875,47.32472610473633
6747,cut3,6747,SAPI,1124,95.67361450195312,56.00231170654297,43.2013053894043
6747,cut3,6747,SAPI,1125,167.32363891601562,189.3797607421875,49.696067810058594
6747,cut3,6747,SAPI,1126,83.33386993408203,82.15968322753906,43.566219329833984
6747,cut3,6747,SAPI,1127,146.5373229980469,157.3741455078125,33.78138732910156
6747,cut3,6747,SAPI,1128,11.769960403442383,100.932373046875,54.480552673339844
6747,cut3,6747,SAPI,1129,142.90284729003906,110.44962310791016,32.308319091796875
6747,cut3,6747,SAPI,1130,162.20748901367188,92.7567367553711,44.360382080078125
6747,cut3,6747,SAPI,1131,0.14505043625831604,96.19171142578125,55.78102493286133
6747,cut3,6747,SAPI,1132,204.89675903320312,163.56826782226562,50.666568756103516
6747,cut3,6747,SAPI,1133,29.94499397277832,49.10312271118164,54.62627029418945
6747,cut3,6747,SAPI,1134,176.1007843017578,53.13481521606445,56.501502990722656
6747,cut3,6747,SAPI,1135,103.96363830566406,177.68650817871094,38.57106399536133
6747,cut3,6747,SAPI,1136,128.38514709472656,208.6667938232422,48.5960578918457
6747,cut3,6747,SAPI,1137,118.9120864868164,146.8701171875,30.204572677612305
6747,cut3,6747,SAPI,1138,161.55262756347656,16.59842300415039,58.59724807739258
6747,cut3,6747,SAPI,1139,97.62992095947266,78.10004425048828,40.80630111694336
6747,cut3,6747,SAPI,1140,99.35005187988281,208.61436462402344,44.87274932861328
6747,cut3,6747,SAPI,1141,186.81207275390625,168.12876892089844,48.12856674194336
6747,cut3,6747,SAPI,1142,42.582847595214844,219.46441650390625,45.847469329833984
6747,cut3,6747,SAPI,1143,155.1743621826172,10.137520790100098,58.79177093505859
6747,cut3,6747,SAPI,1144,142.53631591796875,139.17172241210938,34.23137664794922
6747,cut3,6747,SAPI,1145,63.96717071533203,122.89141082763672,34.5743522644043
