,System,Frame,Resname,Resnum,X,Y,Z
2907,cut3,2907,POPC,0,13.010208129882812,146.51620483398438,83.68951416015625
2907,cut3,2907,POPC,1,13.03988265991211,153.69183349609375,84.65660095214844
2907,cut3,2907,POPC,2,185.2399139404297,41.236995697021484,93.22976684570312
2907,cut3,2907,POPC,3,198.93186950683594,148.70028686523438,86.09568786621094
2907,cut3,2907,POPC,4,187.61483764648438,153.35618591308594,82.6433334350586
2907,cut3,2907,POPC,5,173.4293670654297,174.14634704589844,80.50780487060547
2907,cut3,2907,POPC,6,146.2586669921875,174.23353576660156,71.12242126464844
2907,cut3,2907,POPC,7,6.107139587402344,56.40219116210938,95.26311492919922
2907,cut3,2907,POPC,8,199.07513427734375,33.685855865478516,94.07376861572266
2907,cut3,2907,POPC,9,-2.4217183589935303,147.7471160888672,79.44068145751953
2907,cut3,2907,POPC,10,27.78839111328125,127.81138610839844,77.20205688476562
2907,cut3,2907,POPC,11,183.22909545898438,105.46528625488281,84.04780578613281
2907,cut3,2907,POPC,12,72.41715240478516,170.70272827148438,81.91404724121094
2907,cut3,2907,POPC,13,194.6086883544922,213.49644470214844,92.92852020263672
2907,cut3,2907,POPC,14,145.44384765625,162.54234313964844,70.56238555908203
2907,cut3,2907,POPC,15,171.545654296875,190.3756561279297,84.12226867675781
2907,cut3,2907,POPC,16,55.346885681152344,134.30987548828125,82.62623596191406
2907,cut3,2907,POPC,17,117.08575439453125,96.12708282470703,69.55330657958984
2907,cut3,2907,POPC,18,67.53106689453125,185.94944763183594,89.8529052734375
2907,cut3,2907,POPC,19,122.58020782470703,222.37997436523438,96.73128509521484
2907,cut3,2907,POPC,20,177.4864959716797,133.24563598632812,80.15805053710938
2907,cut3,2907,POPC,21,145.65235900878906,120.8143539428711,72.07713317871094
2907,cut3,2907,POPC,22,148.3506317138672,212.47950744628906,99.95803833007812
2907,cut3,2907,POPC,23,123.15422821044922,62.26461410522461,76.22915649414062
2907,cut3,2907,POPC,24,103.1289291381836,201.57220458984375,87.18104553222656
2907,cut3,2907,POPC,25,90.87602996826172,89.85052490234375,83.75119018554688
2907,cut3,2907,POPC,26,-0.02369862236082554,171.03829956054688,87.18883514404297
2907,cut3,2907,POPC,27,56.18134307861328,179.18270874023438,90.13159942626953
2907,cut3,2907,POPC,28,111.19400024414062,28.732864379882812,93.25189971923828
2907,cut3,2907,POPC,29,128.29815673828125,30.99658966064453,88.84281158447266
2907,cut3,2907,POPC,30,88.36032104492188,9.585930824279785,91.99297332763672
2907,cut3,2907,POPC,31,150.6851806640625,170.51400756835938,73.54218292236328
2907,cut3,2907,POPC,32,101.74920654296875,193.8753204345703,86.13999938964844
2907,cut3,2907,POPC,33,97.60374450683594,46.18376159667969,85.20552062988281
2907,cut3,2907,POPC,34,157.95860290527344,106.75276184082031,80.0493850708008
2907,cut3,2907,POPC,35,110.31053161621094,51.36653137207031,82.72295379638672
2907,cut3,2907,POPC,36,190.64669799804688,211.2127685546875,88.50159454345703
2907,cut3,2907,POPC,37,66.33041381835938,45.230018615722656,89.66737365722656
2907,cut3,2907,POPC,38,79.45918273925781,90.31137084960938,81.24549102783202
2907,cut3,2907,POPC,39,164.1947021484375,188.86688232421875,78.70560455322266
2907,cut3,2907,POPC,40,97.82712554931639,79.8528823852539,80.97920989990234
2907,cut3,2907,POPC,41,75.76750183105469,94.55437469482422,83.5810317993164
2907,cut3,2907,POPC,42,16.317584991455078,82.70927429199219,89.25228118896484
2907,cut3,2907,POPC,43,75.69966125488281,83.9176025390625,83.65918731689453
2907,cut3,2907,POPC,44,102.2859878540039,206.85865783691406,90.7607421875
2907,cut3,2907,POPC,45,75.61705780029297,46.801605224609375,88.57594299316406
2907,cut3,2907,POPC,46,108.28982543945312,5.278106689453125,90.1001968383789
2907,cut3,2907,POPC,47,43.37641906738281,38.645198822021484,85.29846954345703
2907,cut3,2907,POPC,48,172.28759765625,104.65644073486328,80.51295471191406
2907,cut3,2907,POPC,49,204.22711181640625,201.0081329345703,90.07730102539062
2907,cut3,2907,POPC,50,43.7846794128418,50.3086051940918,83.4901123046875
2907,cut3,2907,POPC,51,92.16527557373047,69.87017059326172,80.36254119873047
2907,cut3,2907,POPC,52,42.67234802246094,133.3751983642578,85.30783081054688
2907,cut3,2907,POPC,53,95.89225769042969,172.95657348632812,83.45731353759766
2907,cut3,2907,POPC,54,178.93699645996094,188.49496459960938,81.06230926513672
2907,cut3,2907,POPC,55,124.8757095336914,79.67415618896484,68.57941436767578
2907,cut3,2907,POPC,56,202.3920440673828,47.12073516845703,92.24769592285156
2907,cut3,2907,POPC,57,136.67762756347656,181.1852264404297,69.84962463378906
2907,cut3,2907,POPC,58,191.50950622558594,179.65447998046875,83.75270080566405
2907,cut3,2907,POPC,59,124.66797637939453,24.720571517944336,94.22756958007812
2907,cut3,2907,POPC,60,42.071041107177734,158.20077514648438,91.544921875
2907,cut3,2907,POPC,61,157.13229370117188,133.7769775390625,74.9466323852539
2907,cut3,2907,POPC,62,37.38936996459961,25.83567237854004,88.55036926269531
2907,cut3,2907,POPC,63,89.4317855834961,169.81219482421875,78.89830017089845
2907,cut3,2907,POPC,64,173.88406372070312,112.32767486572266,79.59515380859375
2907,cut3,2907,POPC,65,109.34733581542969,119.80203247070312,76.22635650634766
2907,cut3,2907,POPC,66,0.09472484141588211,30.08233642578125,93.1573486328125
2907,cut3,2907,POPC,67,39.9632568359375,179.70811462402344,91.6503677368164
2907,cut3,2907,POPC,68,52.330352783203125,38.12387466430664,85.95535278320312
2907,cut3,2907,POPC,69,31.675220489501953,222.78314208984375,89.08172607421875
2907,cut3,2907,POPC,70,46.846885681152344,20.619178771972656,91.06365966796875
2907,cut3,2907,POPC,71,128.1560516357422,180.95318603515625,37.885589599609375
2907,cut3,2907,POPC,72,5.924526214599609,81.91700744628906,85.3006591796875
2907,cut3,2907,POPC,73,138.78695678710938,123.948486328125,70.5552749633789
2907,cut3,2907,POPC,74,177.64266967773438,8.348250389099121,94.59027099609375
2907,cut3,2907,POPC,75,33.47052764892578,137.30917358398438,87.6970977783203
2907,cut3,2907,POPC,76,214.18240356445312,206.42039489746094,88.34686279296875
2907,cut3,2907,POPC,77,129.3635711669922,151.599853515625,68.29035949707031
2907,cut3,2907,POPC,78,187.16383361816406,25.45325469970703,56.78488540649414
2907,cut3,2907,POPC,79,111.62349700927734,56.7859001159668,78.71595764160156
2907,cut3,2907,POPC,80,95.73123168945312,216.0664978027344,87.94670867919922
2907,cut3,2907,POPC,81,23.106727600097656,225.96774291992185,86.78472137451172
2907,cut3,2907,POPC,82,29.825775146484375,64.96424865722656,90.31220245361328
2907,cut3,2907,POPC,83,-1.0558087825775146,155.30824279785156,80.19895935058594
2907,cut3,2907,POPC,84,82.68641662597656,156.21148681640625,78.8116226196289
2907,cut3,2907,POPC,85,135.7608184814453,51.952030181884766,76.3508071899414
2907,cut3,2907,POPC,86,53.96758270263672,202.29248046875,94.63321685791016
2907,cut3,2907,POPC,87,63.923370361328125,51.710601806640625,86.06937408447266
2907,cut3,2907,POPC,88,27.38092803955078,36.41383361816406,89.57225036621094
2907,cut3,2907,POPC,89,150.41648864746094,159.4048614501953,72.9820327758789
2907,cut3,2907,POPC,90,61.54325866699219,198.1463165283203,93.3837661743164
2907,cut3,2907,POPC,91,115.8583984375,-4.058341026306152,91.8478775024414
2907,cut3,2907,POPC,92,149.1289825439453,135.7312469482422,72.72612762451172
2907,cut3,2907,POPC,93,45.99944305419922,33.756771087646484,86.18074035644531
2907,cut3,2907,POPC,94,11.133172988891602,49.05496597290039,91.49465942382812
2907,cut3,2907,POPC,95,142.87596130371094,139.76194763183594,67.37556457519531
2907,cut3,2907,POPC,96,173.51858520507812,126.43459320068358,77.99898529052736
2907,cut3,2907,POPC,97,107.91844940185547,107.26026916503906,45.16281509399414
2907,cut3,2907,POPC,98,196.71926879882812,82.80736541748047,89.72074127197266
2907,cut3,2907,POPC,99,77.64796447753906,155.99069213867188,82.44660186767578
2907,cut3,2907,POPC,100,32.560794830322266,33.880741119384766,89.40265655517578
2907,cut3,2907,POPC,101,76.21492767333984,119.35941314697266,75.3687744140625
2907,cut3,2907,POPC,102,162.86097717285156,140.6176300048828,77.22946929931639
2907,cut3,2907,POPC,103,89.7428970336914,74.5483627319336,83.38135528564453
2907,cut3,2907,POPC,104,31.339893341064453,13.836956024169922,89.76073455810547
2907,cut3,2907,POPC,105,42.03507614135742,169.33213806152344,89.51697540283203
2907,cut3,2907,POPC,106,118.13922119140625,57.83632278442383,76.82534790039062
2907,cut3,2907,POPC,107,107.50491333007814,36.99039840698242,86.12355041503906
2907,cut3,2907,POPC,108,182.92933654785156,218.76904296875,93.04971313476562
2907,cut3,2907,POPC,109,204.4561767578125,155.3481903076172,86.2520980834961
2907,cut3,2907,POPC,110,112.57430267333984,225.5176544189453,93.39019012451172
2907,cut3,2907,POPC,111,118.29862213134766,35.90489196777344,84.5322036743164
2907,cut3,2907,POPC,112,99.9369125366211,24.513816833496094,90.60597229003906
2907,cut3,2907,POPC,113,187.01817321777344,51.43447494506836,95.28763580322266
2907,cut3,2907,POPC,114,86.98506164550781,217.3735809326172,88.8177261352539
2907,cut3,2907,POPC,115,201.9063262939453,207.97634887695312,88.31869506835939
2907,cut3,2907,POPC,116,193.73910522460938,73.8489761352539,93.66654968261719
2907,cut3,2907,POPC,117,146.41171264648438,42.53153991699219,81.44377899169922
2907,cut3,2907,POPC,118,72.20783996582031,124.52759552001953,73.54733276367186
2907,cut3,2907,POPC,119,124.85786437988281,13.434685707092285,95.94544982910156
2907,cut3,2907,POPC,120,50.595314025878906,-1.696755051612854,90.64714050292969
2907,cut3,2907,POPC,121,156.20535278320312,127.33938598632812,74.87242126464844
2907,cut3,2907,POPC,122,121.7110366821289,149.9303436279297,70.99458312988281
2907,cut3,2907,POPC,123,21.307170867919922,183.0585174560547,92.63047790527344
2907,cut3,2907,POPC,124,68.24982452392578,167.0845489501953,85.99954986572266
2907,cut3,2907,POPC,125,89.34219360351562,184.27732849121094,88.53019714355469
2907,cut3,2907,POPC,126,196.40884399414062,171.37808227539062,83.2670669555664
2907,cut3,2907,POPC,127,87.00345611572266,207.2746124267578,89.95108032226562
2907,cut3,2907,POPC,128,32.10626983642578,179.07749938964844,47.740623474121094
2907,cut3,2907,POPC,129,102.71344757080078,120.25301361083984,46.643516540527344
2907,cut3,2907,POPC,130,82.0750503540039,196.8162078857422,89.22083282470703
2907,cut3,2907,POPC,131,182.77719116210938,113.91548919677734,82.18283081054688
2907,cut3,2907,POPC,132,197.1110076904297,125.47335052490234,86.52325439453125
2907,cut3,2907,POPC,133,191.1727294921875,66.95346069335938,98.471435546875
2907,cut3,2907,POPC,134,92.33421325683594,163.61634826660156,77.76428222656251
2907,cut3,2907,POPC,135,107.23101806640625,102.25862884521484,83.82061004638672
2907,cut3,2907,POPC,136,198.314697265625,160.61415100097653,81.95398712158203
2907,cut3,2907,POPC,137,62.81298828124999,206.41387939453125,93.4114761352539
2907,cut3,2907,POPC,138,43.341827392578125,86.75138092041016,85.92597198486328
2907,cut3,2907,POPC,139,44.447296142578125,189.18368530273438,87.25485229492188
2907,cut3,2907,POPC,140,120.04876708984375,164.93212890625,67.77394104003906
2907,cut3,2907,POPC,141,169.29498291015625,144.47210693359375,77.98177337646484
2907,cut3,2907,POPC,142,174.42843627929688,58.44575500488281,95.25459289550781
2907,cut3,2907,POPC,143,140.50006103515625,3.781890630722046,93.44597625732422
2907,cut3,2907,POPC,144,140.75473022460938,102.56769561767578,77.07868957519533
2907,cut3,2907,POPC,145,168.4275360107422,49.08422088623046,89.0325927734375
2907,cut3,2907,POPC,146,84.70278930664062,18.814224243164062,93.98338317871094
2907,cut3,2907,POPC,147,30.006649017333984,24.50299835205078,90.39852905273438
2907,cut3,2907,POPC,148,39.384979248046875,61.19877243041992,87.6932144165039
2907,cut3,2907,POPC,149,2.276907205581665,187.52267456054688,88.65709686279297
2907,cut3,2907,POPC,150,48.03211975097656,145.77430725097656,87.16661071777344
2907,cut3,2907,POPC,151,139.7091522216797,130.10581970214844,67.8617172241211
2907,cut3,2907,POPC,152,61.802001953125,0.5513085722923279,86.42072296142578
2907,cut3,2907,POPC,153,154.00732421875,163.7896270751953,75.45756530761719
2907,cut3,2907,POPC,154,79.2937240600586,30.920928955078125,90.16155242919922
2907,cut3,2907,POPC,155,80.639404296875,189.1626739501953,91.54759979248047
2907,cut3,2907,POPC,156,78.15521240234375,147.1358184814453,78.03751373291016
2907,cut3,2907,POPC,157,20.09058380126953,213.24864196777344,92.77249145507812
2907,cut3,2907,POPC,158,200.69122314453125,184.10638427734375,87.08309173583984
2907,cut3,2907,POPC,159,37.714962005615234,54.82712173461914,84.0268325805664
2907,cut3,2907,POPC,160,36.20840835571289,119.0723648071289,73.52742004394531
2907,cut3,2907,POPC,161,86.47566986083984,174.64956665039062,88.29963684082031
2907,cut3,2907,POPC,162,102.77032470703125,220.67385864257812,88.44922637939453
2907,cut3,2907,POPC,163,36.9643440246582,13.661356925964355,91.17765808105469
2907,cut3,2907,POPC,164,43.94503402709961,126.02947235107422,83.01016998291016
2907,cut3,2907,POPC,165,78.22563934326172,207.63220214843753,91.56423950195312
2907,cut3,2907,POPC,166,30.028480529785156,76.02019500732422,87.93450164794922
2907,cut3,2907,POPC,167,158.99021911621094,97.91098022460938,83.74412536621094
2907,cut3,2907,POPC,168,205.68463134765625,79.53948974609375,91.52680969238281
2907,cut3,2907,POPC,169,209.28341674804688,9.442108154296875,92.03560638427734
2907,cut3,2907,POPC,170,122.15846252441406,85.86006164550781,70.19554901123047
2907,cut3,2907,POPC,171,66.48226928710938,92.81156158447266,86.00531005859375
2907,cut3,2907,POPC,172,164.66452026367188,5.948797702789307,94.27184295654297
2907,cut3,2907,POPC,173,28.156795501708984,120.70528411865234,74.7709732055664
2907,cut3,2907,POPC,174,92.22747802734375,39.72010803222656,84.37409973144531
2907,cut3,2907,POPC,175,194.91351318359375,56.47493362426758,95.32527923583984
2907,cut3,2907,POPC,176,71.40119171142578,17.51799964904785,89.9806137084961
2907,cut3,2907,POPC,177,92.17676544189453,31.302783966064453,85.71135711669922
2907,cut3,2907,POPC,178,110.6944351196289,125.09989166259766,72.08368682861328
2907,cut3,2907,POPC,179,85.82788848876953,52.93030548095703,87.37223052978516
2907,cut3,2907,POPC,180,77.1195068359375,58.77034378051758,85.89446258544922
2907,cut3,2907,POPC,181,114.99153900146484,191.57301330566406,83.23028564453125
2907,cut3,2907,POPC,182,178.1237335205078,223.53407287597656,94.50968933105469
2907,cut3,2907,POPC,183,114.16380310058594,86.66105651855469,72.45106506347656
2907,cut3,2907,POPC,184,12.315338134765625,65.25482940673828,57.75465774536133
2907,cut3,2907,POPC,185,190.27183532714844,204.5410614013672,86.76827239990234
2907,cut3,2907,POPC,186,110.20315551757812,215.35650634765625,89.30590057373047
2907,cut3,2907,POPC,187,159.8258056640625,221.4471435546875,97.28736114501953
2907,cut3,2907,POPC,188,204.84225463867188,21.654253005981445,89.8027572631836
2907,cut3,2907,POPC,189,50.24891662597656,73.22213745117188,88.56668853759766
2907,cut3,2907,POPC,190,191.4523162841797,103.8187255859375,84.0652084350586
2907,cut3,2907,POPC,191,108.73283386230469,11.11575698852539,95.07146453857422
2907,cut3,2907,POPC,192,178.23635864257812,120.60338592529297,82.22332000732422
2907,cut3,2907,POPC,193,47.831764221191406,170.90673828125,90.45533752441406
2907,cut3,2907,POPC,194,122.22378540039062,71.503662109375,74.53280639648438
2907,cut3,2907,POPC,195,184.3365020751953,180.75062561035156,45.037784576416016
2907,cut3,2907,POPC,196,37.05075454711914,40.766395568847656,86.25718688964844
2907,cut3,2907,POPC,197,171.24942016601562,153.55345153808594,79.46622467041016
2907,cut3,2907,POPC,198,204.18743896484375,85.23107147216797,87.96161651611328
2907,cut3,2907,POPC,199,40.09204864501953,44.7239875793457,81.97831726074219
2907,cut3,2907,POPC,200,17.395610809326172,49.83371353149414,89.86511993408203
2907,cut3,2907,POPC,201,207.92236328125,47.41789627075195,95.40126037597656
2907,cut3,2907,POPC,202,190.1101531982422,170.43365478515625,86.02947998046875
2907,cut3,2907,POPC,203,121.4156494140625,190.75244140625,73.20366668701172
2907,cut3,2907,POPC,204,10.798852920532227,205.6117401123047,94.08763122558594
2907,cut3,2907,POPC,205,52.502464294433594,163.12208557128906,90.18052673339844
2907,cut3,2907,POPC,206,199.89256286621094,93.2016067504883,88.35956573486328
2907,cut3,2907,POPC,207,15.81964111328125,222.9261932373047,90.30460357666016
2907,cut3,2907,POPC,208,188.7890625,27.199771881103516,89.20809936523438
2907,cut3,2907,POPC,209,46.7828369140625,161.49769592285156,88.334228515625
2907,cut3,2907,POPC,210,68.43001556396483,56.461483001708984,85.63311004638672
2907,cut3,2907,POPC,211,63.784141540527344,148.00076293945312,86.01860809326172
2907,cut3,2907,POPC,212,157.7441864013672,150.93846130371094,76.63471221923828
2907,cut3,2907,POPC,213,170.26364135742188,116.52770233154297,77.95379638671875
2907,cut3,2907,POPC,214,19.073116302490234,63.93093490600586,92.08831787109375
2907,cut3,2907,POPC,215,87.1658935546875,37.860130310058594,85.44339752197266
2907,cut3,2907,POPC,216,44.614906311035156,220.87350463867188,88.91606140136719
2907,cut3,2907,POPC,217,24.856491088867188,66.05514526367188,93.79879760742188
2907,cut3,2907,POPC,218,100.34046936035156,106.5974349975586,85.50289154052734
2907,cut3,2907,POPC,219,29.390392303466797,57.95222473144531,90.8218765258789
2907,cut3,2907,POPC,220,136.96031188964844,164.14996337890625,69.57646942138672
2907,cut3,2907,POPC,221,13.27523422241211,166.93197631835938,93.73876190185547
2907,cut3,2907,POPC,222,7.488866806030273,139.61907958984375,78.74092102050781
2907,cut3,2907,POPC,223,107.25570678710938,31.92950439453125,88.70423126220703
2907,cut3,2907,POPC,224,134.03175354003906,131.5088348388672,68.67396545410156
2907,cut3,2907,POPC,225,158.9602508544922,190.84205627441406,79.42449188232422
2907,cut3,2907,POPC,226,153.767822265625,173.7879180908203,38.84500503540039
2907,cut3,2907,POPC,227,130.508056640625,144.5467071533203,67.71739959716797
2907,cut3,2907,POPC,228,68.22144317626953,196.5950927734375,92.1649169921875
2907,cut3,2907,POPC,229,208.79367065429688,186.6729278564453,88.74866485595703
2907,cut3,2907,POPC,230,91.89788818359375,83.36962890625,83.91423797607422
2907,cut3,2907,POPC,231,125.07555389404297,142.59878540039062,67.82482147216797
2907,cut3,2907,POPC,232,130.01918029785156,7.319646835327148,95.17566680908203
2907,cut3,2907,POPC,233,13.408897399902344,213.26795959472656,92.30274963378906
2907,cut3,2907,POPC,234,1.1138556003570557,220.83204650878906,89.6170425415039
2907,cut3,2907,POPC,235,48.18385314941407,176.3766326904297,91.82260131835938
2907,cut3,2907,POPC,236,162.1399688720703,73.3678207397461,87.16819763183594
2907,cut3,2907,POPC,237,130.53652954101562,61.771095275878906,75.60981750488281
2907,cut3,2907,POPC,238,56.53076171875,223.63539123535156,89.77706909179688
2907,cut3,2907,POPC,239,52.714447021484375,9.927973747253418,92.8565902709961
2907,cut3,2907,POPC,240,129.6766357421875,87.31744384765625,71.66586303710938
2907,cut3,2907,POPC,241,98.0289077758789,65.93824768066406,49.41154479980469
2907,cut3,2907,POPC,242,24.3829345703125,195.3121337890625,92.36453247070312
2907,cut3,2907,POPC,243,80.20402526855469,50.34907531738281,88.1430892944336
2907,cut3,2907,POPC,244,4.267242431640625,37.89150619506836,94.51722717285156
2907,cut3,2907,POPC,245,141.50344848632812,31.892839431762695,82.09368133544922
2907,cut3,2907,POPC,246,164.04299926757812,79.58320617675781,85.69707489013672
2907,cut3,2907,POPC,247,159.61346435546875,85.94032287597656,85.48614501953125
2907,cut3,2907,POPC,248,115.2412338256836,33.301326751708984,88.40259552001953
2907,cut3,2907,POPC,249,31.87380599975586,147.9258270263672,86.8725357055664
2907,cut3,2907,POPC,250,157.49798583984375,171.4085693359375,74.75435638427734
2907,cut3,2907,POPC,251,24.423553466796875,163.45498657226562,89.2431411743164
2907,cut3,2907,POPC,252,149.55865478515625,55.80064392089844,77.01097869873048
2907,cut3,2907,POPC,253,199.795166015625,61.71100997924805,92.80572509765625
2907,cut3,2907,POPC,254,49.792999267578125,82.29783630371094,87.12290954589844
2907,cut3,2907,POPC,255,205.1546173095703,60.54777145385742,92.38525390625
2907,cut3,2907,POPC,256,84.72537994384766,68.73348236083984,85.5339126586914
2907,cut3,2907,POPC,257,175.39210510253906,78.75658416748047,92.25390625
2907,cut3,2907,POPC,258,150.63775634765625,128.36135864257812,70.7222671508789
2907,cut3,2907,POPC,259,93.75584411621094,64.38517761230469,83.59555053710938
2907,cut3,2907,POPC,260,194.76593017578125,166.1585235595703,84.5948486328125
2907,cut3,2907,POPC,261,161.6630096435547,146.6667938232422,77.94094848632812
2907,cut3,2907,POPC,262,189.05186462402344,7.070677757263184,91.60279083251953
2907,cut3,2907,POPC,263,43.92036819458008,119.6773452758789,76.4081039428711
2907,cut3,2907,POPC,264,52.195037841796875,116.27415466308594,72.7166519165039
2907,cut3,2907,POPC,265,43.033287048339844,176.68594360351562,89.18108367919922
2907,cut3,2907,POPC,266,145.4200897216797,63.4117431640625,78.98746490478516
2907,cut3,2907,POPC,267,176.3603973388672,149.50006103515625,81.29503631591797
2907,cut3,2907,POPC,268,165.8861541748047,125.6468734741211,35.944984436035156
2907,cut3,2907,POPC,269,139.9494171142578,59.618839263916016,76.31111145019531
2907,cut3,2907,POPC,270,129.3678741455078,39.60813903808594,84.50374603271484
2907,cut3,2907,POPC,271,71.61406707763672,208.62644958496094,92.06866455078125
2907,cut3,2907,POPC,272,20.83126449584961,159.1670379638672,85.66327667236328
2907,cut3,2907,POPC,273,117.58824157714844,74.67733764648439,70.02174377441406
2907,cut3,2907,POPC,274,132.9208526611328,170.8014373779297,66.53533935546875
2907,cut3,2907,POPC,275,73.7982177734375,38.31806182861328,93.04749298095703
2907,cut3,2907,POPC,276,4.858255386352539,5.235742568969727,89.18634796142578
2907,cut3,2907,POPC,277,131.29469299316406,176.97503662109375,68.37163543701172
2907,cut3,2907,POPC,278,12.088155746459961,42.40969467163086,90.6575927734375
2907,cut3,2907,POPC,279,137.01797485351562,137.77386474609375,68.37376403808594
2907,cut3,2907,POPC,280,77.65398406982422,128.00770568847656,71.40157318115234
2907,cut3,2907,POPC,281,194.7860565185547,8.879984855651855,88.89622497558594
2907,cut3,2907,POPC,282,189.94448852539062,22.15401840209961,90.544189453125
2907,cut3,2907,POPC,283,63.079429626464844,171.12936401367185,87.81507110595703
2907,cut3,2907,POPC,284,53.45526885986328,196.2775421142578,94.19413757324219
2907,cut3,2907,POPC,285,59.03956604003906,35.36139678955078,87.77599334716797
2907,cut3,2907,POPC,286,112.1441421508789,17.26236915588379,95.96766662597656
2907,cut3,2907,POPC,287,171.48248291015625,221.84463500976562,93.62567901611328
2907,cut3,2907,POPC,288,12.45782470703125,70.98798370361328,92.41512298583984
2907,cut3,2907,POPC,289,146.16151428222656,64.33956909179688,36.40922927856445
2907,cut3,2907,POPC,290,101.49970245361328,32.043304443359375,85.6445541381836
2907,cut3,2907,POPC,291,36.42123413085938,76.97325897216797,88.87293243408203
2907,cut3,2907,POPC,292,209.31724548339844,165.62677001953125,83.8832015991211
2907,cut3,2907,POPC,293,3.7884886264801025,44.055328369140625,93.51164245605469
2907,cut3,2907,POPC,294,75.27776336669922,4.830114364624023,89.65484619140625
2907,cut3,2907,POPC,295,104.62086486816406,21.673490524291992,91.99602508544922
2907,cut3,2907,POPC,296,69.3165283203125,76.80323791503906,89.59410858154297
2907,cut3,2907,POPC,297,10.831212997436523,186.47503662109375,89.48800659179688
2907,cut3,2907,POPC,298,68.31948852539062,7.117090702056886,86.6927261352539
2907,cut3,2907,POPC,299,9.124971389770508,12.536231994628906,88.2956771850586
2907,cut3,2907,POPC,300,68.19104766845703,86.95738983154297,85.57192993164062
2907,cut3,2907,POPC,301,82.84661865234375,26.16529655456543,92.75776672363281
2907,cut3,2907,POPC,302,119.82609558105469,49.377891540527344,80.85087585449219
2907,cut3,2907,POPC,303,29.56100082397461,179.4225616455078,93.68209838867188
2907,cut3,2907,POPC,304,189.23301696777344,218.83029174804688,90.7076416015625
2907,cut3,2907,POPC,305,3.976381540298462,74.19090270996094,91.03617095947266
2907,cut3,2907,POPC,306,188.0555877685547,121.2958984375,85.02679443359375
2907,cut3,2907,POPC,307,193.8665771484375,41.11115264892578,95.70436096191406
2907,cut3,2907,POPC,308,8.580371856689453,172.61082458496094,90.59783935546875
2907,cut3,2907,POPC,309,209.3332061767578,215.57614135742188,88.29444122314453
2907,cut3,2907,POPC,310,198.07026672363284,220.39744567871094,93.91322326660156
2907,cut3,2907,POPC,311,97.93405151367188,211.1276397705078,89.71332550048828
2907,cut3,2907,POPC,312,131.62680053710938,223.75718688964844,94.01666259765625
2907,cut3,2907,POPC,313,83.99230194091797,131.56568908691406,68.92852783203125
2907,cut3,2907,POPC,314,62.86570739746094,72.97701263427734,90.16595458984375
2907,cut3,2907,POPC,315,65.60531616210938,119.6085433959961,78.17594146728516
2907,cut3,2907,POPC,316,100.55917358398438,95.95600128173828,84.19942474365234
2907,cut3,2907,POPC,317,22.715129852294922,52.5627326965332,90.03119659423828
2907,cut3,2907,POPC,318,108.97748565673827,199.67723083496094,89.1846923828125
2907,cut3,2907,POPC,319,59.70542907714844,87.58269500732422,87.79298400878906
2907,cut3,2907,POPC,320,193.89752197265625,196.35105895996094,89.00011444091797
2907,cut3,2907,POPC,321,25.847763061523438,27.42355728149414,91.89563751220703
2907,cut3,2907,POPC,322,55.24976348876953,174.4279022216797,89.06243133544922
2907,cut3,2907,POPC,323,28.533348083496094,8.156134605407715,88.40601348876953
2907,cut3,2907,POPC,324,174.21295166015625,211.55084228515625,90.1274185180664
2907,cut3,2907,POPC,325,93.8402099609375,23.166593551635742,91.58688354492188
2907,cut3,2907,POPC,326,34.826290130615234,130.3367919921875,81.713134765625
2907,cut3,2907,POPC,327,188.29359436035153,187.61940002441406,85.16365051269531
2907,cut3,2907,POPC,328,180.15576171875,62.23953628540039,94.47148895263672
2907,cut3,2907,POPC,329,72.24040985107422,26.39130210876465,87.89916229248047
2907,cut3,2907,POPC,330,28.342445373535156,46.941139221191406,92.54299926757812
2907,cut3,2907,POPC,331,8.913267135620117,64.72653198242188,93.9814453125
2907,cut3,2907,POPC,332,125.79045867919922,210.33566284179688,90.26172637939453
2907,cut3,2907,POPC,333,142.5089874267578,74.3595962524414,69.58251190185547
2907,cut3,2907,POPC,334,10.911417007446289,76.78398132324219,90.15069580078125
2907,cut3,2907,POPC,335,170.57493591308594,3.654327869415283,92.24168395996094
2907,cut3,2907,POPC,336,163.97225952148438,125.52519989013672,78.14371490478516
2907,cut3,2907,POPC,337,207.36666870117188,5.720553398132324,51.98088073730469
2907,cut3,2907,POPC,338,120.4770736694336,42.711631774902344,85.53131103515625
2907,cut3,2907,POPC,339,57.09153747558594,67.27154541015625,90.96813201904297
2907,cut3,2907,POPC,340,150.00582885742188,150.38157653808594,75.18248748779297
2907,cut3,2907,POPC,341,200.5340576171875,177.64971923828125,85.84725952148438
2907,cut3,2907,POPC,342,59.245506286621094,19.443574905395508,87.17418670654297
2907,cut3,2907,POPC,343,146.6753692626953,141.94810485839844,70.9720230102539
2907,cut3,2907,POPC,344,101.23816680908203,50.884010314941406,82.62728118896484
2907,cut3,2907,POPC,345,113.67648315429688,196.4366455078125,89.61700439453125
2907,cut3,2907,POPC,346,82.99657440185547,38.73933410644531,91.90856170654297
2907,cut3,2907,POPC,347,36.55128860473633,154.5330810546875,89.38948822021484
2907,cut3,2907,POPC,348,186.37355041503906,160.8526611328125,82.77659606933594
2907,cut3,2907,POPC,349,189.11935424804688,115.1332778930664,82.93006896972656
2907,cut3,2907,POPC,350,132.7913818359375,159.86386108398438,67.59957122802734
2907,cut3,2907,POPC,351,151.36093139648438,177.2731170654297,74.6001205444336
2907,cut3,2907,POPC,352,19.688426971435547,139.53623962402344,84.46128845214844
2907,cut3,2907,POPC,353,70.6322250366211,219.172607421875,88.40260314941406
2907,cut3,2907,POPC,354,128.9849395751953,114.85211181640625,70.66793823242188
2907,cut3,2907,POPC,355,55.4500732421875,107.72369384765625,73.4110336303711
2907,cut3,2907,POPC,356,133.85357666015625,78.82881164550781,71.1131820678711
2907,cut3,2907,POPC,357,186.14703369140625,138.68536376953122,81.63238525390626
2907,cut3,2907,POPC,358,9.30813217163086,200.16690063476562,91.48435974121094
2907,cut3,2907,POPC,359,171.68145751953125,23.194353103637695,95.75841522216797
2907,cut3,2907,POPC,360,171.4683074951172,66.15840148925781,94.4449691772461
2907,cut3,2907,POPC,361,65.35468292236328,179.75140380859375,88.22663116455078
2907,cut3,2907,POPC,362,34.606201171875,160.3222198486328,88.67185211181639
2907,cut3,2907,POPC,363,37.11870193481445,222.1229705810547,89.00376892089844
2907,cut3,2907,POPC,364,22.769973754882812,75.921142578125,88.65042114257812
2907,cut3,2907,POPC,365,19.171100616455078,6.292734622955322,89.21656799316406
2907,cut3,2907,POPC,366,104.9206771850586,57.66217041015625,79.30216979980469
2907,cut3,2907,POPC,367,122.79081726074219,94.82438659667969,69.33399200439453
2907,cut3,2907,POPC,368,182.5790557861328,152.03346252441406,78.77196502685547
2907,cut3,2907,POPC,369,213.75599670410156,22.14449119567871,90.94633483886719
2907,cut3,2907,POPC,370,203.3247528076172,54.58289337158203,94.7621078491211
2907,cut3,2907,POPC,371,178.95274353027344,172.51705932617188,83.64791870117188
2907,cut3,2907,POPC,372,49.75501251220703,49.16767120361328,87.26638793945312
2907,cut3,2907,POPC,373,14.724945068359375,121.78607177734375,80.03192901611328
2907,cut3,2907,POPC,374,169.28244018554688,135.4576873779297,74.8491973876953
2907,cut3,2907,POPC,375,130.3458709716797,68.31780242919922,74.77078247070312
2907,cut3,2907,POPC,376,33.77886199951172,52.92716979980469,89.29673767089844
2907,cut3,2907,POPC,377,89.52991485595703,125.91299438476562,75.27178192138672
2907,cut3,2907,POPC,378,204.6290740966797,31.740209579467773,93.18785858154297
2907,cut3,2907,POPC,379,156.94496154785156,18.508949279785156,88.10592651367188
2907,cut3,2907,POPC,380,185.31259155273438,4.348230361938477,95.44746398925781
2907,cut3,2907,POPC,381,53.49645233154297,155.5017547607422,88.22087097167969
2907,cut3,2907,POPC,382,25.700210571289062,144.51983642578125,84.80142974853516
2907,cut3,2907,POPC,383,91.81388092041016,56.17582321166992,82.51068878173828
2907,cut3,2907,POPC,384,146.0581817626953,125.22821807861328,35.4128532409668
2907,cut3,2907,POPC,385,70.35084533691406,131.2742462158203,75.19161224365234
2907,cut3,2907,POPC,386,9.04066276550293,222.47030639648438,87.60673522949219
2907,cut3,2907,POPC,387,117.27436828613281,136.70443725585938,71.44115447998047
2907,cut3,2907,POPC,388,183.90840148925784,211.12210083007812,88.71493530273438
2907,cut3,2907,POPC,389,31.030872344970703,70.98738861083984,92.96675109863281
2907,cut3,2907,POPC,390,203.2013702392578,169.61651611328125,85.71640014648438
2907,cut3,2907,POPC,391,127.48442840576172,74.56675720214844,71.31503295898438
2907,cut3,2907,POPC,392,186.2100372314453,179.9803924560547,84.68740081787108
2907,cut3,2907,POPC,393,157.91342163085938,179.44932556152344,75.48844146728516
2907,cut3,2907,POPC,394,66.6681137084961,22.084848403930664,90.70174407958984
2907,cut3,2907,POPC,395,109.8651123046875,61.94028091430664,79.78836822509766
2907,cut3,2907,POPC,396,103.62840270996094,152.7895965576172,73.15208435058594
2907,cut3,2907,POPC,397,118.9580307006836,17.84595489501953,95.861328125
2907,cut3,2907,POPC,398,14.696956634521484,36.35586166381836,90.63185119628906
2907,cut3,2907,POPC,399,68.86642456054688,68.3175048828125,85.68299865722656
2907,cut3,2907,POPC,400,152.37808227539062,44.63422393798828,81.44129943847656
2907,cut3,2907,POPC,401,151.8131561279297,4.957106590270996,93.0645980834961
2907,cut3,2907,POPC,402,151.6468963623047,221.77252197265625,99.20221710205078
2907,cut3,2907,POPC,403,58.98710632324219,13.043126106262207,91.23371124267578
2907,cut3,2907,POPC,404,42.93628692626953,209.31411743164062,93.09053039550781
2907,cut3,2907,POPC,405,103.298095703125,122.508056640625,76.9626235961914
2907,cut3,2907,POPC,406,53.531288146972656,217.8674774169922,91.77847290039062
2907,cut3,2907,POPC,407,65.06513214111328,214.05642700195312,90.49703979492188
2907,cut3,2907,POPC,408,82.34223937988281,13.196590423583984,91.75762939453125
2907,cut3,2907,POPC,409,84.95824432373045,58.974578857421875,84.75569152832031
2907,cut3,2907,POPC,410,38.97104263305664,141.1979217529297,87.85833740234375
2907,cut3,2907,POPC,411,118.3258285522461,2.476308822631836,93.1623306274414
2907,cut3,2907,POPC,412,154.74842834472656,111.9875259399414,77.99971771240234
2907,cut3,2907,POPC,413,114.0866470336914,157.3048858642578,65.42585754394531
2907,cut3,2907,POPC,414,55.87384033203125,211.5698699951172,90.98997497558594
2907,cut3,2907,POPC,415,110.6851577758789,74.42078399658203,76.47177124023438
2907,cut3,2907,POPC,416,20.020687103271484,20.874284744262695,93.17848205566406
2907,cut3,2907,POPC,417,184.37677001953125,85.58197784423828,92.42074584960936
2907,cut3,2907,POPC,418,186.6559295654297,89.98777770996094,89.43387603759766
2907,cut3,2907,POPC,419,183.5667266845703,56.71560287475586,93.14603424072266
2907,cut3,2907,POPC,420,137.8616943359375,70.79557800292969,72.82937622070312
2907,cut3,2907,POPC,421,194.94940185546875,15.18385124206543,93.40565490722656
2907,cut3,2907,POPC,422,191.33804321289062,84.83121490478516,90.99610900878906
2907,cut3,2907,POPC,423,10.297748565673828,157.72097778320312,90.31207275390624
2907,cut3,2907,POPC,424,38.62681198120117,32.2637825012207,86.35736846923828
2907,cut3,2907,POPC,425,138.08070373535156,155.4950408935547,69.70689392089844
2907,cut3,2907,POPC,426,2.81984543800354,11.09936237335205,90.64725494384766
2907,cut3,2907,POPC,427,174.69932556152344,182.78407287597656,82.36703491210938
2907,cut3,2907,POPC,428,161.7646942138672,162.33450317382812,78.22093963623047
2907,cut3,2907,POPC,429,79.22518157958984,173.55992126464844,84.14360046386719
2907,cut3,2907,POPC,430,3.9692137241363525,194.65794372558594,89.29376983642578
2907,cut3,2907,POPC,431,210.2342987060547,36.26235580444336,94.48757934570312
2907,cut3,2907,POPC,432,138.7364654541016,224.15478515625,89.62755584716797
2907,cut3,2907,POPC,433,147.90155029296875,108.24224090576172,77.86125946044922
2907,cut3,2907,POPC,434,25.95662307739258,210.36257934570312,91.63504028320312
2907,cut3,2907,POPC,435,162.88839721679688,131.36105346679688,77.91276550292969
2907,cut3,2907,POPC,436,87.25827026367188,151.9688262939453,74.48248291015625
2907,cut3,2907,POPC,437,132.7093505859375,124.68303680419922,69.02336883544922
2907,cut3,2907,POPC,438,56.711647033691406,96.91215515136719,86.87300109863281
2907,cut3,2907,POPC,439,66.72309875488281,157.3099822998047,89.24788665771484
2907,cut3,2907,POPC,440,82.75845336914062,83.77429962158203,83.91492462158202
2907,cut3,2907,POPC,441,24.334819793701172,86.65007781982422,88.59906005859375
2907,cut3,2907,POPC,442,185.90049743652344,62.79301071166992,96.80897521972656
2907,cut3,2907,POPC,443,72.7083511352539,63.305450439453125,86.12483215332031
2907,cut3,2907,POPC,444,77.67435455322266,78.01078796386719,83.20777893066406
2907,cut3,2907,POPC,445,95.9171142578125,190.61007690429688,88.14059448242188
2907,cut3,2907,POPC,446,93.85687255859375,203.3617706298828,89.66378021240234
2907,cut3,2907,POPC,447,186.8741455078125,16.14236068725586,91.69644927978516
2907,cut3,2907,POPC,448,79.0342025756836,219.63587951660156,87.87689971923828
2907,cut3,2907,POPC,449,60.653419494628906,36.6943359375,47.43095779418945
2907,cut3,2907,POPC,450,209.86888122558594,64.76152801513672,94.98473358154297
2907,cut3,2907,POPC,451,106.56450653076172,45.677581787109375,81.50395202636719
2907,cut3,2907,POPC,452,6.236406326293945,209.4714813232422,52.630043029785156
2907,cut3,2907,POPC,453,28.340816497802734,185.42140197753906,94.46160888671874
2907,cut3,2907,POPC,454,54.463478088378906,140.84178161621094,84.51427459716797
2907,cut3,2907,POPC,455,140.18772888183594,174.10348510742188,71.06867218017578
2907,cut3,2907,POPC,456,164.67393493652344,93.99324035644531,85.23965454101562
2907,cut3,2907,POPC,457,46.39258575439453,56.317630767822266,85.23287963867188
2907,cut3,2907,POPC,458,53.216896057128906,147.15597534179688,84.36109161376953
2907,cut3,2907,POPC,459,200.0785675048828,40.30963134765625,94.61470031738281
2907,cut3,2907,POPC,460,175.91380310058594,49.70881652832031,90.93890380859375
2907,cut3,2907,POPC,461,108.97796630859375,85.15797424316406,72.99768829345703
2907,cut3,2907,POPC,462,64.05388641357422,12.059418678283691,90.19266510009767
2907,cut3,2907,POPC,463,19.517459869384766,172.85525512695312,89.07966613769531
2907,cut3,2907,POPC,464,7.727243423461914,209.26036071777344,89.82176208496094
2907,cut3,2907,POPC,465,59.171531677246094,144.95399475097656,82.61811828613281
2907,cut3,2907,POPC,466,14.989501953125,17.436477661132812,93.57200622558594
2907,cut3,2907,POPC,467,14.685604095458984,130.50253295898438,78.43655395507812
2907,cut3,2907,POPC,468,100.86096954345703,183.20550537109375,84.72481536865234
2907,cut3,2907,POPC,469,65.74813079833984,135.96238708496094,77.00283813476562
2907,cut3,2907,POPC,470,188.19667053222656,133.12063598632812,84.57630157470703
2907,cut3,2907,POPC,471,180.0142059326172,21.248079299926758,95.74752044677734
2907,cut3,2907,POPC,472,91.39873504638672,158.82244873046875,75.27392578125
2907,cut3,2907,POPC,473,53.43659210205078,59.960689544677734,86.93213653564453
2907,cut3,2907,POPC,474,19.938934326171875,147.2992401123047,83.72924041748047
2907,cut3,2907,POPC,475,169.65213012695312,160.84725952148438,82.44705963134766
2907,cut3,2907,POPC,476,142.682373046875,48.341033935546875,78.20564270019531
2907,cut3,2907,POPC,477,37.41293716430664,124.693603515625,76.56692504882812
2907,cut3,2907,POPC,478,136.9859619140625,149.50509643554688,70.33837890625
2907,cut3,2907,POPC,479,146.48916625976562,183.75613403320312,76.66325378417969
2907,cut3,2907,POPC,480,159.36451721191406,120.91686248779297,76.90200805664062
2907,cut3,2907,POPC,481,39.881011962890625,8.609814643859863,89.90128326416016
2907,cut3,2907,POPC,482,78.46578216552734,181.3946990966797,89.18567657470703
2907,cut3,2907,POPC,483,69.4084243774414,149.36119079589844,82.15473937988281
2907,cut3,2907,POPC,484,47.09553527832031,92.45551300048828,83.8204345703125
2907,cut3,2907,POPC,485,70.04694366455078,144.1333770751953,78.12519073486328
2907,cut3,2907,POPC,486,161.30564880371094,10.195959091186523,93.5305404663086
2907,cut3,2907,POPC,487,74.00973510742188,185.8720245361328,88.20683288574219
2907,cut3,2907,POPC,488,61.10682678222656,183.3519287109375,93.1099853515625
2907,cut3,2907,POPC,489,86.12432098388672,162.9115753173828,78.76626586914062
2907,cut3,2907,POPC,490,150.78024291992188,119.05806732177734,73.69931030273438
2907,cut3,2907,POPC,491,150.417724609375,190.95993041992188,81.36827087402344
2907,cut3,2907,POPC,492,123.92131805419922,41.83346176147461,46.842613220214844
2907,cut3,2907,POPC,493,45.08232116699219,78.35126495361328,86.45512390136719
2907,cut3,2907,POPC,494,13.475902557373047,5.7030816078186035,87.4846420288086
2907,cut3,2907,POPC,495,123.28495025634766,159.4167938232422,68.8700942993164
2907,cut3,2907,POPC,496,133.2124786376953,23.647647857666016,90.3393325805664
2907,cut3,2907,POPC,497,120.35208129882812,209.27781677246094,90.55075073242188
2907,cut3,2907,POPC,498,117.19851684570312,203.2638702392578,90.5256118774414
2907,cut3,2907,POPC,499,31.288684844970703,195.18214416503906,90.41746520996094
2907,cut3,2907,POPC,500,99.23731994628906,38.79963302612305,85.93138885498047
2907,cut3,2907,POPC,501,61.63806915283203,130.9350128173828,77.05963134765625
2907,cut3,2907,POPC,502,181.09495544433594,157.70840454101562,80.13452911376953
2907,cut3,2907,POPC,503,126.56258392333984,53.975135803222656,75.76957702636719
2907,cut3,2907,POPC,504,20.871768951416016,126.55230712890625,80.47949981689453
2907,cut3,2907,POPC,505,128.5298614501953,44.54920959472656,77.42707824707031
2907,cut3,2907,POPC,506,113.41307830810547,46.45431900024414,84.48289489746094
2907,cut3,2907,POPC,507,174.88095092773438,29.459423065185547,96.85449981689453
2907,cut3,2907,POPC,508,123.40931701660156,130.6442108154297,71.66345977783203
2907,cut3,2907,POPC,509,6.13288688659668,154.65663146972656,84.75320434570311
2907,cut3,2907,POPC,510,60.03462219238281,60.61966323852539,88.2911148071289
2907,cut3,2907,POPC,511,170.0948944091797,74.11743164062501,89.52696228027344
2907,cut3,2907,POPC,512,91.19322967529297,194.2720489501953,88.13807678222656
2907,cut3,2907,POPC,513,86.65913391113281,3.4228885173797607,89.7249526977539
2907,cut3,2907,POPC,514,65.54749298095703,34.23290252685547,91.14639282226562
2907,cut3,2907,POPC,515,165.05514526367188,217.87510681152344,97.47090148925781
2907,cut3,2907,POPC,516,179.78419494628906,97.04525756835938,84.02873992919922
2907,cut3,2907,POPC,517,90.53387451171875,-1.5858224630355835,87.11137390136719
2907,cut3,2907,POPC,518,7.058067321777344,19.942550659179688,89.0342788696289
2907,cut3,2907,POPC,519,11.246734619140625,25.63810157775879,90.40235137939453
2907,cut3,2907,POPC,520,104.5696792602539,87.57083892822266,78.8553695678711
2907,cut3,2907,POPC,521,57.60700988769531,27.937278747558594,86.45567321777344
2907,cut3,2907,POPC,522,201.17686462402344,13.244543075561522,92.2702865600586
2907,cut3,2907,POPC,523,199.6495819091797,192.74232482910156,86.97734832763672
2907,cut3,2907,POPC,524,209.79954528808594,200.5137939453125,91.6951675415039
2907,cut3,2907,POPC,525,182.0423126220703,131.7957763671875,82.70626831054688
2907,cut3,2907,POPC,526,16.80130386352539,28.0642032623291,92.2818603515625
2907,cut3,2907,POPC,527,40.79409408569336,200.76622009277344,90.06538391113281
2907,cut3,2907,POPC,528,215.58563232421875,68.16989135742188,92.9019775390625
2907,cut3,2907,POPC,529,14.07977294921875,54.28015899658203,92.7806625366211
2907,cut3,2907,POPC,530,177.7711639404297,86.27346801757812,90.31831359863281
2907,cut3,2907,POPC,531,171.88510131835938,11.6362886428833,93.62972259521484
2907,cut3,2907,POPC,532,134.36746215820312,41.41458511352539,80.9628677368164
2907,cut3,2907,POPC,533,68.83247375488281,202.51353454589844,90.93648529052734
2907,cut3,2907,POPC,534,54.8863525390625,43.79766845703125,86.13446044921875
2907,cut3,2907,POPC,535,102.63712310791016,65.89661407470703,81.92498779296875
2907,cut3,2907,POPC,536,163.2328338623047,16.16075897216797,93.82675170898438
2907,cut3,2907,POPC,537,89.53373718261719,142.61619567871094,73.32540893554688
2907,cut3,2907,POPC,538,77.8421859741211,134.3477325439453,71.55907440185547
2907,cut3,2907,POPC,539,104.55964660644531,73.2685775756836,77.2244873046875
2907,cut3,2907,POPC,540,59.099700927734375,81.43390655517578,90.4654312133789
2907,cut3,2907,POPC,541,114.61422729492188,65.5753173828125,74.20565032958984
2907,cut3,2907,POPC,542,157.74085998535156,211.56065368652344,97.86969757080078
2907,cut3,2907,POPC,543,29.552677154541016,42.34828567504883,88.31936645507812
2907,cut3,2907,POPC,544,113.74833679199219,93.62342834472656,74.02204895019531
2907,cut3,2907,POPC,545,3.9733030796051025,177.34939575195312,88.11382293701172
2907,cut3,2907,POPC,546,5.1990814208984375,182.91700744628906,90.76277160644531
2907,cut3,2907,POPC,547,84.81317901611328,94.17993927001953,80.17566680908203
2907,cut3,2907,POPC,548,71.97530364990234,190.38427734375,91.56419372558594
2907,cut3,2907,POPC,549,193.98753356933594,189.78115844726562,87.43264770507812
2907,cut3,2907,POPC,550,97.9299087524414,152.5369873046875,75.90565490722656
2907,cut3,2907,POPC,551,83.84674835205078,125.39839172363281,71.02824401855469
2907,cut3,2907,POPC,552,51.50050354003906,121.30260467529297,77.99852752685547
2907,cut3,2907,POPC,553,46.354957580566406,65.99063873291016,88.5937728881836
2907,cut3,2907,POPC,554,196.8199462890625,23.009780883789062,92.19526672363281
2907,cut3,2907,POPC,555,6.859003067016602,149.8309326171875,79.6451187133789
2907,cut3,2907,POPC,556,54.63001251220703,95.35930633544922,52.44789123535156
2907,cut3,2907,POPC,557,129.366455078125,211.85906982421875,95.82308197021484
2907,cut3,2907,POPC,558,49.97174835205078,29.788911819458008,89.41242218017578
2907,cut3,2907,POPC,559,202.56187438964844,74.13628387451172,91.12767028808594
2907,cut3,2907,POPC,560,141.25836181640625,111.36431121826172,77.99776458740234
2907,cut3,2907,POPC,561,108.1087646484375,189.31922912597656,81.11658477783203
2907,cut3,2907,POPC,562,178.5492401123047,102.24869537353516,83.83877563476562
2907,cut3,2907,POPC,563,28.685745239257812,113.22888946533203,76.82825469970703
2907,cut3,2907,POPC,564,128.84361267089844,165.13389587402344,67.490234375
2907,cut3,2907,POPC,565,77.23773193359375,213.2747344970703,89.7726058959961
2907,cut3,2907,POPC,566,164.8845977783203,176.3017120361328,80.08187103271484
2907,cut3,2907,POPC,567,190.2511749267578,85.80406188964844,52.373783111572266
2907,cut3,2907,POPC,568,60.20103454589844,45.305076599121094,86.82835388183594
2907,cut3,2907,POPC,569,46.990631103515625,10.313849449157715,91.73157501220703
2907,cut3,2907,POPC,570,173.72378540039062,89.4056396484375,87.75285339355469
2907,cut3,2907,POPC,571,210.12539672851562,131.1427764892578,84.09076690673828
2907,cut3,2907,POPC,572,20.86365509033203,190.25022888183594,91.00399780273438
2907,cut3,2907,POPC,573,25.017288208007812,134.24000549316406,85.3669662475586
2907,cut3,2907,POPC,574,57.55419921875,122.60446166992188,75.24745178222656
2907,cut3,2907,POPC,575,96.21564483642578,37.118675231933594,48.06389617919922
2907,cut3,2907,POPC,576,81.12028503417969,73.86577606201172,83.98051452636719
2907,cut3,2907,POPC,577,9.707956314086914,194.0834197998047,94.60556030273438
2907,cut3,2907,POPC,578,46.333221435546875,198.1551971435547,94.08175659179688
2907,cut3,2907,POPC,579,142.75726318359375,192.181884765625,75.72317504882812
2907,cut3,2907,POPC,580,155.44284057617188,100.5927963256836,80.0121078491211
2907,cut3,2907,POPC,581,17.973350524902344,111.69538116455078,77.0403823852539
2907,cut3,2907,POPC,582,15.235809326171875,177.93704223632812,92.5009765625
2907,cut3,2907,POPC,583,165.4001007080078,111.57215881347656,78.0761489868164
2907,cut3,2907,POPC,584,99.4992904663086,1.863046407699585,90.0597915649414
2907,cut3,2907,POPC,585,132.72581481933594,16.439537048339844,93.83301544189453
2907,cut3,2907,POPC,586,202.5010528564453,2.818462371826172,91.40166473388672
2907,cut3,2907,POPC,587,206.01194763183594,221.9309539794922,90.29609680175781
2907,cut3,2907,POPC,588,33.4278450012207,171.7141571044922,91.74119567871094
2907,cut3,2907,POPC,589,72.72300720214844,176.06072998046875,86.17992401123047
2907,cut3,2907,POPC,590,36.92601013183594,198.57395935058594,88.02679443359375
2907,cut3,2907,POPC,591,77.00325775146484,141.47998046875,74.99858856201172
2907,cut3,2907,POPC,592,94.82950592041016,12.864416122436523,92.14501190185547
2907,cut3,2907,POPC,593,51.003196716308594,187.36607360839844,92.28450775146484
2907,cut3,2907,POPC,594,19.447147369384766,213.46397399902344,53.38226318359375
2907,cut3,2907,POPC,595,155.86959838867188,142.0760498046875,75.76742553710938
2907,cut3,2907,POPC,596,33.843658447265625,186.66664123535156,95.28817749023438
2907,cut3,2907,POPC,597,99.11767578125,17.618209838867188,92.85232543945312
2907,cut3,2907,POPC,598,38.934566497802734,214.22021484375,90.7515869140625
2907,cut3,2907,POPC,599,42.704429626464844,2.730452537536621,91.10001373291016
2907,cut3,2907,POPC,600,51.31024932861328,127.13379669189453,79.5855941772461
2907,cut3,2907,POPC,601,38.75057601928711,206.9250030517578,86.92927551269531
2907,cut3,2907,POPC,602,82.15081024169922,141.274658203125,72.55595397949219
2907,cut3,2907,POPC,603,26.258708953857422,80.68367767333983,89.13284301757812
2907,cut3,2907,POPC,604,17.00100326538086,204.2387237548828,93.06060791015625
2907,cut3,2907,POPC,605,98.3028564453125,90.40314483642578,78.96195220947266
2907,cut3,2907,POPC,606,163.92572021484375,168.64961242675784,77.84030151367188
2907,cut3,2907,POPC,607,120.10298156738281,171.97463989257812,68.91854858398438
2907,cut3,2907,POPC,608,129.54373168945312,94.21051025390625,34.69662094116211
2907,cut3,2907,POPC,609,206.661376953125,66.5720443725586,53.67002487182617
2907,cut3,2907,POPC,610,94.51878356933594,176.16539001464844,36.5699348449707
2907,cut3,2907,POPC,611,173.0507354736328,156.72909545898438,48.247745513916016
2907,cut3,2907,POPC,612,47.81431579589844,60.40316390991211,53.80898666381836
2907,cut3,2907,POPC,613,165.98289489746094,180.5021514892578,41.42739486694336
2907,cut3,2907,POPC,614,150.8687744140625,131.1514129638672,37.86518478393555
2907,cut3,2907,POPC,615,148.10194396972653,2.549058437347412,54.13285446166992
2907,cut3,2907,POPC,616,161.7342071533203,2.7623653411865234,54.9508171081543
2907,cut3,2907,POPC,617,101.96054077148438,193.4347686767578,51.51585388183594
2907,cut3,2907,POPC,618,74.29381561279297,160.58819580078125,35.837127685546875
2907,cut3,2907,POPC,619,23.346332550048828,43.08082580566406,48.08882141113281
2907,cut3,2907,POPC,620,209.56292724609375,184.2942352294922,46.19694519042969
2907,cut3,2907,POPC,621,177.20909118652344,203.90594482421875,49.162933349609375
2907,cut3,2907,POPC,622,70.81474304199219,27.63876724243164,50.31960678100587
2907,cut3,2907,POPC,623,34.48558807373047,12.179452896118164,51.83834457397461
2907,cut3,2907,POPC,624,20.169551849365234,85.6613998413086,46.42973709106445
2907,cut3,2907,POPC,625,200.47230529785156,166.94485473632812,47.2283706665039
2907,cut3,2907,POPC,626,27.045364379882812,33.30200958251953,51.22412872314453
2907,cut3,2907,POPC,627,187.3670196533203,118.33016967773436,43.0224723815918
2907,cut3,2907,POPC,628,121.97843170166016,210.46412658691406,47.96982955932617
2907,cut3,2907,POPC,629,177.9313201904297,188.52496337890625,52.698089599609375
2907,cut3,2907,POPC,630,175.70310974121094,111.322509765625,44.602203369140625
2907,cut3,2907,POPC,631,191.8986358642578,155.0450439453125,46.785255432128906
2907,cut3,2907,POPC,632,43.919532775878906,203.98800659179688,49.33550262451172
2907,cut3,2907,POPC,633,12.669570922851562,192.61325073242188,49.904258728027344
2907,cut3,2907,POPC,634,51.37007141113281,5.35683536529541,50.25238800048828
2907,cut3,2907,POPC,635,68.07117462158203,155.4034423828125,37.8434944152832
2907,cut3,2907,POPC,636,35.91731643676757,146.28733825683594,42.949066162109375
2907,cut3,2907,POPC,637,92.21407318115234,114.62136840820312,48.67670440673828
2907,cut3,2907,POPC,638,42.18010711669922,19.923593521118164,49.450199127197266
2907,cut3,2907,POPC,639,94.7579574584961,30.265457153320312,47.713294982910156
2907,cut3,2907,POPC,640,207.15721130371094,19.963912963867188,49.97727584838867
2907,cut3,2907,POPC,641,197.74176025390625,124.90646362304688,46.675960540771484
2907,cut3,2907,POPC,642,208.70391845703125,144.27978515625,52.22486877441406
2907,cut3,2907,POPC,643,35.559486389160156,43.23847198486328,50.47336196899414
2907,cut3,2907,POPC,644,174.97474670410156,13.335964202880858,50.241077423095696
2907,cut3,2907,POPC,645,127.73805236816406,147.12794494628906,27.541372299194336
2907,cut3,2907,POPC,646,191.74400329589844,65.53752899169922,55.08053207397461
2907,cut3,2907,POPC,647,189.89163208007812,101.9504623413086,52.51945877075195
2907,cut3,2907,POPC,648,33.46996307373047,35.02484893798828,49.72938919067383
2907,cut3,2907,POPC,649,200.7086639404297,135.99343872070312,42.59479522705078
2907,cut3,2907,POPC,650,173.8281707763672,24.803081512451172,56.340511322021484
2907,cut3,2907,POPC,651,192.71664428710938,184.4669952392578,45.52153778076172
2907,cut3,2907,POPC,652,83.68923950195312,182.03440856933594,38.09068298339844
2907,cut3,2907,POPC,653,46.23491668701172,71.30913543701172,52.29133224487305
2907,cut3,2907,POPC,654,192.56430053710938,121.38443756103516,45.065521240234375
2907,cut3,2907,POPC,655,54.79387664794922,214.70265197753906,53.201183319091804
2907,cut3,2907,POPC,656,60.12574005126953,213.986083984375,49.27676391601563
2907,cut3,2907,POPC,657,80.20162963867188,203.24375915527344,51.577491760253906
2907,cut3,2907,POPC,658,163.4285125732422,117.2651138305664,36.13568115234375
2907,cut3,2907,POPC,659,121.65397644042969,57.76396560668945,38.70624923706055
2907,cut3,2907,POPC,660,203.44456481933594,207.66390991210938,48.90542221069336
2907,cut3,2907,POPC,661,101.4837646484375,127.22132110595703,43.19843292236328
2907,cut3,2907,POPC,662,63.701576232910156,45.71757888793945,48.38554763793945
2907,cut3,2907,POPC,663,47.06782531738281,168.43106079101562,52.87275314331055
2907,cut3,2907,POPC,664,33.09220504760742,26.76195526123047,51.6849479675293
2907,cut3,2907,POPC,665,70.69946289062501,17.89141082763672,52.5117301940918
2907,cut3,2907,POPC,666,72.51666259765625,184.42970275878906,44.02876663208008
2907,cut3,2907,POPC,667,58.83185577392578,171.20623779296875,49.433536529541016
2907,cut3,2907,POPC,668,91.19459533691406,-1.3979252576828,51.621543884277344
2907,cut3,2907,POPC,669,122.89788055419922,135.81996154785156,32.44417953491211
2907,cut3,2907,POPC,670,12.94085693359375,198.4384765625,52.517448425292976
2907,cut3,2907,POPC,671,17.379207611083984,142.24749755859375,44.97217559814453
2907,cut3,2907,POPC,672,197.246337890625,157.83999633789062,51.16594314575195
2907,cut3,2907,POPC,673,45.663902282714844,209.62078857421875,51.904945373535156
2907,cut3,2907,POPC,674,188.95468139648438,20.923484802246094,52.839473724365234
2907,cut3,2907,POPC,675,13.090373992919922,37.326602935791016,51.58745574951172
2907,cut3,2907,POPC,676,148.93719482421875,169.56011962890625,37.1977424621582
2907,cut3,2907,POPC,677,0.5078832507133484,55.39733123779297,55.985389709472656
2907,cut3,2907,POPC,678,34.98698806762695,67.58903503417969,53.564533233642585
2907,cut3,2907,POPC,679,71.37565612792969,47.17011642456055,48.16485595703125
2907,cut3,2907,POPC,680,114.39920043945312,2.939893960952759,53.836387634277344
2907,cut3,2907,POPC,681,67.24488067626953,38.20122146606445,45.953365325927734
2907,cut3,2907,POPC,682,81.47956085205078,160.61050415039062,36.44074630737305
2907,cut3,2907,POPC,683,70.86790466308594,159.7030029296875,85.28482818603516
2907,cut3,2907,POPC,684,191.16217041015625,219.2921600341797,53.887447357177734
2907,cut3,2907,POPC,685,175.83148193359375,2.9523918628692627,51.929420471191406
2907,cut3,2907,POPC,686,49.437110900878906,85.01256561279297,53.89186477661133
2907,cut3,2907,POPC,687,124.07499694824219,12.593390464782715,55.31881332397461
2907,cut3,2907,POPC,688,66.1865234375,10.63126277923584,51.88631820678711
2907,cut3,2907,POPC,689,207.3256072998047,34.100494384765625,55.41532897949219
2907,cut3,2907,POPC,690,86.02941131591797,210.1193084716797,55.98405838012695
2907,cut3,2907,POPC,691,1.6325304508209229,23.698732376098633,51.165855407714844
2907,cut3,2907,POPC,692,23.99295425415039,197.18331909179688,50.382686614990234
2907,cut3,2907,POPC,693,6.959785461425781,196.9495849609375,51.73248291015625
2907,cut3,2907,POPC,694,107.16986083984375,201.0309600830078,45.521339416503906
2907,cut3,2907,POPC,695,114.26042175292969,85.15792846679688,34.416603088378906
2907,cut3,2907,POPC,696,117.06234741210938,156.65907287597656,31.19063377380371
2907,cut3,2907,POPC,697,96.42294311523438,15.85062026977539,53.09428405761719
2907,cut3,2907,POPC,698,183.2626953125,103.07363891601562,50.53727340698242
2907,cut3,2907,POPC,699,30.677295684814453,216.81463623046875,51.38165283203125
2907,cut3,2907,POPC,700,52.19636535644531,209.3134307861328,53.76473617553711
2907,cut3,2907,POPC,701,17.25647735595703,15.737486839294434,58.97988510131836
2907,cut3,2907,POPC,702,112.70479583740234,211.76416015625,49.281822204589844
2907,cut3,2907,POPC,703,55.55010986328125,3.235442876815796,53.56007385253906
2907,cut3,2907,POPC,704,63.23896789550781,198.875,49.796390533447266
2907,cut3,2907,POPC,705,152.10479736328125,8.416598320007324,54.15338897705078
2907,cut3,2907,POPC,706,202.6044158935547,116.86808013916016,51.678993225097656
2907,cut3,2907,POPC,707,91.49126434326172,190.0281982421875,46.268882751464844
2907,cut3,2907,POPC,708,19.952457427978516,221.6274871826172,51.26941680908203
2907,cut3,2907,POPC,709,140.10052490234375,152.90541076660156,28.192602157592773
2907,cut3,2907,POPC,710,194.8729705810547,179.05642700195312,43.021137237548835
2907,cut3,2907,POPC,711,116.77188873291016,205.48336791992188,45.3525390625
2907,cut3,2907,POPC,712,24.843799591064453,72.44384765625,51.89569091796875
2907,cut3,2907,POPC,713,100.91791534423828,7.637060165405273,51.31791305541992
2907,cut3,2907,POPC,714,74.87512969970703,219.83448791503906,52.64278030395508
2907,cut3,2907,POPC,715,77.66663360595703,175.3699951171875,37.724666595458984
2907,cut3,2907,POPC,716,81.9004898071289,151.97093200683594,38.66048049926758
2907,cut3,2907,POPC,717,182.1285400390625,197.6921844482422,46.63471221923828
2907,cut3,2907,POPC,718,130.2792205810547,41.477962493896484,44.015228271484375
2907,cut3,2907,POPC,719,74.36775970458984,1.8598361015319824,51.032047271728516
2907,cut3,2907,POPC,720,127.6573715209961,64.90174102783203,38.182762145996094
2907,cut3,2907,POPC,721,80.15026092529297,-0.3290480673313141,54.59823226928711
2907,cut3,2907,POPC,722,39.33940505981445,220.30149841308594,49.21324157714844
2907,cut3,2907,POPC,723,29.870296478271484,60.508399963378906,54.609375
2907,cut3,2907,POPC,724,193.30331420898438,161.63861083984375,47.90589904785156
2907,cut3,2907,POPC,725,186.18264770507812,188.6988525390625,46.032371520996094
2907,cut3,2907,POPC,726,73.2313461303711,61.84039306640625,46.863059997558594
2907,cut3,2907,POPC,727,175.46224975585938,197.1748046875,49.722679138183594
2907,cut3,2907,POPC,728,61.653175354003906,137.64791870117188,38.96426773071289
2907,cut3,2907,POPC,729,28.957565307617188,67.37199401855469,52.4988021850586
2907,cut3,2907,POPC,730,149.67233276367188,103.00520324707031,32.6629638671875
2907,cut3,2907,POPC,731,7.08404541015625,200.80001831054688,55.16141128540039
2907,cut3,2907,POPC,732,206.18687438964844,52.85892868041992,56.43339920043945
2907,cut3,2907,POPC,733,169.5551300048828,155.1759796142578,43.36529541015625
2907,cut3,2907,POPC,734,197.16871643066406,53.552467346191406,54.88409042358398
2907,cut3,2907,POPC,735,38.98143768310547,56.58155822753906,50.59751510620117
2907,cut3,2907,POPC,736,72.39654541015625,145.46434020996094,35.835792541503906
2907,cut3,2907,POPC,737,64.3975830078125,182.5724639892578,46.896148681640625
2907,cut3,2907,POPC,738,79.20774841308594,71.68531036376953,46.81602478027344
2907,cut3,2907,POPC,739,24.97220230102539,191.13124084472656,51.12263107299805
2907,cut3,2907,POPC,740,168.52536010742188,127.51805877685547,41.43117904663086
2907,cut3,2907,POPC,741,157.79031372070312,138.284912109375,37.41634368896485
2907,cut3,2907,POPC,742,86.70250701904297,34.395320892333984,47.433509826660156
2907,cut3,2907,POPC,743,209.0039520263672,84.44127655029297,52.510440826416016
2907,cut3,2907,POPC,744,4.397716522216797,38.163909912109375,52.701995849609375
2907,cut3,2907,POPC,745,54.274322509765625,37.8033332824707,47.12511444091797
2907,cut3,2907,POPC,746,74.97825622558594,56.18682098388672,46.95875549316406
2907,cut3,2907,POPC,747,190.05355834960938,138.3569030761719,42.71160125732422
2907,cut3,2907,POPC,748,74.20125579833984,12.876362800598145,54.90894317626953
2907,cut3,2907,POPC,749,175.4515380859375,119.46330261230469,39.744895935058594
2907,cut3,2907,POPC,750,59.918556213378906,149.43991088867188,42.981197357177734
2907,cut3,2907,POPC,751,133.7106170654297,218.7147979736328,59.34708023071289
2907,cut3,2907,POPC,752,135.83145141601562,141.73849487304688,26.77983283996582
2907,cut3,2907,POPC,753,61.189002990722656,157.13937377929688,45.006805419921875
2907,cut3,2907,POPC,754,83.81049346923828,17.51787567138672,48.0834846496582
2907,cut3,2907,POPC,755,180.42971801757812,57.26191329956055,54.86995315551758
2907,cut3,2907,POPC,756,48.09680938720703,43.049713134765625,45.136253356933594
2907,cut3,2907,POPC,757,86.2214126586914,22.531448364257812,50.056846618652344
2907,cut3,2907,POPC,758,179.8494110107422,76.97445678710938,51.15495681762695
2907,cut3,2907,POPC,759,64.2118911743164,226.65541076660156,50.89121627807617
2907,cut3,2907,POPC,760,57.76348876953125,186.96897888183594,49.068695068359375
2907,cut3,2907,POPC,761,126.44902038574219,20.45838165283203,50.82632827758789
2907,cut3,2907,POPC,762,103.6220474243164,52.3758430480957,43.523193359375
2907,cut3,2907,POPC,763,74.8572006225586,81.80392456054688,49.729454040527344
2907,cut3,2907,POPC,764,85.90201568603516,61.52330780029297,45.16724395751953
2907,cut3,2907,POPC,765,125.9232406616211,49.61088562011719,38.946537017822266
2907,cut3,2907,POPC,766,59.904701232910156,23.423391342163086,50.8366584777832
2907,cut3,2907,POPC,767,178.24688720703125,56.471168518066406,47.07810592651367
2907,cut3,2907,POPC,768,58.060096740722656,206.20098876953125,51.2928466796875
2907,cut3,2907,POPC,769,10.098917007446289,184.16864013671875,46.48642349243164
2907,cut3,2907,POPC,770,106.83785247802734,73.459228515625,41.522029876708984
2907,cut3,2907,POPC,771,100.5003662109375,201.99766540527344,54.50428771972656
2907,cut3,2907,POPC,772,19.57019805908203,23.439546585083008,50.87610626220703
2907,cut3,2907,POPC,773,144.7203369140625,156.31149291992188,29.7061710357666
2907,cut3,2907,POPC,774,199.3865509033203,31.618303298950195,54.59357833862305
2907,cut3,2907,POPC,775,1.2529890537261963,6.863277435302734,56.58441162109375
2907,cut3,2907,POPC,776,164.6251983642578,218.29171752929688,52.692752838134766
2907,cut3,2907,POPC,777,200.79815673828125,190.38436889648438,49.66954803466797
2907,cut3,2907,POPC,778,46.86054992675781,185.32997131347656,49.67288589477539
2907,cut3,2907,POPC,779,182.99807739257812,66.72587585449219,53.90443801879883
2907,cut3,2907,POPC,780,85.40946960449219,-0.8579128980636597,52.5818214416504
2907,cut3,2907,POPC,781,184.88154602050778,31.334545135498047,55.34830856323242
2907,cut3,2907,POPC,782,34.303733825683594,130.4687042236328,39.06407928466797
2907,cut3,2907,POPC,783,208.7422332763672,221.6343536376953,53.967716217041016
2907,cut3,2907,POPC,784,51.98686218261719,219.65103149414062,51.8230094909668
2907,cut3,2907,POPC,785,73.5882339477539,167.438232421875,39.4649658203125
2907,cut3,2907,POPC,786,12.416622161865233,167.94741821289062,49.18318176269531
2907,cut3,2907,POPC,787,110.96566772460938,104.4016342163086,40.70103454589844
2907,cut3,2907,POPC,788,36.01786422729492,110.25572204589844,47.27919387817383
2907,cut3,2907,POPC,789,172.5902557373047,178.51315307617188,43.01384353637695
2907,cut3,2907,POPC,790,10.467466354370117,132.83360290527344,53.9111442565918
2907,cut3,2907,POPC,791,45.29663848876953,8.13329029083252,50.45790481567383
2907,cut3,2907,POPC,792,47.80980682373047,139.33132934570312,84.29208374023438
2907,cut3,2907,POPC,793,19.230026245117188,200.57496643066406,51.014102935791016
2907,cut3,2907,POPC,794,46.67167663574219,28.063892364501953,53.05458450317383
2907,cut3,2907,POPC,795,180.165283203125,128.7333984375,41.387176513671875
2907,cut3,2907,POPC,796,177.31605529785156,96.0438461303711,50.77467727661133
2907,cut3,2907,POPC,797,54.74187469482422,156.95445251464844,50.51095199584961
2907,cut3,2907,POPC,798,208.95567321777344,15.422064781188965,52.993553161621094
2907,cut3,2907,POPC,799,204.1359100341797,71.10662841796875,52.1263313293457
2907,cut3,2907,POPC,800,140.87557983398438,135.6944122314453,29.775712966918945
2907,cut3,2907,POPC,801,20.35625457763672,179.90408325195312,47.17968368530274
2907,cut3,2907,POPC,802,58.69672393798828,30.823318481445312,48.532203674316406
2907,cut3,2907,POPC,803,11.408004760742188,91.90165710449219,49.478248596191406
2907,cut3,2907,POPC,804,72.93888854980467,191.0651702880859,46.44723892211914
2907,cut3,2907,POPC,805,193.97476196289062,27.245391845703125,53.32118225097656
2907,cut3,2907,POPC,806,207.94564819335938,201.92282104492188,53.00851058959961
2907,cut3,2907,POPC,807,97.2796630859375,45.30905532836914,45.73945999145508
2907,cut3,2907,POPC,808,133.01780700683594,9.627076148986816,54.2928123474121
2907,cut3,2907,POPC,809,72.52967071533203,198.43740844726562,48.99821090698242
2907,cut3,2907,POPC,810,86.61357116699219,200.7466583251953,48.08586120605469
2907,cut3,2907,POPC,811,44.458221435546875,196.78909301757812,47.48691940307617
2907,cut3,2907,POPC,812,80.58750915527344,55.39921569824219,47.34001922607422
2907,cut3,2907,POPC,813,198.38438415527344,221.73809814453125,53.97244644165039
2907,cut3,2907,POPC,814,80.89697265625,187.49839782714844,40.75778579711914
2907,cut3,2907,POPC,815,178.70326232910156,21.36211395263672,53.6410026550293
2907,cut3,2907,POPC,816,207.80413818359375,93.67913818359375,57.69499206542969
2907,cut3,2907,POPC,817,4.136594772338867,59.858943939208984,58.4356575012207
2907,cut3,2907,POPC,818,17.891250610351562,41.029624938964844,53.45127487182617
2907,cut3,2907,POPC,819,199.1197967529297,3.9439735412597656,56.33987426757812
2907,cut3,2907,POPC,820,78.629150390625,48.38053512573242,47.204715728759766
2907,cut3,2907,POPC,821,7.151803970336914,51.92668151855469,54.38880920410156
2907,cut3,2907,POPC,822,109.17707824707031,9.411919593811035,51.68780136108398
2907,cut3,2907,POPC,823,157.94960021972656,170.51988220214844,38.49294662475586
2907,cut3,2907,POPC,824,5.014362335205078,73.87643432617188,50.628543853759766
2907,cut3,2907,POPC,825,119.7771987915039,83.99881744384766,32.394874572753906
2907,cut3,2907,POPC,826,32.46120834350586,185.92352294921875,52.35612869262695
2907,cut3,2907,POPC,827,65.73551177978516,209.6956024169922,51.979705810546875
2907,cut3,2907,POPC,828,56.73994445800781,199.63282775878906,50.3060417175293
2907,cut3,2907,POPC,829,57.294639587402344,134.400634765625,41.86336898803711
2907,cut3,2907,POPC,830,204.77519226074216,141.98561096191406,47.106117248535156
2907,cut3,2907,POPC,831,44.652198791503906,80.35596466064453,49.38193893432617
2907,cut3,2907,POPC,832,42.60147476196289,63.814876556396484,52.4315299987793
2907,cut3,2907,POPC,833,18.74658966064453,74.93299102783203,49.51387405395508
2907,cut3,2907,POPC,834,19.434555053710938,152.20513916015625,49.438838958740234
2907,cut3,2907,POPC,835,21.778026580810547,159.03555297851562,48.3141975402832
2907,cut3,2907,POPC,836,60.30659484863281,162.5765380859375,48.201690673828125
2907,cut3,2907,POPC,837,190.64036560058594,174.47994995117188,43.807640075683594
2907,cut3,2907,POPC,838,192.2432098388672,145.56553649902344,43.8441047668457
2907,cut3,2907,POPC,839,74.99388885498047,135.19052124023438,36.37358474731445
2907,cut3,2907,POPC,840,61.30885314941406,145.41448974609372,37.13186264038086
2907,cut3,2907,POPC,841,92.3326187133789,204.17640686035156,56.11667251586914
2907,cut3,2907,POPC,842,117.74848175048828,28.74038314819336,46.14925003051758
2907,cut3,2907,POPC,843,103.09207916259766,31.83559226989746,46.886165618896484
2907,cut3,2907,POPC,844,150.02537536621094,119.73125457763672,34.42487716674805
2907,cut3,2907,POPC,845,55.39305877685547,144.48056030273438,46.889434814453125
2907,cut3,2907,POPC,846,21.54560089111328,18.010313034057617,55.7089958190918
2907,cut3,2907,POPC,847,99.88777923583984,95.79048156738281,39.58943939208984
2907,cut3,2907,POPC,848,51.94080352783203,203.23069763183594,49.0401496887207
2907,cut3,2907,POPC,849,176.91941833496094,35.11770248413086,56.79069900512695
2907,cut3,2907,POPC,850,75.64667510986328,41.758872985839844,46.98845291137695
2907,cut3,2907,POPC,851,101.2798843383789,13.580509185791016,50.05440139770508
2907,cut3,2907,POPC,852,196.28498840332034,92.65768432617188,53.35255432128906
2907,cut3,2907,POPC,853,11.574865341186523,78.13528442382812,47.16261291503906
2907,cut3,2907,POPC,854,2.659393548965454,207.6233673095703,56.27683258056641
2907,cut3,2907,POPC,855,121.06858825683594,24.330259323120117,49.50125503540039
2907,cut3,2907,POPC,856,176.3157196044922,102.33440399169922,49.00041580200195
2907,cut3,2907,POPC,857,170.82260131835938,149.2270812988281,42.85799789428711
2907,cut3,2907,POPC,858,121.00057220458984,4.8200345039367685,52.67212677001953
2907,cut3,2907,POPC,859,38.54420852661133,32.699588775634766,49.034095764160156
2907,cut3,2907,POPC,860,23.477874755859375,207.94223022460938,50.169452667236335
2907,cut3,2907,POPC,861,202.0359344482422,124.07889556884766,51.79081344604492
2907,cut3,2907,POPC,862,186.61953735351562,53.102333068847656,56.62715530395508
2907,cut3,2907,POPC,863,99.12867736816406,187.46066284179688,45.60184097290039
2907,cut3,2907,POPC,864,104.75211334228516,86.3875732421875,40.13945007324219
2907,cut3,2907,POPC,865,113.53679656982422,35.25803756713867,44.087066650390625
2907,cut3,2907,POPC,866,203.56256103515625,155.2351531982422,49.590736389160156
2907,cut3,2907,POPC,867,-0.6284673810005188,176.96751403808594,46.801517486572266
2907,cut3,2907,POPC,868,34.624698638916016,204.1474609375,51.13577651977539
2907,cut3,2907,POPC,869,151.0711212158203,153.19390869140625,30.492414474487305
2907,cut3,2907,POPC,870,15.418087005615234,175.5107879638672,44.19550323486328
2907,cut3,2907,POPC,871,42.02470397949219,25.106351852416992,49.25651931762695
2907,cut3,2907,POPC,872,67.51138305664062,221.59194946289062,50.19434356689453
2907,cut3,2907,POPC,873,46.90399932861328,33.167205810546875,47.788360595703125
2907,cut3,2907,POPC,874,49.24581909179688,17.916629791259766,52.37348175048828
2907,cut3,2907,POPC,875,119.83824157714844,18.552627563476562,54.98533630371094
2907,cut3,2907,POPC,876,62.68512725830078,190.68624877929688,46.75316619873047
2907,cut3,2907,POPC,877,184.55636596679688,13.117725372314453,51.89324951171875
2907,cut3,2907,POPC,878,180.16102600097656,107.73291015625,48.70864486694336
2907,cut3,2907,POPC,879,74.28599548339844,29.953973770141605,45.20990753173828
2907,cut3,2907,POPC,880,133.98777770996094,90.03340911865234,33.91651153564453
2907,cut3,2907,POPC,881,56.81097412109375,49.010833740234375,46.3743896484375
2907,cut3,2907,POPC,882,195.4600372314453,82.8325424194336,52.956573486328125
2907,cut3,2907,POPC,883,175.32069396972656,212.35011291503906,49.41352844238281
2907,cut3,2907,POPC,884,183.73585510253906,72.32096099853516,55.5367431640625
2907,cut3,2907,POPC,885,47.60511016845703,-0.9761275053024292,52.11007308959961
2907,cut3,2907,POPC,886,37.617218017578125,159.32760620117188,48.54636001586914
2907,cut3,2907,POPC,887,71.39948272705078,216.6076202392578,55.84053039550781
2907,cut3,2907,POPC,888,-1.8335416316986084,61.81254196166992,55.94007873535156
2907,cut3,2907,POPC,889,116.40780639648438,124.56304931640625,36.00733184814453
2907,cut3,2907,POPC,890,24.706798553466797,138.7648162841797,38.415042877197266
2907,cut3,2907,POPC,891,8.826459884643555,42.87043762207031,52.28352355957031
2907,cut3,2907,POPC,892,194.49629211425778,97.8778076171875,53.698368072509766
2907,cut3,2907,POPC,893,167.7975616455078,172.05221557617188,38.74320602416992
2907,cut3,2907,POPC,894,44.95979309082031,177.40895080566406,48.95701599121094
2907,cut3,2907,POPC,895,62.838462829589844,173.73675537109375,45.780174255371094
2907,cut3,2907,POPC,896,203.318603515625,218.9642333984375,51.39889144897461
2907,cut3,2907,POPC,897,70.26025390625,52.41719436645508,46.28289794921875
2907,cut3,2907,POPC,898,54.00054168701172,128.38836669921875,40.48727798461914
2907,cut3,2907,POPC,899,177.57650756835938,71.48621368408203,53.15288543701172
2907,cut3,2907,POPC,900,13.812328338623047,211.5874481201172,52.468597412109375
2907,cut3,2907,POPC,901,5.836008071899415,224.17294311523438,55.49488830566406
2907,cut3,2907,POPC,902,69.40739440917969,70.98186492919922,47.498199462890625
2907,cut3,2907,POPC,903,105.57173919677734,209.85943603515625,54.86905288696289
2907,cut3,2907,POPC,904,58.33546447753906,151.66476440429688,48.62777328491211
2907,cut3,2907,POPC,905,42.45576858520508,189.6514434814453,51.03312301635742
2907,cut3,2907,POPC,906,201.35862731933594,79.5876693725586,53.16717529296875
2907,cut3,2907,POPC,907,27.23166275024414,20.400693893432617,53.327186584472656
2907,cut3,2907,POPC,908,198.8258514404297,64.45145416259766,52.70410919189453
2907,cut3,2907,POPC,909,59.785911560058594,121.1716537475586,37.60176086425781
2907,cut3,2907,POPC,910,115.30961608886719,54.64859390258789,39.12714385986328
2907,cut3,2907,POPC,911,95.40327453613281,215.7661590576172,50.01557540893555
2907,cut3,2907,POPC,912,190.12916564941406,107.91614532470702,51.50277328491211
2907,cut3,2907,POPC,913,43.94537353515625,52.83392333984375,50.77361297607422
2907,cut3,2907,POPC,914,135.2599639892578,34.51616668701172,49.94158935546875
2907,cut3,2907,POPC,915,42.461090087890625,140.65203857421875,42.04728317260742
2907,cut3,2907,POPC,916,84.2825698852539,7.185020923614502,51.886260986328125
2907,cut3,2907,POPC,917,164.7349395751953,111.45672607421875,36.303428649902344
2907,cut3,2907,POPC,918,2.5730783939361572,187.2683868408203,49.92890167236328
2907,cut3,2907,POPC,919,36.86225509643555,164.87687683105472,48.58967590332031
2907,cut3,2907,POPC,920,49.67321014404297,161.1588134765625,55.096649169921875
2907,cut3,2907,POPC,921,60.725669860839844,62.29111862182617,45.93902587890625
2907,cut3,2907,POPC,922,175.68301391601562,42.10660934448242,56.033714294433594
2907,cut3,2907,POPC,923,171.92758178710938,105.44739532470703,44.297122955322266
2907,cut3,2907,POPC,924,169.71295166015625,100.19200897216797,44.66767501831055
2907,cut3,2907,POPC,925,56.43293762207031,11.583075523376465,50.83267593383789
2907,cut3,2907,POPC,926,7.83854866027832,6.42840051651001,56.28340148925781
2907,cut3,2907,POPC,927,109.58097839355469,23.552244186401367,48.38020324707031
2907,cut3,2907,POPC,928,26.697723388671875,132.89324951171875,40.59294509887695
2907,cut3,2907,POPC,929,76.10132598876953,66.16519927978516,47.848060607910156
2907,cut3,2907,POPC,930,92.58849334716795,21.664989471435547,51.975830078125
2907,cut3,2907,POPC,931,188.7639923095703,61.34158706665039,55.344966888427734
2907,cut3,2907,POPC,932,201.0889892578125,90.4380111694336,57.01366424560547
2907,cut3,2907,POPC,933,203.09481811523435,40.935020446777344,56.81425094604492
2907,cut3,2907,POPC,934,65.64826965332031,25.809585571289062,50.427574157714844
2907,cut3,2907,POPC,935,206.57054138183594,44.97309875488281,53.95128631591797
2907,cut3,2907,POPC,936,112.83901214599608,51.572940826416016,44.80677032470703
2907,cut3,2907,POPC,937,180.63169860839844,221.94180297851562,54.46578598022461
2907,cut3,2907,POPC,938,88.31816864013672,117.14094543457031,42.35033416748047
2907,cut3,2907,POPC,939,93.30696868896484,4.651948928833008,50.9804801940918
2907,cut3,2907,POPC,940,204.15858459472656,10.236832618713379,55.99745559692382
2907,cut3,2907,POPC,941,190.63717651367188,47.01263427734375,58.007991790771484
2907,cut3,2907,POPC,942,109.12852478027344,206.25782775878906,48.117347717285156
2907,cut3,2907,POPC,943,169.79931640625,92.23180389404297,48.150917053222656
2907,cut3,2907,POPC,944,174.33595275878906,133.94290161132812,40.7591438293457
2907,cut3,2907,POPC,945,24.582054138183594,0.7255499958992004,51.56236267089844
2907,cut3,2907,POPC,946,204.54714965820312,200.3182830810547,48.288368225097656
2907,cut3,2907,POPC,947,4.512092590332031,175.31217956542966,47.627323150634766
2907,cut3,2907,POPC,948,126.20394897460938,82.78815460205078,32.67903137207031
2907,cut3,2907,POPC,949,62.73155212402344,106.67862701416016,40.083580017089844
2907,cut3,2907,POPC,950,87.00502014160156,41.68090057373047,45.30824279785156
2907,cut3,2907,POPC,951,18.676956176757812,192.46380615234375,49.84599304199219
2907,cut3,2907,POPC,952,178.19384765625,9.60247802734375,52.43947219848633
2907,cut3,2907,POPC,953,14.105972290039062,4.216020584106445,53.087669372558594
2907,cut3,2907,POPC,954,39.132755279541016,172.79579162597656,52.580970764160156
2907,cut3,2907,POPC,955,82.51600646972656,124.16998291015625,35.55747985839844
2907,cut3,2907,POPC,956,183.82754516601562,45.607154846191406,59.234371185302734
2907,cut3,2907,POPC,957,186.0476837158203,127.58297729492188,41.07119369506836
2907,cut3,2907,POPC,958,178.63601684570312,86.14952850341797,50.80791473388672
2907,cut3,2907,POPC,959,67.25048065185547,79.2029037475586,45.86831283569336
2907,cut3,2907,POPC,960,38.735355377197266,196.1748046875,50.04356384277344
2907,cut3,2907,POPC,961,96.01844787597656,192.19004821777344,49.866886138916016
2907,cut3,2907,POPC,962,145.99801635742188,11.334830284118652,58.390689849853516
2907,cut3,2907,POPC,963,31.766395568847656,82.43284606933594,52.47219467163086
2907,cut3,2907,POPC,964,43.63124465942383,160.10308837890625,53.2497673034668
2907,cut3,2907,POPC,965,159.72816467285156,127.93516540527344,35.11538314819336
2907,cut3,2907,POPC,966,207.83901977539062,133.1748352050781,47.9819450378418
2907,cut3,2907,POPC,967,132.97784423828125,44.00996017456055,39.11473083496094
2907,cut3,2907,POPC,968,24.544715881347656,145.49227905273438,43.77967834472656
2907,cut3,2907,POPC,969,106.85668182373047,95.88317108154297,40.53884506225586
2907,cut3,2907,POPC,970,62.045562744140625,57.772315979003906,50.303855895996094
2907,cut3,2907,POPC,971,143.24913024902344,147.45066833496094,28.201284408569336
2907,cut3,2907,POPC,972,12.510364532470703,27.22263526916504,51.551273345947266
2907,cut3,2907,POPC,973,102.11499786376953,112.9686508178711,45.422882080078125
2907,cut3,2907,POPC,974,169.80194091796875,137.8881072998047,43.26992416381836
2907,cut3,2907,POPC,975,39.725685119628906,214.92385864257812,51.2115592956543
2907,cut3,2907,POPC,976,185.61965942382812,154.0415496826172,44.69619369506836
2907,cut3,2907,POPC,977,128.1501922607422,5.800622463226318,55.172725677490234
2907,cut3,2907,POPC,978,196.7664031982422,199.55511474609375,48.01959991455078
2907,cut3,2907,POPC,979,106.03187561035156,16.573503494262695,50.787445068359375
2907,cut3,2907,POPC,980,202.37896728515625,57.1110954284668,52.86029434204102
2907,cut3,2907,POPC,981,1.9939520359039307,169.21981811523438,47.104618072509766
2907,cut3,2907,POPC,982,61.66270446777344,16.990766525268555,50.51223373413086
2907,cut3,2907,POPC,983,36.02857208251953,138.30247497558594,39.50406265258789
2907,cut3,2907,POPC,984,53.314979553222656,105.42394256591797,45.95955276489258
2907,cut3,2907,POPC,985,159.8698272705078,132.25588989257812,39.551876068115234
2907,cut3,2907,POPC,986,33.506309509277344,171.4332733154297,48.434696197509766
2907,cut3,2907,POPC,987,148.62466430664062,91.52630615234375,41.095149993896484
2907,cut3,2907,POPC,988,196.72317504882812,129.39378356933594,42.78413009643555
2907,cut3,2907,POPC,989,172.48846435546875,80.79367065429688,48.74700164794922
2907,cut3,2907,POPC,990,171.07652282714844,72.59525299072266,48.96792221069335
2907,cut3,2907,POPC,991,192.1798553466797,36.866119384765625,57.51254653930664
2907,cut3,2907,POPC,992,32.01911926269531,2.690945863723755,49.4825325012207
2907,cut3,2907,POPC,993,114.25860595703125,221.04342651367188,49.947998046875
2907,cut3,2907,POPC,994,182.95272827148438,146.56549072265625,44.864627838134766
2907,cut3,2907,POPC,995,150.62686157226562,16.468799591064453,61.73896408081055
2907,cut3,2907,POPC,996,109.35835266113281,-0.3818754255771637,50.22338104248047
2907,cut3,2907,POPC,997,178.7152557373047,50.089012145996094,57.16599655151367
2907,cut3,2907,POPC,998,7.8161468505859375,30.306413650512695,52.006961822509766
2907,cut3,2907,POPC,999,113.19795227050781,77.04039001464844,34.97013473510742
2907,cut3,2907,POPC,1000,78.58358001708984,213.1355743408203,54.255393981933594
2907,cut3,2907,POPC,1001,206.66856384277344,161.2174072265625,49.5035400390625
2907,cut3,2907,POPC,1002,142.13043212890625,224.60472106933594,56.66691207885742
2907,cut3,2907,POPC,1003,193.33644104003906,14.406097412109375,52.338783264160156
2907,cut3,2907,POPC,1004,182.8979949951172,38.37516784667969,55.36124038696289
2907,cut3,2907,POPC,1005,202.8592987060547,174.4491729736328,44.57517623901367
2907,cut3,2907,POPC,1006,190.51332092285156,2.5110011100769043,53.85746383666992
2907,cut3,2907,POPC,1007,9.896097183227539,160.60891723632812,51.0717887878418
2907,cut3,2907,POPC,1008,82.53690338134766,38.28969955444336,44.542327880859375
2907,cut3,2907,POPC,1009,23.325244903564453,153.60377502441406,44.431636810302734
2907,cut3,2907,POPC,1010,79.8056640625,81.72505950927734,46.58345031738281
2907,cut3,2907,POPC,1011,93.36103820800781,211.14578247070312,52.72003936767578
2907,cut3,2907,POPC,1012,38.60709762573242,82.24267578125,52.57286071777343
2907,cut3,2907,POPC,1013,77.81006622314453,152.48155212402344,34.15513610839844
2907,cut3,2907,POPC,1014,158.55625915527344,218.9966583251953,57.5030517578125
2907,cut3,2907,POPC,1015,129.0637664794922,132.69351196289062,34.498504638671875
2907,cut3,2907,POPC,1016,179.03297424316406,157.32423400878906,46.20718002319336
2907,cut3,2907,POPC,1017,200.07322692871094,105.28824615478516,52.929073333740234
2907,cut3,2907,POPC,1018,203.24520874023438,97.99918365478516,54.059181213378906
2907,cut3,2907,POPC,1019,41.060630798339844,182.93124389648438,50.38259887695313
2907,cut3,2907,POPC,1020,179.6913604736328,115.6036605834961,44.30949020385742
2907,cut3,2907,POPC,1021,15.033161163330078,135.53990173339844,48.380470275878906
2907,cut3,2907,POPC,1022,29.148223876953125,77.24564361572266,49.3005256652832
2907,cut3,2907,POPC,1023,169.75648498535156,222.53456115722656,52.558170318603516
2907,cut3,2907,POPC,1024,23.113574981689453,57.632442474365234,55.0012321472168
2907,cut3,2907,POPC,1025,195.73463439941406,111.2357406616211,50.446311950683594
2907,cut3,2907,POPC,1026,53.038230895996094,166.4242401123047,53.929874420166016
2907,cut3,2907,POPC,1027,123.73239135742188,221.27587890625,53.1203498840332
2907,cut3,2907,POPC,1028,99.33129119873047,57.6252326965332,42.936370849609375
2907,cut3,2907,POPC,1029,85.34386444091797,191.5229339599609,44.93960952758789
2907,cut3,2907,POPC,1030,193.51675415039062,76.33424377441406,53.64858627319336
2907,cut3,2907,POPC,1031,65.83320617675781,163.367431640625,45.29347229003906
2907,cut3,2907,POPC,1032,142.14964294433594,34.20726776123047,46.3438835144043
2907,cut3,2907,POPC,1033,100.24535369873047,90.11782836914062,40.49073028564453
2907,cut3,2907,POPC,1034,50.83594512939453,66.29303741455078,53.41141128540039
2907,cut3,2907,POPC,1035,154.1641387939453,114.79106140136719,32.807559967041016
2907,cut3,2907,POPC,1036,130.2783966064453,52.71190643310547,33.96226501464844
2907,cut3,2907,POPC,1037,90.1769027709961,179.6673583984375,35.324100494384766
2907,cut3,2907,POPC,1038,98.10786437988281,206.7760467529297,55.62077331542969
2907,cut3,2907,POPC,1039,187.79904174804688,203.63333129882812,46.03348922729492
2907,cut3,2907,POPC,1040,174.32090759277344,164.11663818359375,44.16293716430664
2907,cut3,2907,POPC,1041,85.77120208740234,51.25123596191406,47.04779052734375
2907,cut3,2907,POPC,1042,206.3050537109375,169.00460815429688,47.924766540527344
2907,cut3,2907,POPC,1043,6.211406707763672,67.68622589111328,54.10686111450195
2907,cut3,2907,POPC,1044,98.70330810546875,22.778005599975586,48.735107421875
2907,cut3,2907,POPC,1045,70.44256591796875,125.60684204101562,36.646541595458984
2907,cut3,2907,POPC,1046,192.77410888671875,209.01129150390625,47.3537483215332
2907,cut3,2907,POPC,1047,50.18755340576172,56.08450698852539,50.50619125366211
2907,cut3,2907,POPC,1048,163.58956909179688,144.6115264892578,41.22393798828126
2907,cut3,2907,POPC,1049,156.66250610351562,146.8740997314453,33.76335144042969
2907,cut3,2907,POPC,1050,26.338211059570312,12.354558944702148,55.72227096557618
2907,cut3,2907,POPC,1051,78.04261779785156,198.35096740722656,45.92082595825195
2907,cut3,2907,POPC,1052,12.332847595214844,18.32296371459961,53.63515090942383
2907,cut3,2907,POPC,1053,109.39466857910156,161.8757781982422,33.350093841552734
2907,cut3,2907,POPC,1054,-1.234252691268921,73.25017547607422,52.11096954345703
2907,cut3,2907,POPC,1055,57.61046600341797,66.88053894042969,50.48542785644531
2907,cut3,2907,POPC,1056,128.92279052734375,220.2902374267578,54.68865966796875
2907,cut3,2907,POPC,1057,146.54466247558594,107.09344482421875,37.89466857910156
2907,cut3,2907,POPC,1058,181.2142333984375,137.5358428955078,42.6019287109375
2907,cut3,2907,POPC,1059,78.8091812133789,16.24474334716797,51.898094177246094
2907,cut3,2907,POPC,1060,122.39369201660156,34.06237030029296,49.17716979980469
2907,cut3,2907,POPC,1061,27.920578002929688,203.83572387695312,51.95490264892578
2907,cut3,2907,POPC,1062,196.90289306640625,212.96702575683594,51.983375549316406
2907,cut3,2907,POPC,1063,4.690729141235352,12.390522956848145,54.15214920043945
2907,cut3,2907,POPC,1064,96.39636993408203,77.86735534667969,44.87367248535156
2907,cut3,2907,POPC,1065,18.352745056152344,31.013545989990234,52.923831939697266
2907,cut3,2907,POPC,1066,66.19412231445312,178.2391357421875,42.90111541748047
2907,cut3,2907,POPC,1067,209.26004028320312,195.23419189453125,49.604034423828125
2907,cut3,2907,POPC,1068,123.13223266601562,160.64837646484375,37.3426513671875
2907,cut3,2907,POPC,1069,184.42156982421875,82.02459716796875,54.33384704589844
2907,cut3,2907,POPC,1070,39.875694274902344,5.897612571716309,48.31131362915039
2907,cut3,2907,POPC,1071,207.3797607421875,214.1371307373047,50.59058380126953
2907,cut3,2907,POPC,1072,69.64324951171875,161.9248046875,40.54076385498047
2907,cut3,2907,POPC,1073,37.69845199584961,88.66856384277344,51.76272201538086
2907,cut3,2907,POPC,1074,42.16147232055664,167.11923217773438,53.03787612915039
2907,cut3,2907,POPC,1075,165.9840087890625,8.104954719543457,55.45984649658203
2907,cut3,2907,POPC,1076,28.036468505859375,165.049560546875,46.97648239135742
2907,cut3,2907,POPC,1077,197.61077880859375,10.286524772644043,55.11688232421875
2907,cut3,2907,POPC,1078,58.15900421142578,194.58615112304688,53.46670913696289
2907,cut3,2907,POPC,1079,182.4054107666016,215.71426391601562,48.78163146972656
2907,cut3,2907,POPC,1080,31.807933807373047,196.14572143554688,51.78784942626953
2907,cut3,2907,POPC,1081,4.649991989135742,217.48057556152344,53.023773193359375
2907,cut3,2907,POPC,1082,178.0234375,143.18057250976562,43.59157180786133
2907,cut3,2907,POPC,1083,111.79202270507812,59.977508544921875,39.485286712646484
2907,cut3,2907,POPC,1084,105.34078216552734,60.376407623291016,42.31264877319336
2907,cut3,2907,POPC,1085,147.47946166992188,136.09243774414062,33.402957916259766
2907,cut3,2907,POPC,1086,112.4291000366211,15.696587562561035,53.05710220336914
2907,cut3,2907,POPC,1087,56.70977783203125,114.1773452758789,38.61405563354492
2907,cut3,2907,POPC,1088,127.96283721923828,156.7039031982422,30.982370376586914
2907,cut3,2907,POPC,1089,14.247913360595703,71.0436019897461,47.990272521972656
2907,cut3,2907,POPC,1090,11.662210464477539,59.286277770996094,56.953338623046875
2907,cut3,2907,POPC,1091,111.9408950805664,148.73025512695312,31.714487075805664
2907,cut3,2907,POPC,1092,197.6713409423828,40.97549819946289,55.6057014465332
2907,cut3,2907,POPC,1093,90.0960693359375,68.543212890625,47.480918884277344
2907,cut3,2907,POPC,1094,53.19490051269531,26.08877944946289,49.06721496582031
2907,cut3,2907,POPC,1095,29.28430938720703,149.0300750732422,44.51353073120117
2907,cut3,2907,POPC,1096,182.0550079345703,209.17822265625,49.417633056640625
2907,cut3,2907,POPC,1097,14.122642517089844,46.45784378051758,52.41019058227539
2907,cut3,2907,POPC,1098,151.13723754882812,144.9823760986328,31.120702743530273
2907,cut3,2907,POPC,1099,28.418197631835938,55.41852951049805,50.90714645385742
2907,cut3,2907,POPC,1100,26.455764770507812,85.39598083496092,51.57633972167969
2907,cut3,2907,POPC,1101,82.4529800415039,146.78564453125,31.98814582824707
2907,cut3,2907,POPC,1102,105.48509216308594,26.250158309936523,45.57473373413086
2907,cut3,2907,POPC,1103,188.62860107421875,94.99415588378906,52.209224700927734
2907,cut3,2907,POPC,1104,76.30390167236328,22.055273056030273,52.14280700683594
2907,cut3,2907,POPC,1105,94.25031280517578,120.16985321044922,49.917732238769524
2907,cut3,2907,POPC,1106,0.3218671679496765,44.900238037109375,55.06013107299805
2907,cut3,2907,POPC,1107,83.6755142211914,67.1357421875,47.113346099853516
2907,cut3,2907,POPC,1108,171.96893310546875,110.3964614868164,39.3299674987793
2907,cut3,2907,SAPI,1109,141.50904846191406,8.043295860290527,56.13147735595703
2907,cut3,2907,SAPI,1110,70.21659088134766,138.18521118164062,34.175174713134766
2907,cut3,2907,SAPI,1111,129.33554077148438,26.407241821289062,53.88521957397461
2907,cut3,2907,SAPI,1112,178.4480743408203,29.658584594726562,55.374080657958984
2907,cut3,2907,SAPI,1113,40.39238739013672,132.39312744140625,40.38456726074219
2907,cut3,2907,SAPI,1114,202.3349609375,185.9086456298828,44.99974822998047
2907,cut3,2907,SAPI,1115,206.5382080078125,150.67396545410156,52.09577560424805
2907,cut3,2907,SAPI,1116,134.4512176513672,135.2012481689453,27.514184951782227
2907,cut3,2907,SAPI,1117,37.317691802978516,151.8567657470703,44.6016960144043
2907,cut3,2907,SAPI,1118,101.74629974365234,183.49285888671875,39.14751052856445
2907,cut3,2907,SAPI,1119,104.98250579833984,41.30610275268554,42.77239227294922
2907,cut3,2907,SAPI,1120,167.19461059570312,19.298688888549805,57.448001861572266
2907,cut3,2907,SAPI,1121,138.94639587402344,121.33755493164062,35.00141525268555
2907,cut3,2907,SAPI,1122,182.1375732421875,3.5781402587890625,51.223739624023445
2907,cut3,2907,SAPI,1123,166.82916259765625,80.94627380371094,47.06947326660156
2907,cut3,2907,SAPI,1124,87.72895050048828,47.997005462646484,42.744075775146484
2907,cut3,2907,SAPI,1125,168.20541381835938,185.880126953125,45.37372589111328
2907,cut3,2907,SAPI,1126,83.69241333007812,76.39822387695312,46.798519134521484
2907,cut3,2907,SAPI,1127,166.3997344970703,158.3289031982422,38.3312873840332
2907,cut3,2907,SAPI,1128,6.15251350402832,82.17003631591797,50.9371337890625
2907,cut3,2907,SAPI,1129,141.39132690429688,114.98113250732422,33.045677185058594
2907,cut3,2907,SAPI,1130,160.9972381591797,91.2150650024414,44.930030822753906
2907,cut3,2907,SAPI,1131,2.6813547611236572,92.63375091552734,54.46146392822266
2907,cut3,2907,SAPI,1132,1.5995237827301025,163.85084533691406,49.34254455566406
2907,cut3,2907,SAPI,1133,21.163734436035156,8.072633743286133,53.07771301269531
2907,cut3,2907,SAPI,1134,173.27305603027344,49.087135314941406,54.95466613769531
2907,cut3,2907,SAPI,1135,100.49668884277344,178.10585021972656,34.99064636230469
2907,cut3,2907,SAPI,1136,128.29302978515625,212.16392517089844,52.681488037109375
2907,cut3,2907,SAPI,1137,120.01980590820312,147.96144104003906,30.602895736694336
2907,cut3,2907,SAPI,1138,159.3125,15.183728218078613,58.493038177490234
2907,cut3,2907,SAPI,1139,102.69820404052734,80.74636840820312,42.530029296875
2907,cut3,2907,SAPI,1140,103.47116088867188,226.26470947265625,50.97590637207031
2907,cut3,2907,SAPI,1141,193.8329620361328,165.7621307373047,43.24934768676758
2907,cut3,2907,SAPI,1142,71.27985382080078,203.79141235351562,51.05909729003906
2907,cut3,2907,SAPI,1143,149.61546325683594,219.2455596923828,49.2587890625
2907,cut3,2907,SAPI,1144,136.54286193847656,127.50391387939453,32.420040130615234
2907,cut3,2907,SAPI,1145,64.53746032714844,118.17330932617188,35.15607452392578
