,System,Frame,Resname,Resnum,X,Y,Z
2313,cut3,2313,POPC,0,6.418704032897949,147.94923400878906,83.59228515625001
2313,cut3,2313,POPC,1,14.141314506530762,147.85989379882812,84.21867370605469
2313,cut3,2313,POPC,2,181.59486389160156,45.033843994140625,94.65638732910156
2313,cut3,2313,POPC,3,187.9184112548828,141.79774475097656,85.53963470458984
2313,cut3,2313,POPC,4,179.4537353515625,159.36985778808594,87.92987823486328
2313,cut3,2313,POPC,5,167.5395965576172,169.356689453125,83.7265625
2313,cut3,2313,POPC,6,149.86386108398438,167.98248291015625,74.21803283691406
2313,cut3,2313,POPC,7,215.05307006835938,66.9543685913086,84.96907043457031
2313,cut3,2313,POPC,8,200.41360473632812,34.46006774902344,95.88778686523438
2313,cut3,2313,POPC,9,206.09201049804688,146.55433654785156,84.61773681640625
2313,cut3,2313,POPC,10,26.90218734741211,127.23173522949219,85.6832046508789
2313,cut3,2313,POPC,11,185.60806274414062,105.1539077758789,90.69782257080078
2313,cut3,2313,POPC,12,68.93736267089844,163.69398498535156,85.84321594238281
2313,cut3,2313,POPC,13,192.00840759277344,208.39866638183594,92.70372772216797
2313,cut3,2313,POPC,14,145.4711456298828,159.7281951904297,76.29589080810547
2313,cut3,2313,POPC,15,167.89857482910156,186.40330505371094,87.7298812866211
2313,cut3,2313,POPC,16,30.216812133789062,136.25877380371094,85.65602111816406
2313,cut3,2313,POPC,17,113.66912841796875,100.58247375488281,74.44566345214844
2313,cut3,2313,POPC,18,72.69488525390625,180.4559326171875,85.64476776123047
2313,cut3,2313,POPC,19,114.91838073730469,222.0021209716797,92.0325698852539
2313,cut3,2313,POPC,20,173.8144073486328,139.83154296875,89.063232421875
2313,cut3,2313,POPC,21,145.32786560058594,126.85964965820312,76.34349822998047
2313,cut3,2313,POPC,22,150.63401794433594,210.43994140625,96.73650360107422
2313,cut3,2313,POPC,23,118.5711898803711,72.91297149658203,75.06224060058594
2313,cut3,2313,POPC,24,103.00812530517578,200.05450439453122,89.02865600585938
2313,cut3,2313,POPC,25,94.52818298339844,81.39961242675781,78.38459777832031
2313,cut3,2313,POPC,26,207.69288635253906,160.82057189941406,90.44806671142578
2313,cut3,2313,POPC,27,56.35209655761719,181.00836181640625,86.39103698730469
2313,cut3,2313,POPC,28,93.03367614746094,30.499876022338867,83.59759521484375
2313,cut3,2313,POPC,29,135.24278259277344,31.94171714782715,83.60882568359375
2313,cut3,2313,POPC,30,73.05242156982422,220.45657348632812,90.33975982666016
2313,cut3,2313,POPC,31,161.75169372558594,167.01519775390625,74.85465240478516
2313,cut3,2313,POPC,32,90.80257415771484,180.59169006347656,85.73450469970703
2313,cut3,2313,POPC,33,87.18257141113281,48.871517181396484,83.61151123046875
2313,cut3,2313,POPC,34,160.42225646972656,109.78958129882812,81.34806060791016
2313,cut3,2313,POPC,35,104.4676284790039,48.097862243652344,77.43756103515625
2313,cut3,2313,POPC,36,176.19129943847656,210.2794952392578,91.61897277832031
2313,cut3,2313,POPC,37,74.00138854980469,32.97766876220703,89.55343627929688
2313,cut3,2313,POPC,38,90.4664077758789,87.9024658203125,80.14787292480469
2313,cut3,2313,POPC,39,165.13272094726562,175.77296447753906,83.8781509399414
2313,cut3,2313,POPC,40,97.1917953491211,62.61906814575195,79.5911865234375
2313,cut3,2313,POPC,41,75.7703628540039,95.19242095947266,81.95883941650389
2313,cut3,2313,POPC,42,16.49049186706543,77.05750274658203,88.75251770019531
2313,cut3,2313,POPC,43,79.2850570678711,90.05720520019531,81.25006866455078
2313,cut3,2313,POPC,44,108.69790649414062,202.61431884765625,90.54098510742188
2313,cut3,2313,POPC,45,77.3998031616211,50.11433410644531,84.0656967163086
2313,cut3,2313,POPC,46,103.51073455810547,23.303146362304688,87.0193099975586
2313,cut3,2313,POPC,47,37.77762985229492,36.39540481567383,85.6936264038086
2313,cut3,2313,POPC,48,164.75018310546875,112.20916748046875,79.13047790527344
2313,cut3,2313,POPC,49,213.53199768066406,195.35057067871094,91.8855209350586
2313,cut3,2313,POPC,50,47.51042938232422,42.005706787109375,90.63639831542969
2313,cut3,2313,POPC,51,82.319580078125,68.81018829345703,81.37670135498047
2313,cut3,2313,POPC,52,39.75603485107422,129.25941467285156,85.10610961914062
2313,cut3,2313,POPC,53,96.10128021240234,165.056884765625,80.79084777832031
2313,cut3,2313,POPC,54,186.5482635498047,177.67393493652344,96.57605743408203
2313,cut3,2313,POPC,55,121.19544219970703,83.28449249267578,70.98453521728516
2313,cut3,2313,POPC,56,213.015869140625,60.138545989990234,87.84386444091798
2313,cut3,2313,POPC,57,139.6784210205078,182.22808837890625,76.63056945800781
2313,cut3,2313,POPC,58,197.10169982910156,184.81846618652344,91.125
2313,cut3,2313,POPC,59,121.80660247802734,21.03207778930664,90.50943756103516
2313,cut3,2313,POPC,60,40.79832077026367,167.2916717529297,89.8971176147461
2313,cut3,2313,POPC,61,158.2296600341797,124.4399642944336,77.37022399902344
2313,cut3,2313,POPC,62,27.673667907714844,5.900771617889404,88.43193054199219
2313,cut3,2313,POPC,63,85.1036605834961,166.40016174316406,84.65239715576172
2313,cut3,2313,POPC,64,180.89048767089844,101.67115020751953,87.37271118164062
2313,cut3,2313,POPC,65,109.54002380371094,119.524658203125,76.8974609375
2313,cut3,2313,POPC,66,3.224982261657715,42.0628547668457,91.84480285644531
2313,cut3,2313,POPC,67,30.085338592529297,176.7409210205078,90.40856170654297
2313,cut3,2313,POPC,68,65.6463623046875,25.519868850708008,86.943603515625
2313,cut3,2313,POPC,69,25.866336822509762,216.64816284179688,88.26480102539062
2313,cut3,2313,POPC,70,29.97930145263672,30.700719833374023,89.44364929199219
2313,cut3,2313,POPC,71,130.19970703125,178.34133911132812,40.70991516113281
2313,cut3,2313,POPC,72,6.707695960998535,79.35771942138672,84.8526382446289
2313,cut3,2313,POPC,73,133.74656677246094,120.77063751220703,75.5638198852539
2313,cut3,2313,POPC,74,167.70306396484375,6.264004230499268,93.17133331298828
2313,cut3,2313,POPC,75,24.373184204101562,144.17117309570312,85.39218139648438
2313,cut3,2313,POPC,76,204.5395050048828,210.51440429687497,93.1189193725586
2313,cut3,2313,POPC,77,127.65631103515625,153.96487426757812,70.99653625488281
2313,cut3,2313,POPC,78,178.71131896972656,28.228059768676758,58.72250747680664
2313,cut3,2313,POPC,79,128.13955688476562,34.43333053588867,84.10714721679688
2313,cut3,2313,POPC,80,90.14510345458984,223.546142578125,88.2724380493164
2313,cut3,2313,POPC,81,20.06793212890625,219.17633056640625,89.8342056274414
2313,cut3,2313,POPC,82,52.07218933105469,56.90450668334961,90.14674377441406
2313,cut3,2313,POPC,83,201.5911407470703,153.8369598388672,87.56383514404297
2313,cut3,2313,POPC,84,67.42413330078125,154.7472381591797,84.63067626953125
2313,cut3,2313,POPC,85,132.54014587402344,51.80137634277344,79.511474609375
2313,cut3,2313,POPC,86,56.585723876953125,209.67959594726562,88.6936264038086
2313,cut3,2313,POPC,87,51.68360137939453,26.23140525817871,87.4759521484375
2313,cut3,2313,POPC,88,20.313392639160156,16.410808563232422,88.3373794555664
2313,cut3,2313,POPC,89,140.91619873046875,155.8151092529297,75.60187530517578
2313,cut3,2313,POPC,90,46.08292007446289,195.10385131835938,89.34812927246094
2313,cut3,2313,POPC,91,110.12236022949219,217.20970153808594,89.84614562988281
2313,cut3,2313,POPC,92,157.48133850097656,132.81031799316406,77.55138397216797
2313,cut3,2313,POPC,93,22.8399658203125,28.680814743041992,92.7717056274414
2313,cut3,2313,POPC,94,209.3885955810547,48.94641494750976,89.07225799560547
2313,cut3,2313,POPC,95,135.5143585205078,134.99559020996094,72.864013671875
2313,cut3,2313,POPC,96,179.7742462158203,124.22410583496094,88.93333435058594
2313,cut3,2313,POPC,97,106.4574966430664,108.0354232788086,45.63410186767578
2313,cut3,2313,POPC,98,204.1436004638672,80.81108856201172,90.26769256591797
2313,cut3,2313,POPC,99,73.33392333984375,140.6322021484375,79.52218627929688
2313,cut3,2313,POPC,100,35.00654602050781,13.18287181854248,89.40419006347656
2313,cut3,2313,POPC,101,70.1004638671875,123.81004333496094,77.87348937988281
2313,cut3,2313,POPC,102,164.4549102783203,141.77621459960938,83.53681945800781
2313,cut3,2313,POPC,103,92.92398834228517,67.50792694091797,82.0933837890625
2313,cut3,2313,POPC,104,46.70614242553711,220.6636047363281,85.75521087646484
2313,cut3,2313,POPC,105,8.726683616638184,184.713134765625,93.07402801513672
2313,cut3,2313,POPC,106,121.16328430175781,56.91679000854492,80.17527008056642
2313,cut3,2313,POPC,107,103.50948333740234,31.29276847839355,83.76753234863281
2313,cut3,2313,POPC,108,173.99346923828125,216.498291015625,92.04019927978516
2313,cut3,2313,POPC,109,198.99327087402344,146.01101684570312,89.74436950683594
2313,cut3,2313,POPC,110,101.8855209350586,13.1167631149292,87.91746520996094
2313,cut3,2313,POPC,111,113.54962921142578,27.241464614868164,87.51115417480469
2313,cut3,2313,POPC,112,82.68537139892578,12.496251106262207,88.46290588378906
2313,cut3,2313,POPC,113,183.66299438476562,53.16640090942383,93.90634155273438
2313,cut3,2313,POPC,114,99.45494842529295,222.3507537841797,88.61647033691406
2313,cut3,2313,POPC,115,191.77903747558594,215.9749450683594,94.91436004638672
2313,cut3,2313,POPC,116,181.33953857421875,75.3819580078125,86.02597045898438
2313,cut3,2313,POPC,117,143.85557556152344,37.42085266113281,85.03308868408203
2313,cut3,2313,POPC,118,68.80912017822266,134.85504150390625,78.74190521240234
2313,cut3,2313,POPC,119,96.48320770263672,16.709835052490234,83.1059341430664
2313,cut3,2313,POPC,120,60.197471618652344,8.735547065734863,85.9051742553711
2313,cut3,2313,POPC,121,162.10626220703125,118.7387466430664,80.4429931640625
2313,cut3,2313,POPC,122,122.13207244873047,150.2564697265625,71.75923919677734
2313,cut3,2313,POPC,123,5.059443473815918,189.393310546875,92.27008056640625
2313,cut3,2313,POPC,124,63.60624694824219,159.02577209472656,87.50218963623047
2313,cut3,2313,POPC,125,101.41706848144531,194.74171447753906,84.38262176513672
2313,cut3,2313,POPC,126,188.439453125,171.0677947998047,93.90699768066406
2313,cut3,2313,POPC,127,87.85800170898438,204.8975372314453,89.09557342529297
2313,cut3,2313,POPC,128,24.04422378540039,177.88973999023438,56.63373947143555
2313,cut3,2313,POPC,129,102.51425170898438,121.75306701660156,46.932350158691406
2313,cut3,2313,POPC,130,85.35324096679688,181.12245178222656,86.85794830322266
2313,cut3,2313,POPC,131,186.44290161132812,111.22158050537108,89.8774185180664
2313,cut3,2313,POPC,132,198.68148803710938,119.3307113647461,93.04417419433594
2313,cut3,2313,POPC,133,190.17298889160156,80.59232330322266,86.81448364257812
2313,cut3,2313,POPC,134,98.26451873779297,161.5590362548828,75.35960388183594
2313,cut3,2313,POPC,135,107.90670013427734,102.01837158203125,80.0359878540039
2313,cut3,2313,POPC,136,196.61402893066406,156.88839721679688,91.98595428466797
2313,cut3,2313,POPC,137,70.32156372070312,187.70094299316406,86.63717651367188
2313,cut3,2313,POPC,138,47.599674224853516,88.55159759521484,91.38556671142578
2313,cut3,2313,POPC,139,40.07928466796875,180.8424530029297,90.60469818115234
2313,cut3,2313,POPC,140,119.67536926269531,164.3079833984375,70.06269073486328
2313,cut3,2313,POPC,141,159.4327850341797,147.430908203125,82.43909454345703
2313,cut3,2313,POPC,142,169.08961486816406,59.533084869384766,93.5147476196289
2313,cut3,2313,POPC,143,138.41595458984375,5.201466083526611,96.79818725585938
2313,cut3,2313,POPC,144,139.0166015625,104.76471710205078,75.35090637207031
2313,cut3,2313,POPC,145,169.98338317871094,47.69116973876953,92.5351791381836
2313,cut3,2313,POPC,146,65.05716705322266,9.878460884094238,88.48336029052734
2313,cut3,2313,POPC,147,21.797985076904297,1.6693280935287476,89.3517837524414
2313,cut3,2313,POPC,148,48.45513916015625,50.177635192871094,88.32957458496094
2313,cut3,2313,POPC,149,9.41895580291748,201.10781860351562,93.2352523803711
2313,cut3,2313,POPC,150,36.710086822509766,157.98934936523438,85.8098373413086
2313,cut3,2313,POPC,151,141.82823181152344,131.46585083007812,71.63743591308594
2313,cut3,2313,POPC,152,73.4175796508789,202.4296417236328,85.21908569335938
2313,cut3,2313,POPC,153,149.7613525390625,142.89161682128906,77.43135070800781
2313,cut3,2313,POPC,154,68.10855102539062,39.876556396484375,89.94834899902344
2313,cut3,2313,POPC,155,79.02345275878906,167.96920776367188,85.0552749633789
2313,cut3,2313,POPC,156,79.53109741210938,140.640869140625,81.42623138427734
2313,cut3,2313,POPC,157,25.23758316040039,201.4010467529297,92.31988525390625
2313,cut3,2313,POPC,158,184.1230010986328,184.28887939453125,92.17240905761719
2313,cut3,2313,POPC,159,31.267658233642578,56.22858428955078,92.99693298339844
2313,cut3,2313,POPC,160,41.9306755065918,114.68531036376953,77.12844848632812
2313,cut3,2313,POPC,161,93.23884582519531,172.6094207763672,85.08159637451172
2313,cut3,2313,POPC,162,99.08035278320312,4.109486103057861,87.5240478515625
2313,cut3,2313,POPC,163,49.21002960205078,17.780258178710938,89.90603637695312
2313,cut3,2313,POPC,164,36.725746154785156,121.14009857177734,82.55260467529297
2313,cut3,2313,POPC,165,77.73551940917969,216.0228729248047,87.90178680419922
2313,cut3,2313,POPC,166,24.064559936523438,78.95838928222656,90.6551971435547
2313,cut3,2313,POPC,167,161.34213256835938,101.9339828491211,80.2549819946289
2313,cut3,2313,POPC,168,213.33023071289062,73.51809692382812,83.14336395263672
2313,cut3,2313,POPC,169,210.12936401367188,21.23911476135254,94.02978515625
2313,cut3,2313,POPC,170,114.05669403076172,86.19908905029297,73.41117095947266
2313,cut3,2313,POPC,171,65.0118408203125,91.83052825927734,87.2555465698242
2313,cut3,2313,POPC,172,155.35191345214844,3.733022928237915,93.13895416259766
2313,cut3,2313,POPC,173,20.690811157226562,116.97306823730469,83.3266372680664
2313,cut3,2313,POPC,174,95.93115997314453,45.46988296508789,83.61210632324219
2313,cut3,2313,POPC,175,186.46365356445312,68.66417694091797,88.08390045166016
2313,cut3,2313,POPC,176,66.29704284667969,210.4185028076172,90.78483581542969
2313,cut3,2313,POPC,177,89.64905548095703,25.195425033569336,84.66238403320312
2313,cut3,2313,POPC,178,109.07002258300781,124.02034759521484,73.1169204711914
2313,cut3,2313,POPC,179,75.26404571533202,43.285930633544915,87.9591064453125
2313,cut3,2313,POPC,180,56.671112060546875,62.08539962768555,88.42821502685547
2313,cut3,2313,POPC,181,109.59793853759766,187.32861328125,83.18567657470703
2313,cut3,2313,POPC,182,170.7860107421875,0.7682117223739624,94.3071060180664
2313,cut3,2313,POPC,183,113.8875732421875,78.88494873046876,72.6170883178711
2313,cut3,2313,POPC,184,18.947105407714844,54.47919464111328,54.863616943359375
2313,cut3,2313,POPC,185,199.89044189453125,203.54824829101562,90.68421173095703
2313,cut3,2313,POPC,186,105.09356689453125,219.66970825195312,88.04027557373047
2313,cut3,2313,POPC,187,156.01547241210938,220.13720703125,97.2276382446289
2313,cut3,2313,POPC,188,204.84597778320312,30.71323585510254,92.8686294555664
2313,cut3,2313,POPC,189,47.84318161010742,70.12937927246094,90.97604370117188
2313,cut3,2313,POPC,190,193.966796875,99.60736083984375,91.00523376464844
2313,cut3,2313,POPC,191,88.32052612304688,15.385464668273926,84.22767639160156
2313,cut3,2313,POPC,192,186.71759033203125,136.26577758789062,90.07500457763672
2313,cut3,2313,POPC,193,36.399051666259766,174.31588745117188,90.33727264404297
2313,cut3,2313,POPC,194,126.81365203857422,80.4656753540039,71.09574890136719
2313,cut3,2313,POPC,195,183.7812957763672,180.48153686523438,51.16738510131836
2313,cut3,2313,POPC,196,22.283172607421875,38.53074645996094,89.76000213623047
2313,cut3,2313,POPC,197,168.8336944580078,152.82913208007812,85.1140365600586
2313,cut3,2313,POPC,198,210.6864471435547,76.10031890869139,91.64049530029297
2313,cut3,2313,POPC,199,30.657062530517578,37.02002716064453,90.44538116455078
2313,cut3,2313,POPC,200,8.8744478225708,38.961551666259766,90.74943542480469
2313,cut3,2313,POPC,201,203.1629180908203,54.32319259643555,92.59932708740234
2313,cut3,2313,POPC,202,203.32049560546875,185.03439331054688,91.50910949707031
2313,cut3,2313,POPC,203,120.2589340209961,188.68807983398438,75.68165588378905
2313,cut3,2313,POPC,204,212.95437622070312,214.96971130371094,94.63133239746094
2313,cut3,2313,POPC,205,50.553688049316406,155.67034912109375,88.53759765625
2313,cut3,2313,POPC,206,199.05535888671875,90.89300537109375,88.14129638671875
2313,cut3,2313,POPC,207,8.246697425842285,222.8068084716797,93.29534149169922
2313,cut3,2313,POPC,208,186.03623962402344,28.51633644104004,94.673828125
2313,cut3,2313,POPC,209,54.10308837890625,153.01235961914062,85.11433410644531
2313,cut3,2313,POPC,210,61.747276306152344,40.09294891357422,87.78846740722656
2313,cut3,2313,POPC,211,48.37870407104492,141.05763244628906,80.30914306640625
2313,cut3,2313,POPC,212,161.19786071777344,156.75552368164062,81.11114501953125
2313,cut3,2313,POPC,213,179.36434936523438,111.3582534790039,90.89165496826172
2313,cut3,2313,POPC,214,45.11832046508789,57.060237884521484,89.78162384033203
2313,cut3,2313,POPC,215,83.29139709472656,32.547855377197266,84.8609619140625
2313,cut3,2313,POPC,216,43.38790512084961,215.2869110107422,87.43604278564453
2313,cut3,2313,POPC,217,30.946765899658203,79.9718017578125,90.98814392089844
2313,cut3,2313,POPC,218,99.32513427734375,107.33856201171875,85.20000457763672
2313,cut3,2313,POPC,219,15.551875114440918,48.54338073730469,89.6928939819336
2313,cut3,2313,POPC,220,131.86082458496094,158.20022583007812,72.57593536376953
2313,cut3,2313,POPC,221,7.465580940246582,175.3173065185547,88.7076644897461
2313,cut3,2313,POPC,222,8.749510765075684,143.12451171875,85.18553924560547
2313,cut3,2313,POPC,223,97.98912048339844,23.06464195251465,85.53846740722656
2313,cut3,2313,POPC,224,132.98948669433594,126.20732116699219,71.380126953125
2313,cut3,2313,POPC,225,162.81033325195312,185.46188354492188,83.74454498291016
2313,cut3,2313,POPC,226,155.6670684814453,169.9520721435547,42.83913803100586
2313,cut3,2313,POPC,227,130.39512634277344,146.7117462158203,70.79109954833984
2313,cut3,2313,POPC,228,79.56121063232422,190.88833618164062,88.52598571777344
2313,cut3,2313,POPC,229,204.3700408935547,201.36227416992188,91.18736267089844
2313,cut3,2313,POPC,230,93.83858489990234,94.22173309326172,87.13636779785156
2313,cut3,2313,POPC,231,116.31553649902344,134.14956665039062,72.40737915039062
2313,cut3,2313,POPC,232,124.56672668457031,8.885777473449707,93.01141357421875
2313,cut3,2313,POPC,233,14.530974388122559,215.62428283691406,90.51527404785156
2313,cut3,2313,POPC,234,7.75405216217041,210.1732940673828,88.80982208251953
2313,cut3,2313,POPC,235,63.197303771972656,166.19915771484375,89.18526458740234
2313,cut3,2313,POPC,236,161.94548034667966,74.48230743408203,91.72221374511719
2313,cut3,2313,POPC,237,137.22862243652344,59.6505012512207,73.65802001953125
2313,cut3,2313,POPC,238,91.68093872070312,192.539306640625,88.22859954833984
2313,cut3,2313,POPC,239,51.500274658203125,8.332822799682617,88.14485168457031
2313,cut3,2313,POPC,240,129.4737548828125,87.00938415527344,72.10726928710938
2313,cut3,2313,POPC,241,89.25593566894531,67.97794342041016,50.391761779785156
2313,cut3,2313,POPC,242,30.798812866210938,194.32192993164062,92.0735855102539
2313,cut3,2313,POPC,243,70.34737396240234,51.03709030151367,87.9012680053711
2313,cut3,2313,POPC,244,207.2149200439453,42.76481628417969,93.29931640625
2313,cut3,2313,POPC,245,134.5626983642578,41.761600494384766,82.56561279296875
2313,cut3,2313,POPC,246,160.43215942382812,80.55764770507812,86.38384246826172
2313,cut3,2313,POPC,247,159.64002990722656,97.27816772460938,84.01817321777344
2313,cut3,2313,POPC,248,115.90961456298828,18.061662673950195,88.81161499023438
2313,cut3,2313,POPC,249,20.508148193359375,164.5081787109375,92.82693481445312
2313,cut3,2313,POPC,250,169.55874633789062,177.30960083007812,87.7149429321289
2313,cut3,2313,POPC,251,20.66268539428711,170.0262908935547,89.0927734375
2313,cut3,2313,POPC,252,148.51010131835938,55.29061508178711,81.04088592529297
2313,cut3,2313,POPC,253,200.89028930664062,76.72232055664062,86.0126724243164
2313,cut3,2313,POPC,254,54.639068603515625,79.36115264892578,89.80988311767578
2313,cut3,2313,POPC,255,196.130615234375,72.63811492919922,88.65264129638672
2313,cut3,2313,POPC,256,71.18376922607422,61.616390228271484,83.95958709716797
2313,cut3,2313,POPC,257,163.20550537109375,86.59708404541016,85.87566375732422
2313,cut3,2313,POPC,258,149.3200225830078,135.40277099609375,75.30097198486328
2313,cut3,2313,POPC,259,97.29612731933594,54.87700653076172,79.27560424804688
2313,cut3,2313,POPC,260,179.87359619140625,170.82780456542972,92.08369445800781
2313,cut3,2313,POPC,261,150.1956329345703,153.53173828125,73.92131805419922
2313,cut3,2313,POPC,262,173.8227386474609,13.475518226623535,97.97069549560547
2313,cut3,2313,POPC,263,42.03960418701172,123.60099029541016,80.48575592041016
2313,cut3,2313,POPC,264,53.178321838378906,117.69981384277344,74.21771240234375
2313,cut3,2313,POPC,265,27.150009155273438,169.52191162109375,90.65302276611328
2313,cut3,2313,POPC,266,143.08758544921875,63.58636856079101,74.86221313476562
2313,cut3,2313,POPC,267,168.43313598632812,161.38145446777344,85.25762939453125
2313,cut3,2313,POPC,268,162.56961059570312,129.17965698242188,43.410457611083984
2313,cut3,2313,POPC,269,127.41830444335938,62.90571212768555,78.28204345703125
2313,cut3,2313,POPC,270,127.48503112792969,41.745147705078125,79.91277313232422
2313,cut3,2313,POPC,271,76.64869689941406,173.85243225097656,83.87776947021484
2313,cut3,2313,POPC,272,9.091731071472166,152.42320251464844,87.81349182128906
2313,cut3,2313,POPC,273,108.08919525146484,66.59563446044922,78.84304809570312
2313,cut3,2313,POPC,274,140.5924072265625,170.57786560058594,72.35691833496094
2313,cut3,2313,POPC,275,63.45550537109375,45.106544494628906,90.82447052001953
2313,cut3,2313,POPC,276,202.5486297607422,6.115437030792236,93.27429962158203
2313,cut3,2313,POPC,277,128.42764282226562,176.80108642578125,72.73136138916016
2313,cut3,2313,POPC,278,11.288039207458496,31.929800033569336,90.20804595947266
2313,cut3,2313,POPC,279,129.05062866210938,136.07781982421872,71.25357818603516
2313,cut3,2313,POPC,280,74.31697845458984,118.83832550048828,74.15116119384766
2313,cut3,2313,POPC,281,191.72869873046875,3.0395519733428955,94.16683197021484
2313,cut3,2313,POPC,282,195.3560791015625,26.871583938598633,97.39679718017578
2313,cut3,2313,POPC,283,65.84201049804688,174.23838806152344,86.0247573852539
2313,cut3,2313,POPC,284,43.114498138427734,189.44802856445312,88.26233673095703
2313,cut3,2313,POPC,285,65.20575714111328,33.03096008300781,89.34695434570311
2313,cut3,2313,POPC,286,88.20453643798828,35.961273193359375,82.49310302734375
2313,cut3,2313,POPC,287,168.78897094726562,218.13185119628906,93.3270034790039
2313,cut3,2313,POPC,288,4.054932594299316,54.83088684082031,88.5261001586914
2313,cut3,2313,POPC,289,146.82411193847656,64.15802764892578,36.753326416015625
2313,cut3,2313,POPC,290,86.08273315429688,43.274593353271484,82.21932983398438
2313,cut3,2313,POPC,291,39.55598831176758,66.61732482910156,92.1949462890625
2313,cut3,2313,POPC,292,194.76828002929688,169.3536224365234,90.82317352294922
2313,cut3,2313,POPC,293,201.3273162841797,58.9620018005371,89.09931182861328
2313,cut3,2313,POPC,294,61.26812744140625,225.33340454101562,89.54190063476562
2313,cut3,2313,POPC,295,96.1535415649414,39.581634521484375,82.58155822753906
2313,cut3,2313,POPC,296,83.00802612304688,81.9529037475586,82.23587036132812
2313,cut3,2313,POPC,297,-0.8082494735717773,182.59881591796875,91.31560516357422
2313,cut3,2313,POPC,298,70.3388671875,215.42160034179688,89.55450439453125
2313,cut3,2313,POPC,299,6.104287147521973,4.776312351226807,91.46412658691406
2313,cut3,2313,POPC,300,67.03150177001953,85.8890151977539,86.2561264038086
2313,cut3,2313,POPC,301,80.72920227050781,21.206907272338867,85.11137390136719
2313,cut3,2313,POPC,302,121.6168212890625,33.881771087646484,81.35089874267578
2313,cut3,2313,POPC,303,23.667724609375,178.134521484375,92.21302032470703
2313,cut3,2313,POPC,304,180.2486114501953,0.8353122472763062,94.951904296875
2313,cut3,2313,POPC,305,24.18738555908203,60.78024673461914,92.2964859008789
2313,cut3,2313,POPC,306,188.1271514892578,120.6197738647461,90.79180145263672
2313,cut3,2313,POPC,307,192.59426879882815,51.48432922363281,91.03851318359375
2313,cut3,2313,POPC,308,4.181017875671387,169.84759521484375,94.00556945800781
2313,cut3,2313,POPC,309,207.27362060546878,222.48406982421875,93.57943725585938
2313,cut3,2313,POPC,310,200.4349365234375,216.24436950683594,95.55034637451172
2313,cut3,2313,POPC,311,94.88455200195312,217.28805541992188,87.54136657714844
2313,cut3,2313,POPC,312,122.60831451416016,-2.2455265522003174,93.81299591064453
2313,cut3,2313,POPC,313,84.83555603027344,132.22543334960938,71.7479476928711
2313,cut3,2313,POPC,314,50.2833251953125,76.9036636352539,90.52606964111328
2313,cut3,2313,POPC,315,63.678565979003906,123.91719055175781,78.07962036132812
2313,cut3,2313,POPC,316,98.67201232910156,88.98685455322266,77.95718383789062
2313,cut3,2313,POPC,317,19.74850082397461,53.76298141479492,90.0835189819336
2313,cut3,2313,POPC,318,113.88945007324219,192.2930450439453,87.35411834716797
2313,cut3,2313,POPC,319,57.70494842529297,87.83451080322266,86.65555572509766
2313,cut3,2313,POPC,320,1.655949592590332,201.60812377929688,92.02494812011719
2313,cut3,2313,POPC,321,208.1293487548828,10.87763500213623,93.81886291503906
2313,cut3,2313,POPC,322,47.01363754272461,178.87887573242188,89.56642150878906
2313,cut3,2313,POPC,323,30.24665069580078,0.2066253274679184,86.87638854980469
2313,cut3,2313,POPC,324,170.08970642089844,210.7503662109375,95.27355194091797
2313,cut3,2313,POPC,325,77.42166900634766,10.627324104309082,90.32840728759766
2313,cut3,2313,POPC,326,25.88882064819336,120.34556579589844,84.05331420898438
2313,cut3,2313,POPC,327,183.9278106689453,190.10401916503906,87.70201873779297
2313,cut3,2313,POPC,328,174.7082061767578,71.43366241455078,88.0925521850586
2313,cut3,2313,POPC,329,79.45240020751953,27.42177391052246,85.70975494384766
2313,cut3,2313,POPC,330,13.837895393371582,16.866392135620117,89.51937103271486
2313,cut3,2313,POPC,331,4.764107704162598,49.21646499633789,87.80762481689455
2313,cut3,2313,POPC,332,125.12446594238281,207.7117462158203,90.5246810913086
2313,cut3,2313,POPC,333,140.66465759277344,74.07666015625,69.59615325927734
2313,cut3,2313,POPC,334,12.683552742004395,74.95182037353516,83.81468200683594
2313,cut3,2313,POPC,335,175.73609924316406,3.194805383682251,97.33004760742188
2313,cut3,2313,POPC,336,165.66976928710938,133.91885375976562,85.36085510253906
2313,cut3,2313,POPC,337,198.03207397460938,7.849398136138916,54.200504302978516
2313,cut3,2313,POPC,338,123.99410247802734,51.25947189331055,81.3799819946289
2313,cut3,2313,POPC,339,52.25569152832031,66.33767700195312,88.09202575683594
2313,cut3,2313,POPC,340,141.26824951171875,144.2857208251953,72.38289642333983
2313,cut3,2313,POPC,341,199.6147003173828,191.16842651367188,90.06720733642578
2313,cut3,2313,POPC,342,59.802459716796875,22.1644229888916,87.68009185791016
2313,cut3,2313,POPC,343,156.69732666015625,150.6058349609375,78.32118225097656
2313,cut3,2313,POPC,344,110.0314712524414,51.987335205078125,81.3706283569336
2313,cut3,2313,POPC,345,114.23937225341797,197.00692749023438,92.3774642944336
2313,cut3,2313,POPC,346,80.62662506103516,42.93800354003906,84.43472290039062
2313,cut3,2313,POPC,347,28.82944107055664,162.64242553710938,88.37326049804688
2313,cut3,2313,POPC,348,173.7078857421875,154.9051513671875,87.73213958740234
2313,cut3,2313,POPC,349,193.262451171875,109.21232604980469,89.15642547607422
2313,cut3,2313,POPC,350,140.3667755126953,164.91676330566406,74.12161254882812
2313,cut3,2313,POPC,351,150.9077606201172,173.4991912841797,75.9738540649414
2313,cut3,2313,POPC,352,23.51620864868164,158.04544067382812,88.19173431396484
2313,cut3,2313,POPC,353,79.10586547851562,200.05352783203125,86.88615417480469
2313,cut3,2313,POPC,354,128.8004913330078,115.95654296875,73.07896423339844
2313,cut3,2313,POPC,355,55.679901123046875,106.63369750976562,73.2350082397461
2313,cut3,2313,POPC,356,135.54429626464844,77.94823455810547,67.55587005615234
2313,cut3,2313,POPC,357,180.91600036621094,137.66294860839844,88.96229553222656
2313,cut3,2313,POPC,358,16.82748031616211,195.29718017578128,93.2031478881836
2313,cut3,2313,POPC,359,163.5279998779297,19.428173065185547,96.71878051757812
2313,cut3,2313,POPC,360,176.33103942871094,80.17393493652344,86.52859497070312
2313,cut3,2313,POPC,361,54.167579650878906,176.0808563232422,91.04895782470703
2313,cut3,2313,POPC,362,8.542969703674316,165.8166961669922,92.83153533935547
2313,cut3,2313,POPC,363,47.72768783569336,3.829545259475708,84.75982666015625
2313,cut3,2313,POPC,364,18.624004364013672,72.07064819335938,88.58674621582031
2313,cut3,2313,POPC,365,42.81862258911133,5.528350353240967,83.77079772949219
2313,cut3,2313,POPC,366,119.55448913574219,41.63764572143555,84.55879211425781
2313,cut3,2313,POPC,367,117.73883819580078,93.99213409423828,74.54226684570312
2313,cut3,2313,POPC,368,188.99014282226562,150.11074829101562,87.2969970703125
2313,cut3,2313,POPC,369,-1.305314064025879,38.14461135864258,92.645263671875
2313,cut3,2313,POPC,370,191.19935607910156,66.05420684814453,90.24736022949219
2313,cut3,2313,POPC,371,177.64817810058594,168.14889526367188,88.53397369384766
2313,cut3,2313,POPC,372,42.143898010253906,51.63005828857422,91.59596252441406
2313,cut3,2313,POPC,373,14.496367454528809,123.09341430664062,83.0966567993164
2313,cut3,2313,POPC,374,175.00039672851562,128.0997314453125,85.82286071777344
2313,cut3,2313,POPC,375,134.6574249267578,72.49564361572266,69.52992248535156
2313,cut3,2313,POPC,376,29.274394989013672,48.8946647644043,91.54883575439453
2313,cut3,2313,POPC,377,88.06861114501953,129.30047607421875,76.83158111572266
2313,cut3,2313,POPC,378,195.7689208984375,40.040164947509766,94.75997161865234
2313,cut3,2313,POPC,379,153.25685119628906,18.784318923950195,89.6805191040039
2313,cut3,2313,POPC,380,186.74143981933594,15.388625144958496,93.79204559326172
2313,cut3,2313,POPC,381,51.26732635498047,165.34396362304688,92.92350769042969
2313,cut3,2313,POPC,382,31.52582550048828,143.5262451171875,84.47029876708984
2313,cut3,2313,POPC,383,88.88742065429688,60.58405685424805,83.0447006225586
2313,cut3,2313,POPC,384,147.33206176757812,125.87852478027344,39.21202087402344
2313,cut3,2313,POPC,385,54.00135803222656,135.5811004638672,78.22205352783203
2313,cut3,2313,POPC,386,208.05018615722656,5.457272052764893,96.4594497680664
2313,cut3,2313,POPC,387,114.99348449707031,143.19561767578125,71.20478057861328
2313,cut3,2313,POPC,388,178.34228515625,203.2660369873047,95.51549530029297
2313,cut3,2313,POPC,389,39.465423583984375,58.34714889526367,90.13555145263672
2313,cut3,2313,POPC,390,193.24566650390625,162.36061096191406,89.93873596191406
2313,cut3,2313,POPC,391,126.04801177978516,71.51168060302734,72.12017059326172
2313,cut3,2313,POPC,392,185.33287048339844,164.68650817871094,90.81297302246094
2313,cut3,2313,POPC,393,154.14712524414062,180.70584106445312,79.8152847290039
2313,cut3,2313,POPC,394,67.75881958007812,-0.7868772745132446,89.25590515136719
2313,cut3,2313,POPC,395,102.95972442626953,59.26591873168945,77.50083923339844
2313,cut3,2313,POPC,396,103.320556640625,150.74783325195312,75.37761688232422
2313,cut3,2313,POPC,397,108.85469055175781,14.54902172088623,87.941650390625
2313,cut3,2313,POPC,398,2.2155580520629883,28.628137588500977,90.6669921875
2313,cut3,2313,POPC,399,68.80233764648438,74.54973602294922,88.16896057128906
2313,cut3,2313,POPC,400,153.1315460205078,50.58062744140625,81.32101440429688
2313,cut3,2313,POPC,401,143.5137939453125,0.6501926183700562,95.52001953125
2313,cut3,2313,POPC,402,148.80496215820312,222.73114013671875,94.12959289550781
2313,cut3,2313,POPC,403,72.2326889038086,18.09450912475586,88.82806396484375
2313,cut3,2313,POPC,404,61.789833068847656,218.0945281982422,87.41229248046875
2313,cut3,2313,POPC,405,101.58195495605469,122.23188018798828,78.88845825195312
2313,cut3,2313,POPC,406,62.62004852294922,200.7782440185547,88.29364013671875
2313,cut3,2313,POPC,407,54.64198303222656,197.6465301513672,86.3976058959961
2313,cut3,2313,POPC,408,64.63111877441406,16.069568634033203,86.99467468261719
2313,cut3,2313,POPC,409,82.30101776123047,62.4254035949707,83.18931579589844
2313,cut3,2313,POPC,410,36.19887161254883,150.49298095703125,86.06571197509766
2313,cut3,2313,POPC,411,115.84696960449219,6.841518878936768,93.22084045410156
2313,cut3,2313,POPC,412,152.29547119140625,118.78300476074219,75.34400177001953
2313,cut3,2313,POPC,413,113.79801940917969,155.89950561523438,67.53436279296875
2313,cut3,2313,POPC,414,51.269676208496094,206.75892639160156,91.03382873535156
2313,cut3,2313,POPC,415,107.28508758544922,69.88233184814453,73.77588653564453
2313,cut3,2313,POPC,416,8.502150535583496,11.281462669372559,92.52871704101562
2313,cut3,2313,POPC,417,174.4838409423828,88.28155517578125,89.3866195678711
2313,cut3,2313,POPC,418,196.14122009277344,85.22450256347656,88.62852478027344
2313,cut3,2313,POPC,419,175.12835693359375,64.73025512695312,92.02719116210938
2313,cut3,2313,POPC,420,133.1733856201172,65.97329711914062,72.4634780883789
2313,cut3,2313,POPC,421,189.56941223144534,22.493270874023438,95.31633758544922
2313,cut3,2313,POPC,422,184.6178436279297,82.51602935791016,88.9606170654297
2313,cut3,2313,POPC,423,3.334221839904785,160.14996337890625,89.7839126586914
2313,cut3,2313,POPC,424,25.66644287109375,22.70279312133789,90.37769317626953
2313,cut3,2313,POPC,425,137.36532592773438,150.3773956298828,73.8270492553711
2313,cut3,2313,POPC,426,200.96046447753906,13.072819709777832,93.58715057373047
2313,cut3,2313,POPC,427,176.09906005859375,182.56626892089844,89.3365478515625
2313,cut3,2313,POPC,428,154.71595764160156,156.38970947265625,77.45579528808594
2313,cut3,2313,POPC,429,78.6892318725586,154.08053588867188,83.56192779541016
2313,cut3,2313,POPC,430,210.5260772705078,189.04251098632812,93.11556243896484
2313,cut3,2313,POPC,431,197.80584716796875,48.36018371582031,91.03050231933594
2313,cut3,2313,POPC,432,137.1909637451172,223.0642852783203,92.09527587890625
2313,cut3,2313,POPC,433,152.84567260742188,112.13139343261719,76.09562683105469
2313,cut3,2313,POPC,434,27.18817138671875,210.56788635253906,91.11688995361328
2313,cut3,2313,POPC,435,151.67535400390625,124.66697692871094,75.3174057006836
2313,cut3,2313,POPC,436,87.04459381103516,144.64239501953125,79.68550109863281
2313,cut3,2313,POPC,437,128.0196075439453,123.97244262695312,71.83527374267578
2313,cut3,2313,POPC,438,57.066551208496094,93.93043518066406,88.44490051269531
2313,cut3,2313,POPC,439,45.156490325927734,155.67430114746094,88.4586410522461
2313,cut3,2313,POPC,440,80.6716537475586,73.57732391357422,84.85248565673828
2313,cut3,2313,POPC,441,26.345890045166016,84.96703338623047,90.21731567382812
2313,cut3,2313,POPC,442,183.3177947998047,61.47072982788086,90.05531311035156
2313,cut3,2313,POPC,443,65.89311218261719,56.29302215576172,88.67965698242188
2313,cut3,2313,POPC,444,74.75907897949219,67.52594757080078,83.33869171142578
2313,cut3,2313,POPC,445,86.96856689453125,174.88955688476562,86.24180603027344
2313,cut3,2313,POPC,446,97.03892517089844,209.46517944335938,85.54470825195312
2313,cut3,2313,POPC,447,179.0839385986328,20.590333938598633,99.93519592285156
2313,cut3,2313,POPC,448,88.11924743652344,211.16802978515625,86.87008666992188
2313,cut3,2313,POPC,449,62.834197998046875,41.891204833984375,49.586151123046875
2313,cut3,2313,POPC,450,21.02432632446289,66.53996276855469,91.76509857177734
2313,cut3,2313,POPC,451,112.16690063476562,41.49945831298828,82.77533721923828
2313,cut3,2313,POPC,452,23.665302276611328,224.17132568359375,47.72837448120117
2313,cut3,2313,POPC,453,24.208694458007812,194.5269775390625,92.6546401977539
2313,cut3,2313,POPC,454,40.20148849487305,142.42599487304688,85.26062774658203
2313,cut3,2313,POPC,455,134.35311889648438,178.24053955078125,70.82472229003906
2313,cut3,2313,POPC,456,176.4138946533203,98.28516387939453,87.37830352783203
2313,cut3,2313,POPC,457,55.47125244140625,45.52627944946289,91.90180206298828
2313,cut3,2313,POPC,458,57.31438446044922,141.08749389648438,83.6112289428711
2313,cut3,2313,POPC,459,194.9408721923828,57.07058334350586,94.0665054321289
2313,cut3,2313,POPC,460,173.6160430908203,52.87234115600586,95.9141616821289
2313,cut3,2313,POPC,461,92.8139419555664,72.26143646240234,78.60945129394531
2313,cut3,2313,POPC,462,57.71495819091797,14.292998313903809,86.60032653808594
2313,cut3,2313,POPC,463,5.7058210372924805,181.29611206054688,89.46568298339844
2313,cut3,2313,POPC,464,196.3877410888672,222.2205047607422,95.32782745361328
2313,cut3,2313,POPC,465,69.18140411376953,145.23165893554688,84.44756317138672
2313,cut3,2313,POPC,466,20.052078247070312,9.768036842346191,87.57789611816406
2313,cut3,2313,POPC,467,18.893592834472656,127.9444580078125,82.94245147705078
2313,cut3,2313,POPC,468,99.19577026367188,182.2359619140625,84.4321060180664
2313,cut3,2313,POPC,469,47.04972457885742,131.3748779296875,81.58186340332031
2313,cut3,2313,POPC,470,192.7093505859375,133.86878967285156,92.25833129882812
2313,cut3,2313,POPC,471,167.72708129882812,22.001651763916016,99.26827239990234
2313,cut3,2313,POPC,472,95.1398696899414,155.42996215820312,82.92843627929688
2313,cut3,2313,POPC,473,63.71764373779297,61.51883316040039,88.91547393798828
2313,cut3,2313,POPC,474,27.055301666259766,151.1259002685547,85.26213836669922
2313,cut3,2313,POPC,475,153.89907836914062,162.23829650878906,76.78860473632812
2313,cut3,2313,POPC,476,143.8936767578125,51.73457336425781,80.9466781616211
2313,cut3,2313,POPC,477,28.634387969970703,110.11315155029297,79.42298126220703
2313,cut3,2313,POPC,478,132.718017578125,140.658203125,74.91820526123047
2313,cut3,2313,POPC,479,146.59927368164062,179.35244750976562,78.14723205566406
2313,cut3,2313,POPC,480,175.426513671875,121.8863525390625,83.60733795166016
2313,cut3,2313,POPC,481,43.620994567871094,11.488512992858887,88.94940185546875
2313,cut3,2313,POPC,482,72.70803833007812,151.8194122314453,83.59345245361328
2313,cut3,2313,POPC,483,59.498260498046875,146.9709930419922,87.22946166992188
2313,cut3,2313,POPC,484,48.37040710449219,92.89128875732422,84.22342681884766
2313,cut3,2313,POPC,485,66.44678497314453,140.88034057617188,81.35893249511719
2313,cut3,2313,POPC,486,154.8269805908203,12.421477317810059,96.69427490234375
2313,cut3,2313,POPC,487,75.6033706665039,162.59060668945312,86.73201751708984
2313,cut3,2313,POPC,488,48.23329162597656,171.7874755859375,93.61376953125
2313,cut3,2313,POPC,489,87.33094024658203,160.60772705078125,85.49164581298828
2313,cut3,2313,POPC,490,146.98385620117188,112.94901275634766,77.0573501586914
2313,cut3,2313,POPC,491,151.5684356689453,186.77088928222656,80.41118621826172
2313,cut3,2313,POPC,492,120.66532897949219,44.75111389160156,45.41670227050781
2313,cut3,2313,POPC,493,42.78430938720703,79.41960144042969,93.0289535522461
2313,cut3,2313,POPC,494,11.961823463439941,1.5518287420272827,89.48710632324219
2313,cut3,2313,POPC,495,124.73858642578125,164.24493408203125,74.25523376464844
2313,cut3,2313,POPC,496,126.65228271484375,24.939462661743164,87.61019897460938
2313,cut3,2313,POPC,497,106.28289794921875,212.5895233154297,85.71177673339844
2313,cut3,2313,POPC,498,115.46729278564453,210.7502899169922,90.28839874267578
2313,cut3,2313,POPC,499,31.059917449951172,203.44247436523438,88.81688690185547
2313,cut3,2313,POPC,500,103.66563415527344,44.79756546020508,83.75172424316406
2313,cut3,2313,POPC,501,57.47581481933594,126.44048309326172,76.57881164550781
2313,cut3,2313,POPC,502,177.3387908935547,150.22293090820312,89.14817810058594
2313,cut3,2313,POPC,503,116.42781066894531,62.65229415893554,79.24104309082031
2313,cut3,2313,POPC,504,18.788875579833984,150.39048767089844,88.20213317871094
2313,cut3,2313,POPC,505,129.6818084716797,47.124813079833984,82.0276870727539
2313,cut3,2313,POPC,506,112.72689819335938,34.7916259765625,84.21638488769531
2313,cut3,2313,POPC,507,171.6221923828125,30.645132064819336,98.06820678710939
2313,cut3,2313,POPC,508,122.60603332519531,132.7643280029297,71.2752456665039
2313,cut3,2313,POPC,509,212.33016967773438,172.9336395263672,92.3255844116211
2313,cut3,2313,POPC,510,54.44712829589844,32.29779815673828,88.23637390136719
2313,cut3,2313,POPC,511,168.0810089111328,77.77392578125,88.5016098022461
2313,cut3,2313,POPC,512,92.86650085449219,200.6124267578125,88.23986053466797
2313,cut3,2313,POPC,513,84.12303924560547,220.9490509033203,87.1250228881836
2313,cut3,2313,POPC,514,73.49507904052734,27.33704948425293,88.1506118774414
2313,cut3,2313,POPC,515,166.40452575683594,218.99143981933594,99.97032928466797
2313,cut3,2313,POPC,516,180.754150390625,94.76496887207031,89.08354949951172
2313,cut3,2313,POPC,517,90.2519302368164,6.155714511871338,86.48365783691406
2313,cut3,2313,POPC,518,198.0260772705078,18.96759796142578,95.2951889038086
2313,cut3,2313,POPC,519,16.99698257446289,30.850419998168945,90.86717224121094
2313,cut3,2313,POPC,520,109.08861541748047,95.05291748046875,75.30145263671875
2313,cut3,2313,POPC,521,38.3645133972168,23.305932998657227,90.38719177246094
2313,cut3,2313,POPC,522,192.48731994628906,10.196249961853027,92.9744873046875
2313,cut3,2313,POPC,523,205.099365234375,195.44175720214844,92.4787368774414
2313,cut3,2313,POPC,524,12.886031150817871,208.11387634277344,89.62773895263672
2313,cut3,2313,POPC,525,167.17942810058594,113.35951995849611,87.25382995605469
2313,cut3,2313,POPC,526,8.031134605407715,17.350889205932617,93.29088592529297
2313,cut3,2313,POPC,527,45.693626403808594,209.8188018798828,88.77871704101562
2313,cut3,2313,POPC,528,8.037135124206543,70.73615264892578,84.57261657714844
2313,cut3,2313,POPC,529,11.047232627868652,53.71848678588867,88.12592315673828
2313,cut3,2313,POPC,530,168.53317260742188,90.0719223022461,88.89498901367188
2313,cut3,2313,POPC,531,186.03688049316406,6.169093608856201,95.15935516357422
2313,cut3,2313,POPC,532,138.4072723388672,47.75616455078125,80.61445617675781
2313,cut3,2313,POPC,533,62.74674987792969,196.31385803222656,84.59681701660156
2313,cut3,2313,POPC,534,47.7869987487793,34.691696166992195,86.25016784667969
2313,cut3,2313,POPC,535,107.27054595947266,54.33329772949219,77.79367065429688
2313,cut3,2313,POPC,536,160.6494598388672,14.07089900970459,95.82864379882812
2313,cut3,2313,POPC,537,90.97658538818361,143.09283447265625,75.4539566040039
2313,cut3,2313,POPC,538,79.85103607177734,131.08412170410156,75.6427001953125
2313,cut3,2313,POPC,539,98.5883560180664,72.84224700927734,75.11357879638672
2313,cut3,2313,POPC,540,59.227577209472656,74.3841781616211,86.76534271240234
2313,cut3,2313,POPC,541,110.83415985107422,60.980777740478516,80.2620620727539
2313,cut3,2313,POPC,542,163.752197265625,210.7314910888672,96.36824798583984
2313,cut3,2313,POPC,543,29.782604217529297,15.682190895080566,89.756103515625
2313,cut3,2313,POPC,544,103.9659194946289,91.76923370361328,78.5224609375
2313,cut3,2313,POPC,545,205.8303680419922,176.4571533203125,93.42333984375
2313,cut3,2313,POPC,546,196.79295349121094,196.51754760742188,91.22732543945312
2313,cut3,2313,POPC,547,82.65362548828125,96.90171813964844,79.60449981689453
2313,cut3,2313,POPC,548,64.36104583740234,180.31849670410156,84.58080291748047
2313,cut3,2313,POPC,549,191.08639526367188,200.9561004638672,92.66355895996094
2313,cut3,2313,POPC,550,94.86772155761719,152.4045867919922,76.05963897705078
2313,cut3,2313,POPC,551,81.70560455322266,123.3665237426758,70.32991790771484
2313,cut3,2313,POPC,552,50.028961181640625,123.56508636474608,78.73695373535156
2313,cut3,2313,POPC,553,56.24433898925781,50.64994430541992,90.38188171386719
2313,cut3,2313,POPC,554,189.6420440673828,46.637020111083984,95.75175476074219
2313,cut3,2313,POPC,555,0.2681408226490021,148.99827575683594,84.78706359863281
2313,cut3,2313,POPC,556,54.594703674316406,95.27870178222656,53.083927154541016
2313,cut3,2313,POPC,557,129.17349243164062,214.2793121337891,95.60607147216797
2313,cut3,2313,POPC,558,33.67118453979492,43.385337829589844,90.6254653930664
2313,cut3,2313,POPC,559,203.5224151611328,67.20166778564453,87.83474731445312
2313,cut3,2313,POPC,560,138.0595550537109,115.98804473876952,75.02738189697266
2313,cut3,2313,POPC,561,95.87865447998047,189.70578002929688,84.47024536132812
2313,cut3,2313,POPC,562,169.36863708496094,104.55137634277344,84.88278198242188
2313,cut3,2313,POPC,563,36.067630767822266,107.15894317626953,80.49561309814453
2313,cut3,2313,POPC,564,131.2633056640625,169.52737426757812,70.93263244628906
2313,cut3,2313,POPC,565,74.12586975097656,206.42593383789062,89.68733978271484
2313,cut3,2313,POPC,566,172.85902404785156,169.5068359375,86.1483154296875
2313,cut3,2313,POPC,567,193.47996520996094,94.52090454101562,50.65860366821289
2313,cut3,2313,POPC,568,45.50455474853516,29.010225296020508,86.33949279785156
2313,cut3,2313,POPC,569,41.66716003417969,19.04571533203125,90.67129516601562
2313,cut3,2313,POPC,570,166.04022216796875,96.58872985839844,85.08216094970703
2313,cut3,2313,POPC,571,209.9051971435547,126.497802734375,85.9548110961914
2313,cut3,2313,POPC,572,23.795204162597656,187.61508178710938,90.96105194091797
2313,cut3,2313,POPC,573,23.2469482421875,136.76287841796875,86.46282958984375
2313,cut3,2313,POPC,574,55.774513244628906,120.49622344970703,78.66954803466797
2313,cut3,2313,POPC,575,82.74502563476562,42.73587417602539,45.5301399230957
2313,cut3,2313,POPC,576,76.31031036376953,75.80475616455078,82.37627410888672
2313,cut3,2313,POPC,577,9.73205280303955,192.58905029296875,95.10804748535156
2313,cut3,2313,POPC,578,57.477622985839844,189.48983764648438,86.85167694091797
2313,cut3,2313,POPC,579,141.52490234375,188.2970733642578,75.5061798095703
2313,cut3,2313,POPC,580,154.12022399902344,108.18439483642578,79.46636962890625
2313,cut3,2313,POPC,581,19.766117095947266,111.58607482910156,78.59610748291016
2313,cut3,2313,POPC,582,200.09255981445312,174.40460205078125,93.50132751464844
2313,cut3,2313,POPC,583,170.1058807373047,108.45960998535156,88.84291076660156
2313,cut3,2313,POPC,584,110.70217895507812,3.241032838821411,91.78150939941406
2313,cut3,2313,POPC,585,122.62600708007812,15.43925952911377,93.18009948730469
2313,cut3,2313,POPC,586,177.8077392578125,219.83460998535156,93.73619079589844
2313,cut3,2313,POPC,587,186.66238403320312,214.58908081054688,92.2151107788086
2313,cut3,2313,POPC,588,12.735548973083496,178.1670379638672,90.17703247070312
2313,cut3,2313,POPC,589,68.11598205566406,195.02230834960938,85.06333923339844
2313,cut3,2313,POPC,590,36.273807525634766,195.4686279296875,89.74542999267578
2313,cut3,2313,POPC,591,73.24195098876953,131.30706787109375,76.83301544189453
2313,cut3,2313,POPC,592,104.78143310546875,7.326180934906006,88.71977233886719
2313,cut3,2313,POPC,593,33.328582763671875,182.90817260742188,92.61090087890625
2313,cut3,2313,POPC,594,2.64846134185791,5.924880504608154,50.94539260864258
2313,cut3,2313,POPC,595,167.9049835205078,127.86707305908203,83.09193420410156
2313,cut3,2313,POPC,596,35.876319885253906,212.79214477539062,88.97673797607422
2313,cut3,2313,POPC,597,77.5489273071289,4.892752170562745,87.73837280273438
2313,cut3,2313,POPC,598,37.929466247558594,221.38208007812503,88.46324157714844
2313,cut3,2313,POPC,599,51.89513397216797,215.01779174804688,87.7275390625
2313,cut3,2313,POPC,600,35.62204360961914,137.0458526611328,85.59239959716797
2313,cut3,2313,POPC,601,37.37041091918945,204.31884765625,88.44239807128906
2313,cut3,2313,POPC,602,86.38127136230469,138.6425018310547,79.60636901855469
2313,cut3,2313,POPC,603,33.42625427246094,64.72821044921875,92.02523040771484
2313,cut3,2313,POPC,604,20.6822509765625,208.53753662109375,92.17372131347656
2313,cut3,2313,POPC,605,104.53108978271484,78.6993179321289,74.32817077636719
2313,cut3,2313,POPC,606,157.9969482421875,177.40130615234375,82.99281311035156
2313,cut3,2313,POPC,607,123.25447082519531,171.3384552001953,72.29837036132812
2313,cut3,2313,POPC,608,127.01288604736328,94.4390869140625,33.51118087768555
2313,cut3,2313,POPC,609,-0.13962171971797943,65.91886901855469,55.84104919433594
2313,cut3,2313,POPC,610,92.49808502197266,177.25717163085938,40.89485168457031
2313,cut3,2313,POPC,611,177.9755401611328,149.7787628173828,51.43194580078125
2313,cut3,2313,POPC,612,42.84982681274414,52.44187545776367,51.43718719482422
2313,cut3,2313,POPC,613,163.3177947998047,176.58033752441406,47.49974060058593
2313,cut3,2313,POPC,614,153.23167419433594,131.71473693847656,41.11491012573242
2313,cut3,2313,POPC,615,138.0516815185547,224.98223876953125,57.571781158447266
2313,cut3,2313,POPC,616,166.7396697998047,4.259500026702881,58.26849365234375
2313,cut3,2313,POPC,617,102.99985504150389,187.17581176757812,44.887969970703125
2313,cut3,2313,POPC,618,77.92408752441406,159.70281982421875,39.16036605834961
2313,cut3,2313,POPC,619,18.448223114013672,31.2891788482666,53.19355773925781
2313,cut3,2313,POPC,620,8.056910514831543,201.74079895019528,57.44371795654297
2313,cut3,2313,POPC,621,184.2756805419922,196.56463623046875,48.359371185302734
2313,cut3,2313,POPC,622,67.77680206298828,24.373615264892578,49.99465560913086
2313,cut3,2313,POPC,623,39.832462310791016,29.235815048217773,47.72539520263672
2313,cut3,2313,POPC,624,18.034839630126953,87.84474182128906,51.91431427001953
2313,cut3,2313,POPC,625,202.2366943359375,180.94508361816406,52.23697280883789
2313,cut3,2313,POPC,626,30.850433349609375,42.485713958740234,49.986785888671875
2313,cut3,2313,POPC,627,190.6459503173828,113.04253387451172,52.2254638671875
2313,cut3,2313,POPC,628,117.28687286376953,203.22055053710938,50.78535842895508
2313,cut3,2313,POPC,629,175.9651641845703,187.5614013671875,56.995662689208984
2313,cut3,2313,POPC,630,171.10313415527344,102.07415008544922,45.80618667602539
2313,cut3,2313,POPC,631,199.6874542236328,148.4386444091797,52.62650680541992
2313,cut3,2313,POPC,632,35.91560745239258,218.38792419433594,46.86992263793945
2313,cut3,2313,POPC,633,15.656479835510256,205.251708984375,55.87860107421875
2313,cut3,2313,POPC,634,41.04619598388672,220.41915893554688,46.75143432617188
2313,cut3,2313,POPC,635,59.68744659423828,156.18450927734375,40.12718200683594
2313,cut3,2313,POPC,636,43.59607696533203,147.96511840820312,46.94598388671876
2313,cut3,2313,POPC,637,90.54605865478516,113.48863220214844,48.697105407714844
2313,cut3,2313,POPC,638,37.09072494506836,21.042800903320312,45.95912170410156
2313,cut3,2313,POPC,639,97.15663146972656,33.29882049560547,43.734371185302734
2313,cut3,2313,POPC,640,186.95314025878906,24.5203914642334,58.78044509887695
2313,cut3,2313,POPC,641,195.43479919433594,123.97138977050781,53.926246643066406
2313,cut3,2313,POPC,642,205.5681610107422,139.9254150390625,57.27872848510742
2313,cut3,2313,POPC,643,38.67344284057617,48.59818649291992,48.504459381103516
2313,cut3,2313,POPC,644,168.24771118164062,22.050617218017578,59.44491958618164
2313,cut3,2313,POPC,645,132.93275451660156,148.08282470703125,35.315486907958984
2313,cut3,2313,POPC,646,191.19985961914062,72.67910766601562,52.64093017578125
2313,cut3,2313,POPC,647,185.8985595703125,102.77729797363281,48.120635986328125
2313,cut3,2313,POPC,648,24.852996826171875,47.368461608886726,48.97766876220703
2313,cut3,2313,POPC,649,199.16322326660156,136.1175079345703,54.812652587890625
2313,cut3,2313,POPC,650,176.0180969238281,20.69947052001953,57.92654037475586
2313,cut3,2313,POPC,651,203.43692016601562,196.28109741210938,53.34147644042969
2313,cut3,2313,POPC,652,71.92304992675781,169.6570892333984,42.42548751831055
2313,cut3,2313,POPC,653,47.40095901489258,72.25212860107422,52.00975036621094
2313,cut3,2313,POPC,654,196.09829711914062,113.76041412353516,51.809513092041016
2313,cut3,2313,POPC,655,52.37214660644531,210.91683959960938,50.12275695800781
2313,cut3,2313,POPC,656,76.55834197998047,205.08242797851562,50.28691101074219
2313,cut3,2313,POPC,657,82.55589294433594,200.42855834960938,47.98832321166992
2313,cut3,2313,POPC,658,161.67463684082028,122.74443817138672,39.95929718017578
2313,cut3,2313,POPC,659,116.2166976928711,64.09228515625,38.8437614440918
2313,cut3,2313,POPC,660,2.324467658996582,205.61065673828125,52.55575942993164
2313,cut3,2313,POPC,661,102.8090591430664,127.463134765625,39.36262130737305
2313,cut3,2313,POPC,662,56.993927001953125,67.97187805175781,45.67306900024414
2313,cut3,2313,POPC,663,38.263145446777344,170.24166870117188,52.83174133300781
2313,cut3,2313,POPC,664,46.90803909301758,21.74343490600586,45.244388580322266
2313,cut3,2313,POPC,665,67.23332977294922,12.292197227478027,47.393043518066406
2313,cut3,2313,POPC,666,59.43852233886719,174.75572204589844,50.129875183105476
2313,cut3,2313,POPC,667,48.0106201171875,168.59671020507812,52.76559066772461
2313,cut3,2313,POPC,668,102.12864685058594,216.30331420898438,51.230140686035156
2313,cut3,2313,POPC,669,122.21515655517578,138.6787109375,34.8087272644043
2313,cut3,2313,POPC,670,30.200542449951172,192.3188018798828,53.08169174194336
2313,cut3,2313,POPC,671,25.59012222290039,160.573486328125,50.75794219970703
2313,cut3,2313,POPC,672,203.3761749267578,158.88287353515625,50.18142318725585
2313,cut3,2313,POPC,673,40.86119079589844,209.766845703125,49.45700454711914
2313,cut3,2313,POPC,674,184.74737548828125,16.965328216552734,57.75790786743164
2313,cut3,2313,POPC,675,17.641666412353516,39.292850494384766,52.79302215576172
2313,cut3,2313,POPC,676,150.9277801513672,168.11555480957034,40.56473922729492
2313,cut3,2313,POPC,677,18.85869598388672,70.74064636230469,50.36004638671875
2313,cut3,2313,POPC,678,41.58906936645508,74.603759765625,54.460479736328125
2313,cut3,2313,POPC,679,64.23628234863281,48.032405853271484,49.150413513183594
2313,cut3,2313,POPC,680,109.54254150390625,0.3718017041683197,51.9127197265625
2313,cut3,2313,POPC,681,60.208030700683594,21.58369255065918,46.43964767456055
2313,cut3,2313,POPC,682,88.40705871582031,161.37997436523438,39.25611114501953
2313,cut3,2313,POPC,683,88.65985107421875,151.60577392578125,83.0239944458008
2313,cut3,2313,POPC,684,192.33346557617188,205.2334442138672,52.25615310668945
2313,cut3,2313,POPC,685,178.99990844726562,15.672104835510254,60.04214096069336
2313,cut3,2313,POPC,686,49.68370819091797,84.9084701538086,53.65625
2313,cut3,2313,POPC,687,117.14573669433594,12.684126853942871,49.67709732055664
2313,cut3,2313,POPC,688,59.29576110839844,213.5904541015625,51.104732513427734
2313,cut3,2313,POPC,689,198.63722229003906,46.590213775634766,55.26023864746094
2313,cut3,2313,POPC,690,87.16435241699219,214.61593627929688,53.565582275390625
2313,cut3,2313,POPC,691,4.2090349197387695,31.350759506225586,50.987060546875
2313,cut3,2313,POPC,692,26.85439682006836,194.6941680908203,56.213008880615234
2313,cut3,2313,POPC,693,8.534590721130371,218.97625732421875,50.69283676147461
2313,cut3,2313,POPC,694,112.43131256103516,189.28643798828125,48.30980682373047
2313,cut3,2313,POPC,695,106.65904235839844,86.63500213623047,36.05390930175781
2313,cut3,2313,POPC,696,123.19123077392578,152.10768127441406,31.000041961669922
2313,cut3,2313,POPC,697,101.9676742553711,11.130681037902832,49.09917449951172
2313,cut3,2313,POPC,698,181.11715698242188,109.823486328125,43.631019592285156
2313,cut3,2313,POPC,699,33.67717361450195,6.179171085357666,47.72323989868164
2313,cut3,2313,POPC,700,65.9276123046875,211.3797149658203,51.15979766845703
2313,cut3,2313,POPC,701,3.108017921447754,16.656375885009766,53.03404998779297
2313,cut3,2313,POPC,702,106.36487579345703,192.77987670898435,45.973670959472656
2313,cut3,2313,POPC,703,53.8277587890625,-0.6787577867507935,48.605552673339844
2313,cut3,2313,POPC,704,73.36566925048828,192.77027893066406,49.40059280395508
2313,cut3,2313,POPC,705,153.05194091796875,6.91392183303833,58.85202407836914
2313,cut3,2313,POPC,706,201.58045959472656,118.19384002685547,52.43167495727539
2313,cut3,2313,POPC,707,84.02088165283203,186.38821411132812,48.24507141113281
2313,cut3,2313,POPC,708,206.50962829589844,6.627498149871827,50.189395904541016
2313,cut3,2313,POPC,709,144.42713928222656,151.15911865234375,33.91275405883789
2313,cut3,2313,POPC,710,195.0491943359375,175.48471069335938,48.13518142700195
2313,cut3,2313,POPC,711,114.55776977539062,197.92091369628906,47.3994140625
2313,cut3,2313,POPC,712,7.873364448547363,70.72431182861328,52.597904205322266
2313,cut3,2313,POPC,713,100.96338653564453,227.27464294433594,52.9195671081543
2313,cut3,2313,POPC,714,95.94178771972656,213.98756408691406,50.322418212890625
2313,cut3,2313,POPC,715,86.54443359375,182.05352783203125,43.34140396118164
2313,cut3,2313,POPC,716,84.55447387695312,155.49525451660156,36.22833251953125
2313,cut3,2313,POPC,717,193.0918426513672,191.46014404296875,51.30818939208985
2313,cut3,2313,POPC,718,125.89059448242188,43.027828216552734,43.663475036621094
2313,cut3,2313,POPC,719,80.063720703125,-2.0638058185577393,46.91105651855469
2313,cut3,2313,POPC,720,126.80296325683594,63.99836349487305,37.50776672363281
2313,cut3,2313,POPC,721,87.58992767333984,220.62722778320312,52.23112106323242
2313,cut3,2313,POPC,722,46.80204391479492,221.98133850097656,48.8025016784668
2313,cut3,2313,POPC,723,44.00281524658203,42.55393981933594,51.936256408691406
2313,cut3,2313,POPC,724,195.54505920410156,163.3444366455078,50.0914192199707
2313,cut3,2313,POPC,725,189.3955535888672,184.03099060058594,55.39401626586914
2313,cut3,2313,POPC,726,68.95301818847656,53.14772415161133,48.92426681518555
2313,cut3,2313,POPC,727,177.13021850585938,195.5851593017578,54.373390197753906
2313,cut3,2313,POPC,728,56.305694580078125,141.5845489501953,37.049259185791016
2313,cut3,2313,POPC,729,38.32204055786133,60.272335052490234,51.155517578125
2313,cut3,2313,POPC,730,144.42906188964844,104.98477172851562,36.18768310546874
2313,cut3,2313,POPC,731,20.921962738037106,203.44085693359375,54.27051544189453
2313,cut3,2313,POPC,732,14.061348915100098,45.48390579223633,52.109642028808594
2313,cut3,2313,POPC,733,169.8657989501953,149.0029754638672,43.7150993347168
2313,cut3,2313,POPC,734,202.62728881835938,66.02057647705078,56.152366638183594
2313,cut3,2313,POPC,735,47.899742126464844,56.55319595336914,47.611690521240234
2313,cut3,2313,POPC,736,71.66949462890625,149.8298797607422,35.24614334106445
2313,cut3,2313,POPC,737,45.72146987915039,182.09201049804688,50.62508773803711
2313,cut3,2313,POPC,738,78.43772888183594,74.79570770263672,45.76072311401367
2313,cut3,2313,POPC,739,23.90048599243164,186.72923278808594,56.05408477783203
2313,cut3,2313,POPC,740,165.0155029296875,98.73261260986328,42.31876754760742
2313,cut3,2313,POPC,741,169.24658203125,140.12005615234375,47.363746643066406
2313,cut3,2313,POPC,742,92.87845611572266,44.73719024658203,41.708343505859375
2313,cut3,2313,POPC,743,1.3655996322631836,87.51219940185547,56.64876937866211
2313,cut3,2313,POPC,744,205.06411743164062,44.09901809692383,53.524349212646484
2313,cut3,2313,POPC,745,55.92991638183594,30.675912857055664,46.80799102783203
2313,cut3,2313,POPC,746,58.40721130371094,49.9185905456543,51.10023498535156
2313,cut3,2313,POPC,747,178.031494140625,127.61742401123047,50.928550720214844
2313,cut3,2313,POPC,748,73.37826538085938,-0.8624287843704224,49.61148452758789
2313,cut3,2313,POPC,749,184.08665466308594,121.62611389160156,46.36936569213867
2313,cut3,2313,POPC,750,54.86334228515625,152.39627075195312,45.14734649658203
2313,cut3,2313,POPC,751,134.81607055664062,214.76275634765625,57.32423782348633
2313,cut3,2313,POPC,752,135.46270751953125,136.130859375,36.501708984375
2313,cut3,2313,POPC,753,70.66508483886719,155.59458923339844,37.593997955322266
2313,cut3,2313,POPC,754,91.00541687011719,31.88539695739746,46.019004821777344
2313,cut3,2313,POPC,755,181.77684020996094,57.44437789916992,52.843650817871094
2313,cut3,2313,POPC,756,52.011444091796875,38.9999885559082,49.993080139160156
2313,cut3,2313,POPC,757,93.08821105957031,5.134027004241943,49.326839447021484
2313,cut3,2313,POPC,758,184.79908752441406,79.11776733398438,52.600399017333984
2313,cut3,2313,POPC,759,64.7261734008789,3.6409504413604736,49.24217224121094
2313,cut3,2313,POPC,760,53.81519317626953,170.83392333984372,51.34827423095703
2313,cut3,2313,POPC,761,124.43985748291016,10.473217964172363,50.87367630004883
2313,cut3,2313,POPC,762,103.4817886352539,56.47121047973633,37.77489471435547
2313,cut3,2313,POPC,763,75.96163940429688,82.43598175048828,50.93907928466797
2313,cut3,2313,POPC,764,88.93142700195312,57.11941909790039,50.212013244628906
2313,cut3,2313,POPC,765,122.47467803955078,59.66329574584961,36.54090118408203
2313,cut3,2313,POPC,766,77.6048355102539,9.827897071838379,43.961769104003906
2313,cut3,2313,POPC,767,176.71168518066406,63.67915725708008,52.68124771118164
2313,cut3,2313,POPC,768,56.78253173828125,196.7273406982422,49.35218811035156
2313,cut3,2313,POPC,769,32.25643539428711,200.45809936523438,49.80546951293945
2313,cut3,2313,POPC,770,102.96550750732422,73.43153381347656,44.80086135864258
2313,cut3,2313,POPC,771,91.85730743408203,192.08126831054688,45.739017486572266
2313,cut3,2313,POPC,772,9.91791820526123,36.081546783447266,52.17848587036133
2313,cut3,2313,POPC,773,154.27020263671875,149.2013397216797,38.29042053222656
2313,cut3,2313,POPC,774,202.12217712402344,24.969362258911133,53.24021911621094
2313,cut3,2313,POPC,775,2.2262182235717773,23.689672470092773,51.35849380493164
2313,cut3,2313,POPC,776,164.13771057128906,220.7105255126953,60.603214263916016
2313,cut3,2313,POPC,777,0.6967039108276367,214.43685913085938,51.652645111083984
2313,cut3,2313,POPC,778,51.012847900390625,190.28684997558594,49.69855499267578
2313,cut3,2313,POPC,779,190.5747528076172,55.29324722290039,53.76639938354492
2313,cut3,2313,POPC,780,86.37654113769531,1.8859046697616577,48.87632751464844
2313,cut3,2313,POPC,781,192.40902709960938,33.6273307800293,55.0177116394043
2313,cut3,2313,POPC,782,30.688472747802734,133.74237060546875,40.16520690917969
2313,cut3,2313,POPC,783,190.63531494140625,218.2301025390625,56.11729431152344
2313,cut3,2313,POPC,784,45.134334564208984,211.74893188476562,53.553184509277344
2313,cut3,2313,POPC,785,80.70486450195312,168.99879455566406,39.158790588378906
2313,cut3,2313,POPC,786,-1.8025455474853516,169.76934814453125,50.35881042480469
2313,cut3,2313,POPC,787,109.98295593261719,106.04535675048828,41.36084747314453
2313,cut3,2313,POPC,788,34.234825134277344,111.08116912841797,48.17634582519531
2313,cut3,2313,POPC,789,178.3659210205078,168.64761352539062,51.9705696105957
2313,cut3,2313,POPC,790,11.302268028259277,132.74520874023438,56.48905563354492
2313,cut3,2313,POPC,791,47.901851654052734,8.278279304504395,46.56330490112305
2313,cut3,2313,POPC,792,42.632835388183594,149.4822998046875,84.10287475585938
2313,cut3,2313,POPC,793,38.62915802001953,201.0965118408203,51.52029800415039
2313,cut3,2313,POPC,794,56.90044403076172,15.500725746154785,47.67838668823242
2313,cut3,2313,POPC,795,174.00291442871094,119.67060089111328,45.55678939819336
2313,cut3,2313,POPC,796,182.1241455078125,85.41918182373047,50.0366096496582
2313,cut3,2313,POPC,797,66.0931625366211,166.29969787597656,42.45492172241211
2313,cut3,2313,POPC,798,196.5560760498047,28.03631019592285,55.587432861328125
2313,cut3,2313,POPC,799,-3.336994171142578,77.39656829833984,56.36022186279297
2313,cut3,2313,POPC,800,147.07168579101562,131.65797424316406,37.56357192993164
2313,cut3,2313,POPC,801,13.784470558166504,181.7554168701172,54.701473236083984
2313,cut3,2313,POPC,802,76.40287780761719,28.10700035095215,47.388832092285156
2313,cut3,2313,POPC,803,11.893757820129393,93.91607666015625,54.67265319824219
2313,cut3,2313,POPC,804,60.68377685546875,181.56741333007812,50.471343994140625
2313,cut3,2313,POPC,805,192.6466522216797,24.458660125732422,55.4620361328125
2313,cut3,2313,POPC,806,1.2872800827026367,222.81527709960938,49.90060806274414
2313,cut3,2313,POPC,807,87.58893585205078,47.4213981628418,43.88633728027344
2313,cut3,2313,POPC,808,133.4710693359375,12.748307228088379,50.65230178833008
2313,cut3,2313,POPC,809,62.20356750488281,191.1839599609375,50.980560302734375
2313,cut3,2313,POPC,810,82.7510986328125,211.31394958496094,52.397953033447266
2313,cut3,2313,POPC,811,45.35089111328125,194.31076049804688,49.85406494140625
2313,cut3,2313,POPC,812,76.56848907470703,48.207122802734375,49.713050842285156
2313,cut3,2313,POPC,813,195.4784393310547,220.50888061523438,53.5123291015625
2313,cut3,2313,POPC,814,69.63223266601562,186.93972778320312,48.16389083862305
2313,cut3,2313,POPC,815,176.2089385986328,7.399112224578857,57.15528106689453
2313,cut3,2313,POPC,816,210.47137451171875,92.63572692871094,58.445709228515625
2313,cut3,2313,POPC,817,23.934730529785156,65.59436798095703,51.29348373413086
2313,cut3,2313,POPC,818,47.32097625732422,62.64850997924805,48.776607513427734
2313,cut3,2313,POPC,819,187.40721130371094,212.20066833496094,55.623268127441406
2313,cut3,2313,POPC,820,82.43180847167969,58.14810562133789,46.108802795410156
2313,cut3,2313,POPC,821,12.780064582824707,51.51329040527344,53.41245651245117
2313,cut3,2313,POPC,822,114.2864990234375,2.240539789199829,53.01717758178711
2313,cut3,2313,POPC,823,161.60360717773438,165.16014099121094,40.7291259765625
2313,cut3,2313,POPC,824,1.0788936614990234,80.20620727539062,54.47505187988281
2313,cut3,2313,POPC,825,122.95143127441406,85.11528015136719,32.045066833496094
2313,cut3,2313,POPC,826,37.422122955322266,190.06939697265625,50.67451477050781
2313,cut3,2313,POPC,827,68.15113830566406,200.49595642089844,47.48520278930664
2313,cut3,2313,POPC,828,57.396484375,186.12548828125,50.93689727783203
2313,cut3,2313,POPC,829,49.83583068847656,135.85012817382812,40.51637649536133
2313,cut3,2313,POPC,830,194.967041015625,141.94772338867188,54.99781799316406
2313,cut3,2313,POPC,831,41.872982025146484,78.71465301513672,49.52341842651367
2313,cut3,2313,POPC,832,41.0643196105957,65.93474578857422,50.47742462158203
2313,cut3,2313,POPC,833,21.77031707763672,82.3466567993164,49.01349639892578
2313,cut3,2313,POPC,834,14.47603702545166,152.60150146484375,50.16312789916992
2313,cut3,2313,POPC,835,14.804633140563965,159.47418212890625,51.91364288330078
2313,cut3,2313,POPC,836,46.80803680419922,158.95631408691406,55.46772003173828
2313,cut3,2313,POPC,837,190.00634765625,174.59230041503906,46.85307693481445
2313,cut3,2313,POPC,838,188.7744598388672,141.80589294433594,56.01488494873047
2313,cut3,2313,POPC,839,75.11860656738281,132.4436798095703,39.43016815185547
2313,cut3,2313,POPC,840,60.655479431152344,146.14651489257815,38.14439392089844
2313,cut3,2313,POPC,841,88.41027069091797,197.0636444091797,46.85402297973633
2313,cut3,2313,POPC,842,119.22699737548828,26.27630043029785,48.36650085449219
2313,cut3,2313,POPC,843,84.48797607421875,21.124557495117188,45.50508499145508
2313,cut3,2313,POPC,844,149.21969604492188,119.31936645507812,35.493385314941406
2313,cut3,2313,POPC,845,49.64513397216797,141.32801818847656,42.90229415893555
2313,cut3,2313,POPC,846,12.593245506286621,12.372820854187012,49.99206924438477
2313,cut3,2313,POPC,847,100.77262878417969,98.99099731445312,39.81892013549805
2313,cut3,2313,POPC,848,60.104286193847656,201.0930633544922,48.742191314697266
2313,cut3,2313,POPC,849,169.956298828125,27.515844345092773,60.31645584106445
2313,cut3,2313,POPC,850,68.88023376464844,40.738033294677734,46.17050552368164
2313,cut3,2313,POPC,851,113.46101379394531,23.72291374206543,49.156883239746094
2313,cut3,2313,POPC,852,196.5872039794922,77.5721206665039,53.60285186767578
2313,cut3,2313,POPC,853,14.715088844299316,75.789306640625,53.24048614501953
2313,cut3,2313,POPC,854,10.82994556427002,1.5845826864242554,50.825077056884766
2313,cut3,2313,POPC,855,126.5750732421875,20.285934448242188,51.04228591918945
2313,cut3,2313,POPC,856,176.26837158203125,103.94584655761719,44.65263748168945
2313,cut3,2313,POPC,857,172.05108642578125,149.65982055664062,50.524505615234375
2313,cut3,2313,POPC,858,118.6207504272461,223.69033813476562,50.189205169677734
2313,cut3,2313,POPC,859,25.040252685546875,41.95624923706055,50.97477722167969
2313,cut3,2313,POPC,860,28.158828735351562,214.8018341064453,49.0982666015625
2313,cut3,2313,POPC,861,202.71917724609375,127.43460083007812,49.2654914855957
2313,cut3,2313,POPC,862,182.6535186767578,45.972267150878906,53.948997497558594
2313,cut3,2313,POPC,863,92.3424072265625,183.52786254882812,42.422027587890625
2313,cut3,2313,POPC,864,105.0660400390625,81.39968872070314,39.60930252075195
2313,cut3,2313,POPC,865,101.19739532470703,36.87409591674805,46.71242141723633
2313,cut3,2313,POPC,866,207.49468994140625,164.52777099609375,50.951053619384766
2313,cut3,2313,POPC,867,8.071879386901855,184.35765075683594,55.067039489746094
2313,cut3,2313,POPC,868,35.194915771484375,213.220703125,48.16576385498047
2313,cut3,2313,POPC,869,150.42079162597656,139.6328125,40.75720977783203
2313,cut3,2313,POPC,870,12.119452476501465,187.60272216796875,56.34391403198242
2313,cut3,2313,POPC,871,32.03878402709961,25.607114791870117,47.645545959472656
2313,cut3,2313,POPC,872,71.28700256347656,211.13978576660156,50.981998443603516
2313,cut3,2313,POPC,873,48.55966567993164,32.101966857910156,49.41061782836914
2313,cut3,2313,POPC,874,52.70404815673828,23.663145065307617,48.6862907409668
2313,cut3,2313,POPC,875,108.80171203613281,8.014679908752441,50.66184997558594
2313,cut3,2313,POPC,876,51.24322509765625,184.8590087890625,51.873233795166016
2313,cut3,2313,POPC,877,190.49330139160156,1.8358625173568726,52.559635162353516
2313,cut3,2313,POPC,878,176.0839385986328,90.00591278076172,49.45782470703125
2313,cut3,2313,POPC,879,66.80733489990234,34.745670318603516,46.592201232910156
2313,cut3,2313,POPC,880,131.0756378173828,89.94657897949219,33.14140319824219
2313,cut3,2313,POPC,881,49.66289520263672,44.36554718017578,48.984230041503906
2313,cut3,2313,POPC,882,196.76744079589844,88.34303283691406,51.62565231323242
2313,cut3,2313,POPC,883,175.19793701171872,213.2616424560547,60.06496810913086
2313,cut3,2313,POPC,884,189.35977172851562,84.19449615478516,50.54308319091797
2313,cut3,2313,POPC,885,36.04714584350586,9.957764625549316,43.17818832397461
2313,cut3,2313,POPC,886,31.543174743652344,157.4680938720703,50.897369384765625
2313,cut3,2313,POPC,887,76.55921936035156,215.37939453125,48.84825134277344
2313,cut3,2313,POPC,888,4.210249900817871,59.218021392822266,52.97089767456055
2313,cut3,2313,POPC,889,115.68037414550781,124.35577392578125,38.02274703979492
2313,cut3,2313,POPC,890,17.265613555908203,133.73785400390625,47.90925216674805
2313,cut3,2313,POPC,891,5.7570390701293945,40.84170913696289,50.91435241699219
2313,cut3,2313,POPC,892,205.7236785888672,97.50700378417969,55.77688217163086
2313,cut3,2313,POPC,893,169.1767578125,171.2440643310547,45.03679275512695
2313,cut3,2313,POPC,894,49.25864410400391,176.27639770507812,54.22323226928711
2313,cut3,2313,POPC,895,54.25801086425781,162.76065063476562,48.08695983886719
2313,cut3,2313,POPC,896,194.8644256591797,211.10157775878906,53.85676574707031
2313,cut3,2313,POPC,897,69.95600128173828,65.56216430664062,48.61365509033203
2313,cut3,2313,POPC,898,51.82344055175781,127.63168334960938,38.30460739135742
2313,cut3,2313,POPC,899,182.86988830566406,65.79144287109375,53.76498794555664
2313,cut3,2313,POPC,900,209.65817260742188,11.98828411102295,53.467201232910156
2313,cut3,2313,POPC,901,206.75355529785156,20.031803131103516,52.501121520996094
2313,cut3,2313,POPC,902,73.69426727294922,73.65802764892578,46.72532653808594
2313,cut3,2313,POPC,903,94.84398651123047,208.23635864257812,48.15028762817383
2313,cut3,2313,POPC,904,51.62109374999999,148.40167236328125,49.37368392944336
2313,cut3,2313,POPC,905,36.375858306884766,183.4877166748047,49.28916168212891
2313,cut3,2313,POPC,906,202.01577758789062,74.0593490600586,58.133628845214844
2313,cut3,2313,POPC,907,17.96338653564453,10.19690227508545,49.622825622558594
2313,cut3,2313,POPC,908,192.4052734375,66.39167785644531,54.957069396972656
2313,cut3,2313,POPC,909,59.167388916015625,117.6153793334961,36.87611770629883
2313,cut3,2313,POPC,910,112.41520690917969,53.4582405090332,37.552120208740234
2313,cut3,2313,POPC,911,109.36363220214844,203.1287841796875,47.82878494262695
2313,cut3,2313,POPC,912,200.9689483642578,108.75302124023438,55.59822082519531
2313,cut3,2313,POPC,913,34.630714416503906,34.664859771728516,51.10929489135742
2313,cut3,2313,POPC,914,128.53421020507812,39.35102844238281,46.36418533325195
2313,cut3,2313,POPC,915,38.54649353027344,142.3957977294922,40.89406204223633
2313,cut3,2313,POPC,916,92.23797607421875,-1.4301892518997192,51.21678161621094
2313,cut3,2313,POPC,917,158.10972595214844,113.32299041748047,35.74081802368164
2313,cut3,2313,POPC,918,7.564164161682129,212.810546875,53.4023551940918
2313,cut3,2313,POPC,919,31.197010040283203,165.17251586914065,54.22233200073242
2313,cut3,2313,POPC,920,51.05967712402344,157.3459930419922,45.95615005493164
2313,cut3,2313,POPC,921,60.7874755859375,60.55659103393555,47.6960334777832
2313,cut3,2313,POPC,922,173.514892578125,43.47835159301758,57.7162971496582
2313,cut3,2313,POPC,923,176.18722534179688,97.25117492675781,49.882572174072266
2313,cut3,2313,POPC,924,166.20957946777344,95.85626983642578,48.5862922668457
2313,cut3,2313,POPC,925,53.31835174560547,8.778990745544434,47.860633850097656
2313,cut3,2313,POPC,926,7.186310768127441,12.849026679992676,53.584014892578125
2313,cut3,2313,POPC,927,108.37194061279297,16.485130310058594,49.11663818359375
2313,cut3,2313,POPC,928,26.181964874267578,130.21534729003906,44.893211364746094
2313,cut3,2313,POPC,929,76.35070037841797,66.05857849121094,50.96034622192383
2313,cut3,2313,POPC,930,74.43807220458984,19.825782775878906,46.00945281982422
2313,cut3,2313,POPC,931,196.40635681152344,56.56618881225586,54.10388565063477
2313,cut3,2313,POPC,932,205.59652709960938,90.0417251586914,55.664451599121094
2313,cut3,2313,POPC,933,191.0045166015625,46.15483093261719,56.67526626586914
2313,cut3,2313,POPC,934,59.95008850097656,6.732737064361572,50.02043914794922
2313,cut3,2313,POPC,935,210.69923400878906,51.9454231262207,51.194522857666016
2313,cut3,2313,POPC,936,119.7612075805664,51.98448944091797,40.04383850097656
2313,cut3,2313,POPC,937,181.98001098632812,1.827149748802185,58.01133728027344
2313,cut3,2313,POPC,938,86.35901641845703,118.81954193115234,42.54007339477539
2313,cut3,2313,POPC,939,100.61564636230469,20.044418334960938,48.14693832397461
2313,cut3,2313,POPC,940,194.62197875976565,13.920414924621582,54.048152923583984
2313,cut3,2313,POPC,941,203.67465209960935,52.47332763671875,55.770992279052734
2313,cut3,2313,POPC,942,102.07825469970703,199.84115600585938,48.110477447509766
2313,cut3,2313,POPC,943,165.359619140625,85.63114166259766,43.7834587097168
2313,cut3,2313,POPC,944,173.1958465576172,124.97640991210938,46.16659927368164
2313,cut3,2313,POPC,945,17.152942657470703,0.9697383642196655,48.009246826171875
2313,cut3,2313,POPC,946,207.55760192871094,209.3282012939453,52.439735412597656
2313,cut3,2313,POPC,947,12.878575325012207,195.51527404785156,56.018306732177734
2313,cut3,2313,POPC,948,124.66315460205078,77.31671905517578,35.754852294921875
2313,cut3,2313,POPC,949,64.8022689819336,107.93470764160156,36.63420867919922
2313,cut3,2313,POPC,950,73.66429138183594,39.471466064453125,47.50918960571289
2313,cut3,2313,POPC,951,20.496997833251953,193.5233917236328,55.32879638671875
2313,cut3,2313,POPC,952,167.47291564941406,10.953902244567871,56.481388092041016
2313,cut3,2313,POPC,953,17.83325958251953,24.41244125366211,50.17230987548828
2313,cut3,2313,POPC,954,21.46991729736328,172.7313690185547,58.91191482543945
2313,cut3,2313,POPC,955,79.34748840332031,123.87792205810547,37.82461547851562
2313,cut3,2313,POPC,956,187.17652893066406,40.90679931640625,54.05320739746094
2313,cut3,2313,POPC,957,190.51918029785156,137.05421447753906,52.186744689941406
2313,cut3,2313,POPC,958,180.9921112060547,92.30020141601562,48.52995300292969
2313,cut3,2313,POPC,959,65.1384506225586,77.11611938476562,47.945186614990234
2313,cut3,2313,POPC,960,44.443111419677734,202.71377563476562,49.85181427001953
2313,cut3,2313,POPC,961,78.53545379638672,188.2423095703125,48.8272590637207
2313,cut3,2313,POPC,962,147.0571746826172,13.179560661315918,58.08060836791992
2313,cut3,2313,POPC,963,29.542938232421875,76.2732925415039,50.060970306396484
2313,cut3,2313,POPC,964,38.36382293701172,156.51129150390625,50.97002410888672
2313,cut3,2313,POPC,965,155.8605194091797,123.6330795288086,37.23508834838867
2313,cut3,2313,POPC,966,211.60855102539062,131.80853271484375,48.102325439453125
2313,cut3,2313,POPC,967,136.02618408203125,46.20439910888672,37.8817024230957
2313,cut3,2313,POPC,968,24.965484619140625,154.5833740234375,48.7186164855957
2313,cut3,2313,POPC,969,102.5123062133789,95.34735107421875,35.675689697265625
2313,cut3,2313,POPC,970,44.90798568725586,34.457706451416016,52.41310501098633
2313,cut3,2313,POPC,971,143.6231231689453,143.5690155029297,37.425018310546875
2313,cut3,2313,POPC,972,13.52055835723877,31.0170955657959,53.02825164794922
2313,cut3,2313,POPC,973,103.73550415039062,114.79029083251953,45.351200103759766
2313,cut3,2313,POPC,974,174.93467712402344,133.7731475830078,51.78767395019531
2313,cut3,2313,POPC,975,25.827594757080078,6.275689601898193,47.095497131347656
2313,cut3,2313,POPC,976,189.29086303710938,157.93597412109375,52.422645568847656
2313,cut3,2313,POPC,977,133.55145263671875,4.22842264175415,52.74378967285156
2313,cut3,2313,POPC,978,198.14161682128906,201.94264221191406,52.261043548583984
2313,cut3,2313,POPC,979,84.99111938476562,14.950667381286621,47.98167037963867
2313,cut3,2313,POPC,980,206.99237060546875,69.51315307617188,55.55517578125
2313,cut3,2313,POPC,981,213.78167724609375,181.87588500976562,54.5634880065918
2313,cut3,2313,POPC,982,61.27938079833985,219.0677947998047,49.562705993652344
2313,cut3,2313,POPC,983,23.563682556152344,141.01971435546875,44.89257049560547
2313,cut3,2313,POPC,984,53.968971252441406,104.59968566894531,46.442481994628906
2313,cut3,2313,POPC,985,165.2814483642578,107.60438537597656,37.18840408325195
2313,cut3,2313,POPC,986,16.85729217529297,175.4652557373047,55.099334716796875
2313,cut3,2313,POPC,987,144.91429138183594,85.43968963623047,41.13340759277344
2313,cut3,2313,POPC,988,183.37734985351562,136.72689819335938,53.42286682128906
2313,cut3,2313,POPC,989,175.8339080810547,80.59156036376953,46.4339485168457
2313,cut3,2313,POPC,990,170.68495178222653,69.99000549316406,49.94786834716797
2313,cut3,2313,POPC,991,198.26950073242188,40.26545715332031,55.80246353149414
2313,cut3,2313,POPC,992,28.898708343505863,18.28444480895996,50.9478759765625
2313,cut3,2313,POPC,993,112.28680419921875,207.9895477294922,49.567157745361335
2313,cut3,2313,POPC,994,181.7053985595703,143.97125244140625,52.07016372680664
2313,cut3,2313,POPC,995,148.46017456054688,19.735187530517578,58.97441482543945
2313,cut3,2313,POPC,996,118.92845916748047,217.0503387451172,49.688201904296875
2313,cut3,2313,POPC,997,177.5634002685547,46.990333557128906,57.57366180419922
2313,cut3,2313,POPC,998,208.81881713867188,34.61997985839844,52.275657653808594
2313,cut3,2313,POPC,999,111.09536743164062,79.49475860595703,38.37752151489258
2313,cut3,2313,POPC,1000,72.47483825683594,201.95912170410156,52.29280853271485
2313,cut3,2313,POPC,1001,201.17965698242188,172.94451904296875,50.39301300048828
2313,cut3,2313,POPC,1002,131.63577270507812,219.5165252685547,55.78108596801758
2313,cut3,2313,POPC,1003,187.49008178710938,12.397086143493652,54.73555374145508
2313,cut3,2313,POPC,1004,182.2506866455078,32.84059143066406,57.25922393798828
2313,cut3,2313,POPC,1005,208.1864471435547,184.67942810058594,54.827457427978516
2313,cut3,2313,POPC,1006,180.8771209716797,215.51046752929688,57.42741394042969
2313,cut3,2313,POPC,1007,216.2745361328125,156.61981201171875,51.977378845214844
2313,cut3,2313,POPC,1008,76.86820220947266,34.100711822509766,45.684349060058594
2313,cut3,2313,POPC,1009,15.388073921203613,168.28465270996094,53.345848083496094
2313,cut3,2313,POPC,1010,80.91488647460938,83.02864074707031,47.8529167175293
2313,cut3,2313,POPC,1011,103.38125610351562,206.23255920410156,48.55530548095703
2313,cut3,2313,POPC,1012,34.76628112792969,78.87169647216795,51.375144958496094
2313,cut3,2313,POPC,1013,78.86602783203125,151.05320739746094,36.40068817138672
2313,cut3,2313,POPC,1014,155.65834045410156,212.0548095703125,60.115299224853516
2313,cut3,2313,POPC,1015,126.01502990722656,134.62655639648438,35.648773193359375
2313,cut3,2313,POPC,1016,177.85594177246094,157.9346160888672,53.899757385253906
2313,cut3,2313,POPC,1017,199.2030487060547,102.75174713134766,56.04443359375
2313,cut3,2313,POPC,1018,199.79574584960938,94.34905242919922,53.227481842041016
2313,cut3,2313,POPC,1019,38.81785202026367,177.1751708984375,51.542388916015625
2313,cut3,2313,POPC,1020,176.78672790527344,113.9599838256836,42.36943817138672
2313,cut3,2313,POPC,1021,13.099135398864746,137.15989685058594,50.892269134521484
2313,cut3,2313,POPC,1022,23.75412368774414,74.59776306152344,50.44523620605469
2313,cut3,2313,POPC,1023,173.55044555664062,220.71006774902344,57.02703094482422
2313,cut3,2313,POPC,1024,27.439884185791016,54.462974548339844,49.87783432006836
2313,cut3,2313,POPC,1025,194.35125732421875,106.05427551269533,53.29539108276367
2313,cut3,2313,POPC,1026,39.505985260009766,164.31762695312503,52.77662658691406
2313,cut3,2313,POPC,1027,117.87922668457031,210.5515899658203,50.7659797668457
2313,cut3,2313,POPC,1028,98.46952819824219,52.65860366821289,43.406272888183594
2313,cut3,2313,POPC,1029,74.82599639892578,180.70883178710938,48.23179244995117
2313,cut3,2313,POPC,1030,185.5475616455078,72.59577941894531,51.145347595214844
2313,cut3,2313,POPC,1031,65.63424682617188,170.9274139404297,47.56659698486328
2313,cut3,2313,POPC,1032,137.89990234375,33.36134719848633,47.946834564208984
2313,cut3,2313,POPC,1033,101.33777618408203,90.28865814208984,40.11931228637695
2313,cut3,2313,POPC,1034,59.56108856201172,73.22218322753906,44.29491424560547
2313,cut3,2313,POPC,1035,157.3715057373047,108.43382263183594,30.68600082397461
2313,cut3,2313,POPC,1036,127.54402160644531,54.86214828491211,39.29563903808594
2313,cut3,2313,POPC,1037,80.47892761230469,180.19761657714844,42.3521728515625
2313,cut3,2313,POPC,1038,86.20249176025392,204.32962036132812,50.67951202392578
2313,cut3,2313,POPC,1039,181.88612365722656,189.1629180908203,53.9958381652832
2313,cut3,2313,POPC,1040,177.1485137939453,161.7689208984375,50.07625198364258
2313,cut3,2313,POPC,1041,95.26953125,57.906192779541016,48.672874450683594
2313,cut3,2313,POPC,1042,212.69989013671875,189.14439392089844,52.831539154052734
2313,cut3,2313,POPC,1043,7.370854377746582,63.58922958374023,54.68952178955078
2313,cut3,2313,POPC,1044,84.04954528808594,29.92307472229004,45.84674072265625
2313,cut3,2313,POPC,1045,64.8372573852539,130.966796875,39.402069091796875
2313,cut3,2313,POPC,1046,192.94332885742188,199.36021423339844,48.49831008911133
2313,cut3,2313,POPC,1047,52.24879455566406,52.98522567749024,49.343990325927734
2313,cut3,2313,POPC,1048,185.96597290039062,147.94935607910153,50.50720214843749
2313,cut3,2313,POPC,1049,159.39996337890625,144.7480010986328,36.99517822265625
2313,cut3,2313,POPC,1050,29.204254150390625,31.66214942932129,53.0677375793457
2313,cut3,2313,POPC,1051,68.2907485961914,181.34457397460938,48.990386962890625
2313,cut3,2313,POPC,1052,9.36279010772705,20.48259162902832,50.33541488647461
2313,cut3,2313,POPC,1053,111.7198715209961,158.27615356445312,33.54305648803711
2313,cut3,2313,POPC,1054,202.6089324951172,81.10313415527344,56.74238586425781
2313,cut3,2313,POPC,1055,71.63505554199219,58.12018966674805,49.147926330566406
2313,cut3,2313,POPC,1056,126.4301528930664,216.49346923828125,54.39337921142578
2313,cut3,2313,POPC,1057,145.4095916748047,114.0676040649414,31.7587890625
2313,cut3,2313,POPC,1058,190.21051025390625,127.90023040771484,52.926612854003906
2313,cut3,2313,POPC,1059,93.50306701660155,16.090150833129883,49.485809326171875
2313,cut3,2313,POPC,1060,122.86200714111328,30.325044631958008,50.098506927490234
2313,cut3,2313,POPC,1061,17.391918182373047,212.62637329101562,53.913028717041016
2313,cut3,2313,POPC,1062,200.56455993652344,213.0546417236328,52.2507209777832
2313,cut3,2313,POPC,1063,202.4969940185547,14.937249183654785,53.5960807800293
2313,cut3,2313,POPC,1064,92.72053527832031,77.75965881347656,49.389591217041016
2313,cut3,2313,POPC,1065,23.640270233154297,22.339244842529297,54.97890090942383
2313,cut3,2313,POPC,1066,71.59982299804688,175.55181884765625,46.578006744384766
2313,cut3,2313,POPC,1067,11.142979621887207,208.2492218017578,53.66695022583008
2313,cut3,2313,POPC,1068,124.85087585449219,159.6022491455078,39.20838928222656
2313,cut3,2313,POPC,1069,176.82641601562503,70.11176300048828,50.5083122253418
2313,cut3,2313,POPC,1070,45.71333312988281,14.679123878479004,44.51760482788086
2313,cut3,2313,POPC,1071,208.26206970214844,216.42132568359375,50.605838775634766
2313,cut3,2313,POPC,1072,70.23401641845703,160.81613159179685,41.979000091552734
2313,cut3,2313,POPC,1073,37.552066802978516,87.99946594238281,53.066646575927734
2313,cut3,2313,POPC,1074,33.26057052612305,170.64851379394534,55.19706726074219
2313,cut3,2313,POPC,1075,159.25294494628906,217.33250427246094,62.241512298583984
2313,cut3,2313,POPC,1076,23.959964752197266,168.33273315429688,52.39690780639648
2313,cut3,2313,POPC,1077,197.53565979003906,20.493587493896484,55.13758087158203
2313,cut3,2313,POPC,1078,54.787986755371094,216.39260864257812,50.927982330322266
2313,cut3,2313,POPC,1079,180.16456604003906,208.229736328125,53.70741653442383
2313,cut3,2313,POPC,1080,29.429824829101562,209.07496643066406,48.56316375732422
2313,cut3,2313,POPC,1081,198.19107055664062,1.0655254125595093,53.85212707519531
2313,cut3,2313,POPC,1082,168.9978485107422,129.67344665527344,48.96822738647461
2313,cut3,2313,POPC,1083,97.00625610351562,61.431209564208984,44.62504196166992
2313,cut3,2313,POPC,1084,106.6256103515625,51.997520446777344,40.926998138427734
2313,cut3,2313,POPC,1085,161.31466674804688,137.11209106445312,45.860862731933594
2313,cut3,2313,POPC,1086,127.99883270263672,1.5617316961288452,53.64415740966797
2313,cut3,2313,POPC,1087,59.77128601074219,111.29401397705078,39.00197982788086
2313,cut3,2313,POPC,1088,128.23532104492188,153.81626892089844,37.286197662353516
2313,cut3,2313,POPC,1089,24.957717895507812,59.09453201293945,51.295169830322266
2313,cut3,2313,POPC,1090,14.659140586853027,60.804561614990234,53.31190490722656
2313,cut3,2313,POPC,1091,113.81136322021484,147.24656677246094,34.70518493652344
2313,cut3,2313,POPC,1092,202.30148315429688,34.97663497924805,54.117759704589844
2313,cut3,2313,POPC,1093,95.37286376953125,66.88387298583984,49.02301788330078
2313,cut3,2313,POPC,1094,69.07122802734375,18.044130325317383,49.88838577270508
2313,cut3,2313,POPC,1095,29.229713439941406,149.93441772460938,46.0609245300293
2313,cut3,2313,POPC,1096,178.46688842773438,202.11004638671875,53.60926818847656
2313,cut3,2313,POPC,1097,18.152542114257812,46.26955795288086,55.15679168701171
2313,cut3,2313,POPC,1098,166.95860290527344,135.29542541503906,50.05073547363281
2313,cut3,2313,POPC,1099,35.85628128051757,53.95479965209961,50.508636474609375
2313,cut3,2313,POPC,1100,28.587127685546875,85.24341583251953,52.291587829589844
2313,cut3,2313,POPC,1101,79.92790222167969,145.94915771484375,34.74347686767578
2313,cut3,2313,POPC,1102,106.67804718017578,24.129730224609375,47.87651824951172
2313,cut3,2313,POPC,1103,187.16319274902344,96.46627044677734,48.39759063720703
2313,cut3,2313,POPC,1104,83.11016845703125,6.969686985015869,48.39886474609375
2313,cut3,2313,POPC,1105,94.41645812988281,118.27550506591797,47.91984558105469
2313,cut3,2313,POPC,1106,-0.1528625339269638,46.291751861572266,51.232330322265625
2313,cut3,2313,POPC,1107,82.1133346557617,64.96163940429688,49.725250244140625
2313,cut3,2313,POPC,1108,172.04580688476562,110.07221221923828,40.633670806884766
2313,cut3,2313,SAPI,1109,142.99615478515625,8.007959365844727,53.44666290283203
2313,cut3,2313,SAPI,1110,70.92420959472656,138.75205993652344,37.9333610534668
2313,cut3,2313,SAPI,1111,130.805419921875,26.839223861694336,53.46691131591797
2313,cut3,2313,SAPI,1112,173.1622314453125,31.808591842651367,57.42241287231445
2313,cut3,2313,SAPI,1113,36.58278274536133,133.5725555419922,43.370079040527344
2313,cut3,2313,SAPI,1114,4.559887886047363,195.6785888671875,56.40689468383789
2313,cut3,2313,SAPI,1115,203.1123504638672,144.76632690429688,56.13468933105469
2313,cut3,2313,SAPI,1116,130.8004608154297,138.5903778076172,31.959819793701172
2313,cut3,2313,SAPI,1117,37.266029357910156,149.7003936767578,48.30571746826172
2313,cut3,2313,SAPI,1118,105.01991271972656,182.06024169921875,40.94300079345703
2313,cut3,2313,SAPI,1119,102.07506561279297,47.1263542175293,43.88105392456055
2313,cut3,2313,SAPI,1120,164.67062377929688,15.488944053649902,60.6482048034668
2313,cut3,2313,SAPI,1121,140.1155548095703,121.39434051513672,35.5766487121582
2313,cut3,2313,SAPI,1122,185.80335998535156,5.269620418548584,54.21843719482422
2313,cut3,2313,SAPI,1123,168.049072265625,80.32695770263672,45.92682647705078
2313,cut3,2313,SAPI,1124,78.07662200927734,55.38963317871094,49.552764892578125
2313,cut3,2313,SAPI,1125,168.5444793701172,182.61585998535156,51.094627380371094
2313,cut3,2313,SAPI,1126,84.85308837890625,77.6678237915039,45.95231246948242
2313,cut3,2313,SAPI,1127,161.90252685546875,155.86097717285156,37.01291275024414
2313,cut3,2313,SAPI,1128,7.727622032165527,88.87370300292969,48.688621520996094
2313,cut3,2313,SAPI,1129,139.1387481689453,113.2386703491211,30.94048309326172
2313,cut3,2313,SAPI,1130,159.2058563232422,91.18461608886719,45.046142578125
2313,cut3,2313,SAPI,1131,3.7042455673217773,93.33262634277344,55.21070098876953
2313,cut3,2313,SAPI,1132,213.8379364013672,164.04722595214844,50.92301940917969
2313,cut3,2313,SAPI,1133,24.271373748779297,14.940703392028809,50.100162506103516
2313,cut3,2313,SAPI,1134,172.6651611328125,49.7525520324707,56.404056549072266
2313,cut3,2313,SAPI,1135,102.76968383789062,173.26019287109375,36.92805099487305
2313,cut3,2313,SAPI,1136,127.04292297363281,208.1776123046875,52.97018051147461
2313,cut3,2313,SAPI,1137,121.01876068115234,147.1959228515625,32.98322296142578
2313,cut3,2313,SAPI,1138,158.26837158203125,13.652979850769043,59.823612213134766
2313,cut3,2313,SAPI,1139,98.64468383789062,78.4281234741211,44.94150161743164
2313,cut3,2313,SAPI,1140,109.468505859375,216.72552490234375,49.487205505371094
2313,cut3,2313,SAPI,1141,197.38604736328125,186.3397216796875,51.67210006713867
2313,cut3,2313,SAPI,1142,80.39414978027344,194.78208923339844,46.69002151489257
2313,cut3,2313,SAPI,1143,149.5458984375,222.244384765625,57.5945930480957
2313,cut3,2313,SAPI,1144,140.41639709472656,129.53248596191406,33.87702560424805
2313,cut3,2313,SAPI,1145,67.75884246826172,121.3567886352539,36.96813201904297
