,System,Frame,Resname,Resnum,X,Y,Z
5988,cut3,5988,POPC,0,10.827129364013672,147.13128662109375,77.78131103515625
5988,cut3,5988,POPC,1,46.2518424987793,174.52989196777344,83.80672454833984
5988,cut3,5988,POPC,2,191.91683959960938,49.683746337890625,89.78739166259766
5988,cut3,5988,POPC,3,204.36866760253906,166.8927764892578,82.40547943115234
5988,cut3,5988,POPC,4,-0.044557131826877594,162.1730194091797,81.54682922363281
5988,cut3,5988,POPC,5,175.02073669433594,188.80030822753906,80.30396270751953
5988,cut3,5988,POPC,6,131.70159912109375,165.91563415527344,71.60208892822266
5988,cut3,5988,POPC,7,8.752418518066406,74.12743377685547,96.206787109375
5988,cut3,5988,POPC,8,7.0660881996154785,10.68394660949707,87.42061614990234
5988,cut3,5988,POPC,9,172.86767578125,159.38401794433594,77.33136749267578
5988,cut3,5988,POPC,10,23.516498565673828,126.2984390258789,79.48976135253906
5988,cut3,5988,POPC,11,177.24375915527344,130.13894653320312,87.50016021728516
5988,cut3,5988,POPC,12,61.09634017944336,134.4307861328125,78.16574096679688
5988,cut3,5988,POPC,13,178.6367950439453,1.157637357711792,93.606689453125
5988,cut3,5988,POPC,14,144.37933349609375,168.8076629638672,69.80602264404297
5988,cut3,5988,POPC,15,171.00106811523438,189.4197540283203,75.10735321044922
5988,cut3,5988,POPC,16,50.95821762084961,147.83145141601562,79.2791519165039
5988,cut3,5988,POPC,17,111.13739013671875,99.38091278076172,80.92398071289062
5988,cut3,5988,POPC,18,44.92690658569336,162.0982666015625,78.91325378417969
5988,cut3,5988,POPC,19,128.05862426757812,214.46376037597656,92.36851501464844
5988,cut3,5988,POPC,20,177.07398986816406,164.76254272460938,79.85667419433594
5988,cut3,5988,POPC,21,141.0199432373047,141.51380920410156,73.0428695678711
5988,cut3,5988,POPC,22,160.2516326904297,214.7545623779297,93.80693817138672
5988,cut3,5988,POPC,23,126.51011657714844,78.93526458740234,71.82420349121094
5988,cut3,5988,POPC,24,85.1492691040039,177.16802978515622,89.21907806396484
5988,cut3,5988,POPC,25,84.16297912597656,100.33368682861328,83.30535125732422
5988,cut3,5988,POPC,26,213.5100860595703,173.05442810058594,82.96456909179688
5988,cut3,5988,POPC,27,80.42546081542969,182.01637268066406,92.44010925292969
5988,cut3,5988,POPC,28,117.51850891113281,24.22068214416504,98.55032348632812
5988,cut3,5988,POPC,29,131.07369995117188,11.28450870513916,99.71574401855469
5988,cut3,5988,POPC,30,97.83619689941406,209.6471405029297,93.30547332763672
5988,cut3,5988,POPC,31,144.07464599609375,180.27764892578125,75.38475799560547
5988,cut3,5988,POPC,32,92.66918182373047,180.35023498535156,86.10768127441406
5988,cut3,5988,POPC,33,56.228450775146484,63.087772369384766,89.60895538330078
5988,cut3,5988,POPC,34,163.4369659423828,120.22351837158203,86.01480865478516
5988,cut3,5988,POPC,35,107.5938949584961,219.0235595703125,91.59241485595703
5988,cut3,5988,POPC,36,169.16651916503906,220.93167114257812,92.49093627929688
5988,cut3,5988,POPC,37,55.660518646240234,39.70916748046875,92.4344711303711
5988,cut3,5988,POPC,38,59.02694320678711,72.54369354248047,90.69524383544922
5988,cut3,5988,POPC,39,173.14341735839844,172.8554229736328,78.09371185302734
5988,cut3,5988,POPC,40,95.17394256591797,84.01018524169922,86.00650024414062
5988,cut3,5988,POPC,41,79.20436096191406,96.92718505859375,81.24050903320312
5988,cut3,5988,POPC,42,188.2101287841797,79.97846984863281,91.119384765625
5988,cut3,5988,POPC,43,63.70949935913086,95.51595306396484,89.11075592041016
5988,cut3,5988,POPC,44,123.47929382324219,220.42132568359375,89.71776580810547
5988,cut3,5988,POPC,45,15.796348571777344,46.40484619140625,94.3602523803711
5988,cut3,5988,POPC,46,115.84848022460938,6.41940975189209,93.99247741699219
5988,cut3,5988,POPC,47,99.95648956298828,45.49991226196289,92.76213836669922
5988,cut3,5988,POPC,48,142.35720825195312,122.38754272460938,79.46082305908203
5988,cut3,5988,POPC,49,208.75001525878906,5.443827152252197,91.9248275756836
5988,cut3,5988,POPC,50,40.496429443359375,67.37484741210938,97.3488540649414
5988,cut3,5988,POPC,51,120.41264343261719,81.45929718017578,74.57540130615234
5988,cut3,5988,POPC,52,32.09099578857422,125.82530975341797,78.32221221923828
5988,cut3,5988,POPC,53,102.4754867553711,179.31820678710938,84.60872650146484
5988,cut3,5988,POPC,54,204.2332000732422,175.50070190429688,86.31824493408203
5988,cut3,5988,POPC,55,109.98397827148438,66.44441223144531,84.69036865234375
5988,cut3,5988,POPC,56,7.198668003082275,59.32109832763672,93.30567932128906
5988,cut3,5988,POPC,57,138.6344757080078,176.05062866210938,73.48693084716797
5988,cut3,5988,POPC,58,180.9977569580078,182.4700622558594,83.63671112060547
5988,cut3,5988,POPC,59,117.72230529785156,220.6300811767578,91.51526641845703
5988,cut3,5988,POPC,60,29.296981811523438,133.08416748046875,77.94837188720703
5988,cut3,5988,POPC,61,182.74209594726562,156.27874755859372,81.86217498779297
5988,cut3,5988,POPC,62,22.556621551513672,222.52685546875,89.22846221923828
5988,cut3,5988,POPC,63,105.84384155273438,160.71888732910156,78.35197448730469
5988,cut3,5988,POPC,64,171.2779998779297,144.15089416503906,85.22602844238283
5988,cut3,5988,POPC,65,109.62262725830078,117.19979095458984,77.05040740966797
5988,cut3,5988,POPC,66,37.42699432373047,-2.598144769668579,90.05046844482422
5988,cut3,5988,POPC,67,204.33628845214844,192.33096313476562,85.37045288085938
5988,cut3,5988,POPC,68,31.183670043945312,49.260520935058594,99.6435546875
5988,cut3,5988,POPC,69,38.09794998168945,215.95828247070312,87.06216430664062
5988,cut3,5988,POPC,70,76.2033462524414,48.563232421875,89.10810852050781
5988,cut3,5988,POPC,71,134.0032958984375,178.96688842773438,38.27315902709961
5988,cut3,5988,POPC,72,210.25709533691406,98.64429473876953,92.13414001464844
5988,cut3,5988,POPC,73,138.59320068359375,116.20310974121094,78.7685546875
5988,cut3,5988,POPC,74,198.16416931152344,2.3417346477508545,93.77404022216797
5988,cut3,5988,POPC,75,61.84196853637695,158.66981506347656,80.7575454711914
5988,cut3,5988,POPC,76,20.845890045166016,214.27658081054688,84.41934204101562
5988,cut3,5988,POPC,77,140.97364807128906,134.0252227783203,71.89054107666016
5988,cut3,5988,POPC,78,193.90084838867188,24.852415084838867,56.843238830566406
5988,cut3,5988,POPC,79,133.3121337890625,57.749267578125,78.26185607910156
5988,cut3,5988,POPC,80,104.44255828857422,208.26919555664062,92.00410461425781
5988,cut3,5988,POPC,81,41.87553787231445,41.885257720947266,95.55838012695312
5988,cut3,5988,POPC,82,1.7911953926086426,83.62226104736328,93.67451477050781
5988,cut3,5988,POPC,83,30.546432495117188,167.08396911621094,83.84522247314453
5988,cut3,5988,POPC,84,82.00267028808594,153.5740509033203,75.27046966552734
5988,cut3,5988,POPC,85,148.49447631835938,66.5468978881836,77.66460418701172
5988,cut3,5988,POPC,86,63.58225631713867,-2.5481154918670654,91.55321502685547
5988,cut3,5988,POPC,87,1.4287266731262207,63.878448486328125,93.01789855957031
5988,cut3,5988,POPC,88,24.95403289794922,36.00886917114257,95.67887878417969
5988,cut3,5988,POPC,89,153.5379638671875,171.8952178955078,74.56920623779297
5988,cut3,5988,POPC,90,66.22640991210938,192.88169860839844,89.5737075805664
5988,cut3,5988,POPC,91,97.68032836914062,29.83232879638672,94.53573608398438
5988,cut3,5988,POPC,92,153.2345733642578,114.63877868652344,83.48444366455078
5988,cut3,5988,POPC,93,74.23111724853514,25.65450668334961,92.10801696777344
5988,cut3,5988,POPC,94,10.005224227905273,36.53264617919922,90.51184844970703
5988,cut3,5988,POPC,95,143.5373077392578,129.52508544921875,80.19339752197266
5988,cut3,5988,POPC,96,174.1636505126953,109.90472412109375,89.11013793945312
5988,cut3,5988,POPC,97,105.06064605712892,102.28697204589844,40.98549270629883
5988,cut3,5988,POPC,98,9.54191780090332,43.52217483520508,94.40753936767578
5988,cut3,5988,POPC,99,71.40784454345703,176.9155731201172,86.30221557617188
5988,cut3,5988,POPC,100,15.031852722167969,51.97348403930664,94.22330474853516
5988,cut3,5988,POPC,101,77.43863677978516,122.28685760498047,71.28921508789062
5988,cut3,5988,POPC,102,158.1510009765625,158.09646606445312,75.07404327392578
5988,cut3,5988,POPC,103,89.45155334472656,85.03343200683594,83.4722671508789
5988,cut3,5988,POPC,104,47.34272384643555,30.359819412231445,93.1478042602539
5988,cut3,5988,POPC,105,4.436159610748291,200.57473754882812,83.57342529296875
5988,cut3,5988,POPC,106,135.8846435546875,16.705001831054688,97.176513671875
5988,cut3,5988,POPC,107,74.13534545898438,75.86516571044922,84.749267578125
5988,cut3,5988,POPC,108,184.49072265625,12.340370178222656,91.79326629638672
5988,cut3,5988,POPC,109,175.605224609375,154.49966430664062,82.4750747680664
5988,cut3,5988,POPC,110,135.45587158203125,32.84872055053711,89.10574340820312
5988,cut3,5988,POPC,111,137.7921295166016,61.311058044433594,75.95520782470703
5988,cut3,5988,POPC,112,114.284423828125,44.466041564941406,88.87309265136719
5988,cut3,5988,POPC,113,198.08468627929688,54.66947937011719,92.19121551513672
5988,cut3,5988,POPC,114,84.73757934570312,219.01121520996094,88.44979858398438
5988,cut3,5988,POPC,115,190.16693115234375,10.203800201416016,91.88042449951172
5988,cut3,5988,POPC,116,4.352989673614502,53.150726318359375,96.78521728515625
5988,cut3,5988,POPC,117,153.47799682617188,35.77851867675781,86.64212799072266
5988,cut3,5988,POPC,118,84.40727233886719,136.64976501464844,69.41339111328125
5988,cut3,5988,POPC,119,108.23255920410156,7.148934841156006,93.41087341308594
5988,cut3,5988,POPC,120,89.8863754272461,9.927083969116211,91.42288208007812
5988,cut3,5988,POPC,121,179.00462341308594,146.68614196777344,84.01647186279297
5988,cut3,5988,POPC,122,139.4716339111328,162.5262451171875,68.93138122558594
5988,cut3,5988,POPC,123,34.36087036132812,182.12745666503906,83.83074951171875
5988,cut3,5988,POPC,124,74.0295181274414,161.6650390625,83.83136749267578
5988,cut3,5988,POPC,125,92.4056396484375,169.7617645263672,87.33988189697266
5988,cut3,5988,POPC,126,202.3213653564453,202.7298583984375,79.20260620117188
5988,cut3,5988,POPC,127,76.76676177978516,217.7302703857422,90.09770965576172
5988,cut3,5988,POPC,128,40.25703430175781,212.56500244140622,51.587650299072266
5988,cut3,5988,POPC,129,102.34004974365234,126.38329315185547,44.30913543701172
5988,cut3,5988,POPC,130,70.07665252685547,202.3267822265625,87.53084564208984
5988,cut3,5988,POPC,131,183.1881103515625,114.18999481201172,92.87196350097656
5988,cut3,5988,POPC,132,199.06695556640625,138.6007080078125,86.4312515258789
5988,cut3,5988,POPC,133,176.772216796875,90.71267700195312,90.38067626953125
5988,cut3,5988,POPC,134,99.65760803222656,151.75018310546875,75.47789764404297
5988,cut3,5988,POPC,135,100.97920227050781,96.71622467041016,89.37641906738283
5988,cut3,5988,POPC,136,205.67457580566406,157.06202697753906,83.50115203857422
5988,cut3,5988,POPC,137,68.6523208618164,185.44796752929688,90.94776153564453
5988,cut3,5988,POPC,138,54.23665237426758,101.26715850830078,87.92469787597656
5988,cut3,5988,POPC,139,23.041725158691406,200.26666259765625,83.93975067138672
5988,cut3,5988,POPC,140,156.3867645263672,142.31483459472656,81.30280303955078
5988,cut3,5988,POPC,141,146.28480529785156,140.5252227783203,75.8268051147461
5988,cut3,5988,POPC,142,175.7515411376953,55.45624923706055,89.07353210449219
5988,cut3,5988,POPC,143,137.69444274902344,223.58934020996094,95.66541290283203
5988,cut3,5988,POPC,144,140.18986511230472,104.90605926513672,76.22856903076172
5988,cut3,5988,POPC,145,180.67916870117188,50.02623748779297,87.87882995605469
5988,cut3,5988,POPC,146,108.03948211669922,47.517093658447266,88.94556427001953
5988,cut3,5988,POPC,147,53.47382736206055,16.602535247802734,91.32490539550781
5988,cut3,5988,POPC,148,50.915287017822266,67.71138000488281,91.90367126464844
5988,cut3,5988,POPC,149,198.42295837402344,212.05026245117188,77.91822052001953
5988,cut3,5988,POPC,150,31.822612762451172,194.261962890625,85.12091064453125
5988,cut3,5988,POPC,151,160.77789306640625,133.48098754882812,81.42101287841797
5988,cut3,5988,POPC,152,79.81510925292969,18.991411209106445,94.26757049560547
5988,cut3,5988,POPC,153,168.0277099609375,155.42922973632812,78.46246337890625
5988,cut3,5988,POPC,154,40.3122673034668,62.25471496582031,97.72724151611328
5988,cut3,5988,POPC,155,98.5830307006836,202.7958984375,96.62429809570312
5988,cut3,5988,POPC,156,59.3703498840332,124.52233123779297,72.44647216796875
5988,cut3,5988,POPC,157,43.309268951416016,209.6270294189453,88.2863540649414
5988,cut3,5988,POPC,158,156.36216735839844,163.74282836914062,73.69796752929688
5988,cut3,5988,POPC,159,14.157100677490234,63.4651985168457,96.97261810302734
5988,cut3,5988,POPC,160,37.64705276489258,126.5925064086914,81.13447570800781
5988,cut3,5988,POPC,161,75.8983154296875,135.50083923339844,76.03013610839844
5988,cut3,5988,POPC,162,109.73008728027344,200.79345703125,90.79084014892578
5988,cut3,5988,POPC,163,74.05712890625,31.11339569091797,91.31060028076172
5988,cut3,5988,POPC,164,79.4534912109375,160.41763305664062,78.63556671142578
5988,cut3,5988,POPC,165,55.8333625793457,197.91224670410156,90.43769073486328
5988,cut3,5988,POPC,166,35.10298538208008,74.3527603149414,95.97721862792969
5988,cut3,5988,POPC,167,167.88111877441406,114.93063354492188,87.3991470336914
5988,cut3,5988,POPC,168,178.8692169189453,59.82674789428711,89.64513397216797
5988,cut3,5988,POPC,169,202.4349822998047,224.0778045654297,87.7373046875
5988,cut3,5988,POPC,170,124.07205200195312,85.65608215332031,72.37617492675781
5988,cut3,5988,POPC,171,48.708072662353516,103.07341766357422,82.27108001708984
5988,cut3,5988,POPC,172,166.0169219970703,19.930227279663086,87.88169860839844
5988,cut3,5988,POPC,173,43.724700927734375,128.48980712890625,77.52344512939453
5988,cut3,5988,POPC,174,80.99432373046875,70.72286224365234,86.46709442138672
5988,cut3,5988,POPC,175,185.5316162109375,86.0837173461914,92.10867309570312
5988,cut3,5988,POPC,176,111.69078063964844,28.006746292114258,96.51493072509766
5988,cut3,5988,POPC,177,85.76995849609375,70.7508773803711,82.43818664550781
5988,cut3,5988,POPC,178,113.07917785644531,125.93272399902344,72.44869995117186
5988,cut3,5988,POPC,179,82.47599792480469,52.90056228637695,88.45974731445312
5988,cut3,5988,POPC,180,65.43539428710938,82.5608901977539,89.36469268798828
5988,cut3,5988,POPC,181,112.13247680664062,188.83360290527344,80.07898712158203
5988,cut3,5988,POPC,182,192.65977478027344,17.879013061523438,89.59516143798828
5988,cut3,5988,POPC,183,116.32545471191406,59.67401123046875,78.26092529296875
5988,cut3,5988,POPC,184,26.70940399169922,56.3584098815918,55.74443817138672
5988,cut3,5988,POPC,185,202.1045379638672,208.19558715820312,82.0430908203125
5988,cut3,5988,POPC,186,66.32962799072266,217.83999633789062,89.02825927734375
5988,cut3,5988,POPC,187,146.22406005859375,222.44256591796878,99.72113037109375
5988,cut3,5988,POPC,188,34.38396072387695,23.552675247192383,91.45060729980469
5988,cut3,5988,POPC,189,42.953800201416016,82.21385192871094,94.47526550292969
5988,cut3,5988,POPC,190,193.1577606201172,106.45500946044922,88.74885559082031
5988,cut3,5988,POPC,191,95.08341979980469,12.828996658325195,89.64112854003906
5988,cut3,5988,POPC,192,192.5611572265625,143.47431945800784,89.30099487304688
5988,cut3,5988,POPC,193,26.732982635498047,173.811279296875,83.01026153564453
5988,cut3,5988,POPC,194,125.765625,57.231590270996094,79.44140625
5988,cut3,5988,POPC,195,188.00050354003906,177.94166564941406,40.90547561645508
5988,cut3,5988,POPC,196,18.619136810302734,56.50393295288086,94.4820556640625
5988,cut3,5988,POPC,197,198.92486572265625,168.17543029785156,84.35415649414062
5988,cut3,5988,POPC,198,196.27032470703122,83.58563995361328,93.71228790283203
5988,cut3,5988,POPC,199,12.069620132446289,80.30520629882812,94.60836029052734
5988,cut3,5988,POPC,200,15.505779266357422,31.17681121826172,94.34569549560547
5988,cut3,5988,POPC,201,26.084667205810547,9.084887504577637,91.02790832519531
5988,cut3,5988,POPC,202,199.31088256835938,173.1761932373047,88.41720581054688
5988,cut3,5988,POPC,203,124.5792465209961,188.9886932373047,73.81884765625
5988,cut3,5988,POPC,204,23.29935073852539,166.8742218017578,81.34968566894531
5988,cut3,5988,POPC,205,26.21847152709961,163.9671630859375,87.77265930175781
5988,cut3,5988,POPC,206,204.85675048828125,100.66503143310547,90.987060546875
5988,cut3,5988,POPC,207,76.38011169433594,9.774005889892578,92.99870300292969
5988,cut3,5988,POPC,208,7.115112781524658,2.2887072563171387,87.67565155029297
5988,cut3,5988,POPC,209,4.928900241851807,180.17483520507812,87.0564956665039
5988,cut3,5988,POPC,210,50.79257583618164,53.64916229248047,94.07506561279297
5988,cut3,5988,POPC,211,33.08574676513672,160.03550720214844,85.67924499511719
5988,cut3,5988,POPC,212,172.12725830078125,126.10213470458984,88.39620208740234
5988,cut3,5988,POPC,213,171.09304809570312,92.9161376953125,89.63253784179688
5988,cut3,5988,POPC,214,23.558300018310547,68.27005767822266,96.73949432373047
5988,cut3,5988,POPC,215,89.21643829345703,51.303802490234375,88.3128662109375
5988,cut3,5988,POPC,216,51.66055679321289,3.7215676307678223,94.57510375976562
5988,cut3,5988,POPC,217,23.83855438232422,47.17258834838867,95.33866882324219
5988,cut3,5988,POPC,218,103.18785858154297,108.64031982421875,85.2003173828125
5988,cut3,5988,POPC,219,43.168270111083984,22.444162368774414,93.94273376464844
5988,cut3,5988,POPC,220,164.21580505371094,162.62986755371094,77.45516204833984
5988,cut3,5988,POPC,221,10.733039855957031,167.15478515625,79.3187713623047
5988,cut3,5988,POPC,222,28.943031311035156,140.1005859375,77.89125061035156
5988,cut3,5988,POPC,223,88.56940460205078,65.25715637207031,86.20032501220703
5988,cut3,5988,POPC,224,133.08177185058594,139.99618530273438,70.58330535888672
5988,cut3,5988,POPC,225,163.87368774414062,180.14588928222656,80.48504638671875
5988,cut3,5988,POPC,226,159.4545440673828,175.43051147460938,38.402042388916016
5988,cut3,5988,POPC,227,127.32239532470703,152.6044921875,68.90969848632812
5988,cut3,5988,POPC,228,100.38042449951172,162.02737426757812,80.5533218383789
5988,cut3,5988,POPC,229,10.900430679321289,215.0503387451172,83.48299407958984
5988,cut3,5988,POPC,230,113.3505859375,83.3304443359375,78.22994995117188
5988,cut3,5988,POPC,231,120.68374633789062,135.7994842529297,68.80884552001953
5988,cut3,5988,POPC,232,148.26812744140625,5.315893173217773,96.33074188232422
5988,cut3,5988,POPC,233,16.456501007080078,191.7509002685547,83.74555206298828
5988,cut3,5988,POPC,234,7.22170877456665,221.21742248535156,85.52501678466797
5988,cut3,5988,POPC,235,46.76792526245117,9.257460594177246,92.92110443115234
5988,cut3,5988,POPC,236,162.730224609375,82.20458984375001,86.87139892578125
5988,cut3,5988,POPC,237,138.5537109375,73.12255859375,70.15547180175781
5988,cut3,5988,POPC,238,102.71863555908203,50.112491607666016,89.92198181152344
5988,cut3,5988,POPC,239,103.54003143310547,11.277995109558105,93.15827941894531
5988,cut3,5988,POPC,240,129.96902465820312,87.92181396484375,71.93531036376953
5988,cut3,5988,POPC,241,90.30435180664062,65.27670288085938,51.936946868896484
5988,cut3,5988,POPC,242,10.682058334350586,206.8464813232422,82.73277282714844
5988,cut3,5988,POPC,243,76.9419174194336,59.9194221496582,86.86351776123047
5988,cut3,5988,POPC,244,12.536943435668945,20.53510284423828,93.569580078125
5988,cut3,5988,POPC,245,125.5471420288086,20.64665412902832,97.99181365966798
5988,cut3,5988,POPC,246,156.40603637695312,96.21968841552734,78.85418701171875
5988,cut3,5988,POPC,247,179.90859985351562,107.92852020263672,88.3628158569336
5988,cut3,5988,POPC,248,142.50572204589844,65.40670776367188,74.41089630126953
5988,cut3,5988,POPC,249,4.828413486480713,166.32879638671875,78.56221771240234
5988,cut3,5988,POPC,250,178.5592803955078,171.6564483642578,80.23001098632812
5988,cut3,5988,POPC,251,9.982769012451172,190.8465118408203,88.01180267333984
5988,cut3,5988,POPC,252,153.30113220214844,54.06069564819336,81.71427154541016
5988,cut3,5988,POPC,253,1.329115390777588,29.72857666015625,91.3965072631836
5988,cut3,5988,POPC,254,73.64554595947266,92.92913818359375,82.31051635742188
5988,cut3,5988,POPC,255,197.97059631347656,46.393959045410156,98.65406799316406
5988,cut3,5988,POPC,256,96.08367156982422,64.01902770996094,87.90159606933594
5988,cut3,5988,POPC,257,171.5522003173828,101.76441192626953,88.23584747314453
5988,cut3,5988,POPC,258,163.24346923828125,97.88494873046875,82.01691436767577
5988,cut3,5988,POPC,259,122.09384155273438,52.573890686035156,83.67565155029297
5988,cut3,5988,POPC,260,184.0917510986328,141.3021240234375,88.17312622070312
5988,cut3,5988,POPC,261,135.4814453125,148.58460998535156,67.65487670898438
5988,cut3,5988,POPC,262,200.7749481201172,22.60795021057129,91.2784652709961
5988,cut3,5988,POPC,263,47.197574615478516,119.48160552978516,78.85370635986328
5988,cut3,5988,POPC,264,56.19589614868164,128.28672790527344,75.86619567871094
5988,cut3,5988,POPC,265,43.94081497192383,220.0804901123047,90.70938873291016
5988,cut3,5988,POPC,266,144.2744903564453,57.5109748840332,79.2986068725586
5988,cut3,5988,POPC,267,150.37477111816406,149.66896057128906,74.53274536132812
5988,cut3,5988,POPC,268,163.19552612304688,112.76396179199219,41.44397735595703
5988,cut3,5988,POPC,269,144.81875610351562,51.912109375,82.22885131835938
5988,cut3,5988,POPC,270,151.75967407226562,46.78828048706055,84.91727447509766
5988,cut3,5988,POPC,271,54.45088577270508,212.60882568359375,91.12373352050781
5988,cut3,5988,POPC,272,14.377910614013672,184.51878356933594,82.96624755859375
5988,cut3,5988,POPC,273,91.89891052246094,78.40760803222656,82.8385238647461
5988,cut3,5988,POPC,274,128.90655517578125,143.46176147460938,68.96552276611328
5988,cut3,5988,POPC,275,28.789100646972656,78.15179443359375,96.0694580078125
5988,cut3,5988,POPC,276,204.52938842773438,17.72163963317871,94.42366790771484
5988,cut3,5988,POPC,277,130.9765167236328,185.76051330566406,71.03724670410156
5988,cut3,5988,POPC,278,209.0142364501953,61.88798141479492,92.21245574951172
5988,cut3,5988,POPC,279,133.046142578125,130.5494842529297,68.86546325683594
5988,cut3,5988,POPC,280,71.88349914550781,129.9273681640625,75.97054290771484
5988,cut3,5988,POPC,281,208.0536346435547,21.80257797241211,90.99166107177734
5988,cut3,5988,POPC,282,196.55364990234375,25.168365478515625,92.39241790771484
5988,cut3,5988,POPC,283,21.478336334228516,158.92605590820312,84.91228485107422
5988,cut3,5988,POPC,284,55.74831771850586,184.33831787109375,86.65950775146484
5988,cut3,5988,POPC,285,37.95498275756836,55.440986633300774,98.20448303222658
5988,cut3,5988,POPC,286,144.44854736328125,43.803001403808594,87.0888900756836
5988,cut3,5988,POPC,287,174.10765075683594,218.1918182373047,92.08232879638672
5988,cut3,5988,POPC,288,197.23422241210938,64.65022277832031,91.96651458740234
5988,cut3,5988,POPC,289,149.63345336914062,68.06487274169922,41.947235107421875
5988,cut3,5988,POPC,290,121.90135192871094,36.53420639038086,90.26422882080078
5988,cut3,5988,POPC,291,48.010135650634766,89.56483459472656,90.42820739746094
5988,cut3,5988,POPC,292,197.2156219482422,178.32513427734375,90.67112731933594
5988,cut3,5988,POPC,293,19.478050231933597,38.32490921020508,93.2049789428711
5988,cut3,5988,POPC,294,91.41212463378906,19.31681251525879,94.27088165283203
5988,cut3,5988,POPC,295,140.66824340820312,35.93484878540039,88.14100646972656
5988,cut3,5988,POPC,296,85.60651397705078,79.79757690429688,82.09886932373047
5988,cut3,5988,POPC,297,0.0873703584074974,184.9250030517578,88.97001647949219
5988,cut3,5988,POPC,298,81.81793975830078,31.197237014770508,90.70866394042969
5988,cut3,5988,POPC,299,28.93004608154297,15.816822052001953,88.46585845947264
5988,cut3,5988,POPC,300,99.99068450927734,68.59391784667969,86.84408569335938
5988,cut3,5988,POPC,301,91.58248138427734,58.251617431640625,89.61436462402344
5988,cut3,5988,POPC,302,122.8280258178711,2.2295234203338623,94.69001770019531
5988,cut3,5988,POPC,303,70.75253295898438,4.823022842407227,92.76069641113281
5988,cut3,5988,POPC,304,25.560287475585938,2.912876844406128,91.7564697265625
5988,cut3,5988,POPC,305,5.853254795074463,67.10580444335938,95.38633728027344
5988,cut3,5988,POPC,306,190.63697814941406,131.94444274902344,88.44938659667969
5988,cut3,5988,POPC,307,-0.3955283463001251,42.01349639892578,97.30973052978516
5988,cut3,5988,POPC,308,191.4793701171875,158.04507446289062,84.42427062988281
5988,cut3,5988,POPC,309,186.17788696289062,193.53977966308594,88.40260314941406
5988,cut3,5988,POPC,310,42.987361907958984,35.200164794921875,93.60795593261719
5988,cut3,5988,POPC,311,86.1500244140625,201.3762664794922,91.54829406738281
5988,cut3,5988,POPC,312,135.92703247070312,5.938277721405029,96.92630767822266
5988,cut3,5988,POPC,313,51.83229446411133,132.0392608642578,77.75606536865234
5988,cut3,5988,POPC,314,31.488845825195312,89.54899597167969,96.1099853515625
5988,cut3,5988,POPC,315,58.36347579956055,147.30648803710938,79.53313446044922
5988,cut3,5988,POPC,316,103.7783432006836,80.47464752197266,82.49894714355469
5988,cut3,5988,POPC,317,27.37881851196289,56.38028335571289,97.84003448486328
5988,cut3,5988,POPC,318,112.50276184082031,196.32855224609375,86.56816864013672
5988,cut3,5988,POPC,319,66.49920654296875,73.37937927246094,88.7423095703125
5988,cut3,5988,POPC,320,186.63169860839844,184.0230255126953,87.2541275024414
5988,cut3,5988,POPC,321,35.794097900390625,1.8872841596603394,93.61070251464844
5988,cut3,5988,POPC,322,42.89588165283203,169.3438873291016,81.56610870361328
5988,cut3,5988,POPC,323,20.35863494873047,18.67047119140625,90.19469451904297
5988,cut3,5988,POPC,324,155.41249084472656,3.8467540740966797,94.9155044555664
5988,cut3,5988,POPC,325,86.97081756591797,32.85578918457031,91.6824722290039
5988,cut3,5988,POPC,326,39.727447509765625,133.61048889160156,79.27175903320312
5988,cut3,5988,POPC,327,196.1226806640625,204.54833984375,80.6917724609375
5988,cut3,5988,POPC,328,211.3802490234375,55.94122314453125,93.94792175292969
5988,cut3,5988,POPC,329,85.9165267944336,58.70311737060547,84.13917541503906
5988,cut3,5988,POPC,330,35.30937957763672,11.53854751586914,93.5564727783203
5988,cut3,5988,POPC,331,207.08995056152344,84.61151123046875,95.89413452148438
5988,cut3,5988,POPC,332,105.7003173828125,16.442739486694336,93.25333404541016
5988,cut3,5988,POPC,333,144.46359252929688,75.27833557128906,73.13662719726562
5988,cut3,5988,POPC,334,17.538196563720703,85.06895446777344,94.01432800292969
5988,cut3,5988,POPC,335,200.46327209472656,10.59472179412842,94.86560821533203
5988,cut3,5988,POPC,336,165.64125061035156,139.12368774414062,82.0510025024414
5988,cut3,5988,POPC,337,201.9729766845703,-0.7330146431922913,49.603389739990234
5988,cut3,5988,POPC,338,133.39541625976562,69.69934844970703,75.19093322753906
5988,cut3,5988,POPC,339,51.46210861206055,61.16163635253906,93.99565887451172
5988,cut3,5988,POPC,340,136.83920288085938,156.92466735839844,67.65398406982422
5988,cut3,5988,POPC,341,197.6624755859375,192.30404663085938,88.20283508300781
5988,cut3,5988,POPC,342,88.9452590942383,26.52572250366211,89.7171859741211
5988,cut3,5988,POPC,343,134.17819213867188,122.30477142333984,74.92679595947266
5988,cut3,5988,POPC,344,146.55772399902344,24.549694061279297,88.66416931152344
5988,cut3,5988,POPC,345,119.09774017333984,198.6656951904297,92.37528228759766
5988,cut3,5988,POPC,346,47.32004928588867,47.58941650390625,92.71233367919922
5988,cut3,5988,POPC,347,206.3977508544922,199.0933837890625,82.77723693847656
5988,cut3,5988,POPC,348,168.00244140625,167.97312927246094,76.4463119506836
5988,cut3,5988,POPC,349,189.54171752929688,122.1015625,89.54338073730469
5988,cut3,5988,POPC,350,127.61233520507812,159.42721557617188,68.59919738769531
5988,cut3,5988,POPC,351,158.29443359375,178.65000915527344,76.7051773071289
5988,cut3,5988,POPC,352,40.4664192199707,154.71536254882812,79.48426055908203
5988,cut3,5988,POPC,353,87.38803100585938,196.29595947265625,88.84363555908203
5988,cut3,5988,POPC,354,133.77464294433594,110.9803237915039,72.96898651123047
5988,cut3,5988,POPC,355,53.33223342895508,118.0123291015625,78.87893676757812
5988,cut3,5988,POPC,356,131.49099731445312,81.69441223144531,71.31405639648438
5988,cut3,5988,POPC,357,166.8997039794922,128.6595916748047,86.232421875
5988,cut3,5988,POPC,358,24.344879150390625,189.1765899658203,84.8410415649414
5988,cut3,5988,POPC,359,181.9699249267578,20.694677352905273,90.73712921142578
5988,cut3,5988,POPC,360,175.7888641357422,79.5287094116211,91.1942138671875
5988,cut3,5988,POPC,361,62.69308853149414,184.33709716796875,89.6929702758789
5988,cut3,5988,POPC,362,16.185222625732422,165.25819396972656,82.64404296875
5988,cut3,5988,POPC,363,63.622440338134766,15.180703163146973,91.44686126708984
5988,cut3,5988,POPC,364,12.655412673950195,87.39674377441406,90.1257095336914
5988,cut3,5988,POPC,365,20.895965576171875,6.7307844161987305,87.53904724121094
5988,cut3,5988,POPC,366,111.01976013183594,80.92208862304688,82.44601440429688
5988,cut3,5988,POPC,367,123.272216796875,95.85877227783203,72.32319641113281
5988,cut3,5988,POPC,368,169.88526916503906,179.71018981933594,77.65066528320312
5988,cut3,5988,POPC,369,68.0320816040039,41.27830123901367,93.85951232910156
5988,cut3,5988,POPC,370,191.3565216064453,68.49036407470703,91.09528350830078
5988,cut3,5988,POPC,371,158.5625,149.53550720214844,78.37136840820312
5988,cut3,5988,POPC,372,43.703311920166016,198.06564331054688,87.69711303710938
5988,cut3,5988,POPC,373,14.073326110839844,126.71402740478516,82.72990417480469
5988,cut3,5988,POPC,374,151.59068298339844,164.75132751464844,70.22935485839844
5988,cut3,5988,POPC,375,122.40066528320312,74.02670288085938,77.96920776367188
5988,cut3,5988,POPC,376,34.90711212158203,80.83241271972656,96.10930633544922
5988,cut3,5988,POPC,377,95.96147155761719,125.04930877685547,77.51264953613281
5988,cut3,5988,POPC,378,20.880523681640625,76.12928771972656,94.82844543457031
5988,cut3,5988,POPC,379,173.41717529296875,21.483295440673828,91.3437728881836
5988,cut3,5988,POPC,380,208.41757202148438,32.88801193237305,93.6409912109375
5988,cut3,5988,POPC,381,84.66900634765625,170.33502197265625,86.92375183105469
5988,cut3,5988,POPC,382,37.09151077270508,172.26832580566406,83.92060089111328
5988,cut3,5988,POPC,383,122.78938293457031,43.64910125732422,88.19293212890625
5988,cut3,5988,POPC,384,170.18215942382812,125.38375854492188,48.50361633300781
5988,cut3,5988,POPC,385,68.884521484375,163.60984802246094,85.07909393310547
5988,cut3,5988,POPC,386,213.5738525390625,207.24400329589844,83.75709533691406
5988,cut3,5988,POPC,387,124.92961120605469,131.28253173828125,70.611572265625
5988,cut3,5988,POPC,388,185.6820068359375,211.61224365234375,93.0049819946289
5988,cut3,5988,POPC,389,209.99331665039062,78.32685852050781,92.83687591552734
5988,cut3,5988,POPC,390,186.05569458007812,169.35772705078125,81.50907897949219
5988,cut3,5988,POPC,391,116.3660659790039,55.031593322753906,83.24827575683594
5988,cut3,5988,POPC,392,150.84365844726562,155.80999755859375,69.90282440185547
5988,cut3,5988,POPC,393,192.27120971679688,170.56689453124997,86.8566665649414
5988,cut3,5988,POPC,394,68.33145904541016,58.357521057128906,92.06226348876953
5988,cut3,5988,POPC,395,128.84326171875,47.34677505493164,85.28092956542969
5988,cut3,5988,POPC,396,107.06288146972656,152.51467895507812,75.27440643310547
5988,cut3,5988,POPC,397,105.93110656738281,0.5447453856468201,91.922119140625
5988,cut3,5988,POPC,398,10.438671112060547,15.452796936035156,90.68163299560547
5988,cut3,5988,POPC,399,52.447994232177734,78.13609313964844,91.34113311767578
5988,cut3,5988,POPC,400,162.75283813476562,49.87049865722656,84.74378967285156
5988,cut3,5988,POPC,401,163.00401306152344,10.956757545471191,90.82485961914062
5988,cut3,5988,POPC,402,154.53248596191406,223.4066619873047,95.72416687011719
5988,cut3,5988,POPC,403,69.21231079101562,78.4795913696289,88.05455780029297
5988,cut3,5988,POPC,404,75.21043395996094,191.4679718017578,92.39927673339844
5988,cut3,5988,POPC,405,103.40026092529297,121.95877075195312,77.44330596923828
5988,cut3,5988,POPC,406,75.96199035644531,201.8683624267578,89.37432098388672
5988,cut3,5988,POPC,407,76.77047729492188,225.8472137451172,92.93917846679688
5988,cut3,5988,POPC,408,116.65496063232422,17.669273376464844,100.7138900756836
5988,cut3,5988,POPC,409,63.53519058227539,65.38790893554688,90.7703857421875
5988,cut3,5988,POPC,410,51.9693717956543,158.8333740234375,81.10209655761719
5988,cut3,5988,POPC,411,116.05732727050781,213.50245666503906,87.3161849975586
5988,cut3,5988,POPC,412,165.66717529296875,105.00621032714844,82.70771026611328
5988,cut3,5988,POPC,413,117.160400390625,156.38710021972656,67.5512466430664
5988,cut3,5988,POPC,414,88.04033660888672,210.4604034423828,91.4056396484375
5988,cut3,5988,POPC,415,114.01325988769531,72.80013275146484,85.70018768310547
5988,cut3,5988,POPC,416,75.15513610839844,37.82941818237305,88.48513793945312
5988,cut3,5988,POPC,417,188.27169799804688,93.48045349121094,92.18924713134766
5988,cut3,5988,POPC,418,195.71746826171875,78.12356567382812,94.13426208496094
5988,cut3,5988,POPC,419,190.25709533691406,55.778564453125,91.946533203125
5988,cut3,5988,POPC,420,139.59487915039062,79.55159759521484,70.14275360107422
5988,cut3,5988,POPC,421,1.6639161109924316,22.882783889770508,90.95291137695312
5988,cut3,5988,POPC,422,196.28793334960938,90.92903137207031,94.69427490234375
5988,cut3,5988,POPC,423,211.1586151123047,155.64952087402344,76.53170776367188
5988,cut3,5988,POPC,424,109.67732238769531,33.71303939819336,94.15158081054688
5988,cut3,5988,POPC,425,155.4746856689453,121.7919921875,83.96752166748047
5988,cut3,5988,POPC,426,14.736492156982422,221.8323974609375,84.65971374511719
5988,cut3,5988,POPC,427,17.30803680419922,203.4976348876953,85.73883819580078
5988,cut3,5988,POPC,428,141.1373748779297,152.5711212158203,69.95001983642578
5988,cut3,5988,POPC,429,91.73268127441406,159.762451171875,79.77306365966797
5988,cut3,5988,POPC,430,11.478921890258787,196.82183837890625,85.10464477539062
5988,cut3,5988,POPC,431,210.03758239746094,3.645691156387329,84.72801208496094
5988,cut3,5988,POPC,432,131.5886993408203,219.79489135742188,93.3484115600586
5988,cut3,5988,POPC,433,144.25416564941406,114.82706451416016,83.2625732421875
5988,cut3,5988,POPC,434,69.0928726196289,16.99118995666504,94.3009262084961
5988,cut3,5988,POPC,435,170.8411407470703,137.2576141357422,84.5042495727539
5988,cut3,5988,POPC,436,94.84257507324219,164.52198791503906,84.05249786376953
5988,cut3,5988,POPC,437,128.00888061523438,125.27252960205078,71.93924713134766
5988,cut3,5988,POPC,438,58.27030563354492,103.52623748779297,82.31929016113281
5988,cut3,5988,POPC,439,79.2210693359375,167.2877960205078,88.86275482177734
5988,cut3,5988,POPC,440,87.262451171875,90.68515014648438,84.02182006835938
5988,cut3,5988,POPC,441,24.085311889648438,94.10169219970703,94.03453063964844
5988,cut3,5988,POPC,442,202.07827758789062,76.35636138916016,95.16020202636719
5988,cut3,5988,POPC,443,41.32178497314453,73.90886688232422,94.47248077392578
5988,cut3,5988,POPC,444,106.6269760131836,95.87198638916016,86.33366394042969
5988,cut3,5988,POPC,445,73.63284301757812,208.40350341796875,89.18228149414062
5988,cut3,5988,POPC,446,96.37699127197266,216.1275634765625,92.14088439941406
5988,cut3,5988,POPC,447,177.72486877441406,11.680564880371094,93.42021179199219
5988,cut3,5988,POPC,448,79.62435150146484,206.60891723632812,90.52769470214844
5988,cut3,5988,POPC,449,77.30512237548828,45.93364715576172,55.26118850708008
5988,cut3,5988,POPC,450,202.19195556640625,66.33550262451172,90.44081115722656
5988,cut3,5988,POPC,451,122.46691131591797,9.75184440612793,99.1613540649414
5988,cut3,5988,POPC,452,211.0984649658203,219.4645233154297,48.294307708740234
5988,cut3,5988,POPC,453,202.53729248046875,216.89976501464844,83.86083984375
5988,cut3,5988,POPC,454,72.55335235595703,152.5924835205078,73.71981048583984
5988,cut3,5988,POPC,455,150.1892547607422,177.54864501953125,73.6747817993164
5988,cut3,5988,POPC,456,160.93894958496094,109.81690979003906,85.02350616455078
5988,cut3,5988,POPC,457,55.56923294067383,48.80549621582031,91.85247039794922
5988,cut3,5988,POPC,458,67.31021881103516,156.56504821777344,80.8391342163086
5988,cut3,5988,POPC,459,8.824352264404297,26.029163360595703,93.99569702148438
5988,cut3,5988,POPC,460,191.32077026367188,62.24751663208008,90.23797607421875
5988,cut3,5988,POPC,461,93.23875427246094,73.00119018554688,83.64444732666016
5988,cut3,5988,POPC,462,86.19033813476562,-0.5056713223457336,90.54154205322266
5988,cut3,5988,POPC,463,17.72491455078125,172.30047607421872,80.46491241455078
5988,cut3,5988,POPC,464,55.10477066040039,219.3317108154297,93.71202850341797
5988,cut3,5988,POPC,465,93.34497833251953,152.62657165527344,76.97853088378906
5988,cut3,5988,POPC,466,30.458316802978516,219.08555603027344,89.84893798828125
5988,cut3,5988,POPC,467,14.525154113769531,131.68515014648438,79.35697174072266
5988,cut3,5988,POPC,468,100.19631958007812,185.09497070312497,87.95049285888672
5988,cut3,5988,POPC,469,45.901092529296875,153.9303741455078,80.95623016357423
5988,cut3,5988,POPC,470,196.79710388183594,161.75392150878906,83.30918884277344
5988,cut3,5988,POPC,471,188.60800170898438,22.0600528717041,93.67839813232422
5988,cut3,5988,POPC,472,88.22264099121094,149.93116760253906,76.56694793701172
5988,cut3,5988,POPC,473,41.483341217041016,86.96240234375,97.13442993164062
5988,cut3,5988,POPC,474,22.95395278930664,177.86351013183594,81.54972839355469
5988,cut3,5988,POPC,475,161.12872314453125,172.84349060058594,77.41461181640625
5988,cut3,5988,POPC,476,137.80311584472656,27.36248207092285,93.78258514404297
5988,cut3,5988,POPC,477,35.209861755371094,138.04217529296875,77.61365509033203
5988,cut3,5988,POPC,478,152.7281951904297,136.19691467285156,79.3415298461914
5988,cut3,5988,POPC,479,151.1385955810547,186.50637817382812,75.4903564453125
5988,cut3,5988,POPC,480,173.2776336669922,149.23095703125,81.49612426757812
5988,cut3,5988,POPC,481,68.09320831298828,27.040369033813477,90.0992431640625
5988,cut3,5988,POPC,482,36.46575164794922,150.238037109375,82.84559631347656
5988,cut3,5988,POPC,483,42.219337463378906,184.70994567871094,85.73977661132812
5988,cut3,5988,POPC,484,56.34077835083007,83.38931274414062,91.2907943725586
5988,cut3,5988,POPC,485,64.96194458007812,118.13411712646484,75.58953094482422
5988,cut3,5988,POPC,486,164.1368408203125,5.1937150955200195,94.95999908447266
5988,cut3,5988,POPC,487,52.994998931884766,177.60284423828125,85.61498260498047
5988,cut3,5988,POPC,488,62.39677047729492,204.2785186767578,89.99822235107422
5988,cut3,5988,POPC,489,69.40776062011719,150.1562957763672,78.95645141601562
5988,cut3,5988,POPC,490,181.75521850585938,124.71810150146484,89.09819793701172
5988,cut3,5988,POPC,491,161.3368682861328,192.3253936767578,77.77281188964844
5988,cut3,5988,POPC,492,128.95599365234375,40.14354705810547,49.76607131958008
5988,cut3,5988,POPC,493,69.02196502685547,89.79151916503906,86.65548706054689
5988,cut3,5988,POPC,494,35.54851531982422,199.46658325195312,83.70159149169922
5988,cut3,5988,POPC,495,130.06729125976562,148.19406127929688,70.92364501953125
5988,cut3,5988,POPC,496,111.2285385131836,210.19606018066406,90.99649810791016
5988,cut3,5988,POPC,497,97.74411010742188,1.2719162702560425,92.41651916503906
5988,cut3,5988,POPC,498,124.74315643310547,209.4636688232422,88.62519073486328
5988,cut3,5988,POPC,499,19.125274658203125,208.2506103515625,85.16284942626953
5988,cut3,5988,POPC,500,107.2846908569336,37.83467864990234,89.47950744628906
5988,cut3,5988,POPC,501,49.660274505615234,139.29188537597656,80.44839477539062
5988,cut3,5988,POPC,502,165.20191955566406,149.9895782470703,79.12744903564453
5988,cut3,5988,POPC,503,131.4388427734375,51.8248176574707,81.43800354003906
5988,cut3,5988,POPC,504,19.592159271240234,137.6788787841797,81.26976776123047
5988,cut3,5988,POPC,505,137.18629455566406,46.101402282714844,86.02320098876955
5988,cut3,5988,POPC,506,127.46128845214844,4.554996490478516,98.0716552734375
5988,cut3,5988,POPC,507,192.0288848876953,28.893798828125,91.89168548583984
5988,cut3,5988,POPC,508,116.03395080566406,141.81741333007812,71.10140228271484
5988,cut3,5988,POPC,509,29.452674865722656,149.17453002929688,84.08158874511719
5988,cut3,5988,POPC,510,54.907047271728516,91.85792541503906,89.8214340209961
5988,cut3,5988,POPC,511,184.28054809570312,68.86681365966797,90.67752838134766
5988,cut3,5988,POPC,512,88.42559051513672,186.10052490234375,89.69941711425781
5988,cut3,5988,POPC,513,82.68091583251953,213.41604614257812,90.23655700683594
5988,cut3,5988,POPC,514,66.9676513671875,51.68244934082031,89.28753662109375
5988,cut3,5988,POPC,515,182.80088806152344,207.98580932617188,88.38722229003906
5988,cut3,5988,POPC,516,179.96604919433594,83.87654113769531,90.6627197265625
5988,cut3,5988,POPC,517,105.07633972167969,27.13922691345215,95.44721221923828
5988,cut3,5988,POPC,518,215.3651885986328,7.464606761932373,83.83529663085938
5988,cut3,5988,POPC,519,98.64179229736328,37.14618682861328,89.90167999267578
5988,cut3,5988,POPC,520,114.22830200195312,96.18243408203125,73.98027801513672
5988,cut3,5988,POPC,521,80.04560089111328,40.262046813964844,88.97366333007812
5988,cut3,5988,POPC,522,25.726062774658203,24.43120002746582,92.29032135009766
5988,cut3,5988,POPC,523,197.812744140625,197.7419891357422,83.0754623413086
5988,cut3,5988,POPC,524,214.00277709960938,-3.1454546451568604,82.66804504394531
5988,cut3,5988,POPC,525,190.13037109374997,147.71408081054688,82.18018341064453
5988,cut3,5988,POPC,526,37.460426330566406,28.184913635253906,95.25045776367188
5988,cut3,5988,POPC,527,50.61098861694336,36.328575134277344,92.08111572265625
5988,cut3,5988,POPC,528,3.717899799346924,36.476219177246094,92.73655700683594
5988,cut3,5988,POPC,529,17.624759674072266,25.062231063842773,91.66500854492188
5988,cut3,5988,POPC,530,173.5603790283203,118.57096862792969,88.50384521484375
5988,cut3,5988,POPC,531,184.73876953125,3.340311050415039,92.67741394042969
5988,cut3,5988,POPC,532,127.05229949951172,61.48685455322265,75.95629119873047
5988,cut3,5988,POPC,533,94.90863037109375,189.3903350830078,89.11446380615234
5988,cut3,5988,POPC,534,92.58580017089844,41.2263069152832,90.42577362060547
5988,cut3,5988,POPC,535,106.3835220336914,57.21287155151367,88.77007293701172
5988,cut3,5988,POPC,536,173.5858306884766,7.66745662689209,94.45619201660156
5988,cut3,5988,POPC,537,60.39499282836914,139.2132568359375,77.70100402832031
5988,cut3,5988,POPC,538,78.52021789550781,134.66184997558594,70.46638488769531
5988,cut3,5988,POPC,539,117.32650756835938,66.93994903564453,79.12770080566406
5988,cut3,5988,POPC,540,40.61680603027344,47.06327438354492,92.93402099609375
5988,cut3,5988,POPC,541,126.99983978271484,69.07125854492188,73.6132583618164
5988,cut3,5988,POPC,542,165.0784149169922,222.10748291015625,96.37406921386719
5988,cut3,5988,POPC,543,31.111541748046875,36.261920928955085,94.52266693115234
5988,cut3,5988,POPC,544,115.7576675415039,89.19685363769531,75.5930404663086
5988,cut3,5988,POPC,545,5.145641803741455,194.23348999023438,85.30274200439453
5988,cut3,5988,POPC,546,197.81192016601562,217.50299072265625,87.88948059082031
5988,cut3,5988,POPC,547,80.83238983154297,83.60454559326172,84.38705444335938
5988,cut3,5988,POPC,548,47.88711166381836,180.3016052246094,82.35782623291016
5988,cut3,5988,POPC,549,182.02818298339844,191.74545288085938,83.88845825195312
5988,cut3,5988,POPC,550,75.34783935546875,145.37493896484375,77.61998748779297
5988,cut3,5988,POPC,551,85.5851821899414,123.6465835571289,70.5302734375
5988,cut3,5988,POPC,552,23.8193359375,144.93006896972656,82.930908203125
5988,cut3,5988,POPC,553,23.228992462158203,82.20857238769531,94.86438751220703
5988,cut3,5988,POPC,554,187.1242218017578,217.89559936523438,93.41032409667969
5988,cut3,5988,POPC,555,10.437307357788086,159.24905395507812,80.5504379272461
5988,cut3,5988,POPC,556,54.85793685913086,99.48303985595703,53.399120330810554
5988,cut3,5988,POPC,557,118.49317169189453,207.2891082763672,88.51490020751953
5988,cut3,5988,POPC,558,36.429386138916016,34.76118087768555,92.37816619873047
5988,cut3,5988,POPC,559,7.807680606842041,87.72781372070312,92.23836517333984
5988,cut3,5988,POPC,560,149.91978454589844,125.77603912353516,82.32543182373047
5988,cut3,5988,POPC,561,103.17242431640625,193.20655822753906,85.38912963867188
5988,cut3,5988,POPC,562,182.7290802001953,103.39627075195312,88.9649429321289
5988,cut3,5988,POPC,563,35.90995407104492,114.73728942871094,79.95233154296875
5988,cut3,5988,POPC,564,121.83241271972656,163.55039978027344,67.54727172851562
5988,cut3,5988,POPC,565,59.812686920166016,20.641817092895508,93.3589096069336
5988,cut3,5988,POPC,566,175.98284912109375,180.0018310546875,78.9509048461914
5988,cut3,5988,POPC,567,189.3174285888672,80.14493560791016,55.933414459228516
5988,cut3,5988,POPC,568,28.025955200195312,63.541412353515625,97.56371307373048
5988,cut3,5988,POPC,569,68.8887939453125,32.362117767333984,87.523193359375
5988,cut3,5988,POPC,570,169.05340576171875,83.25700378417969,88.5643081665039
5988,cut3,5988,POPC,571,213.0419158935547,136.87673950195312,85.26775360107422
5988,cut3,5988,POPC,572,33.51598358154297,206.50253295898438,89.23704528808594
5988,cut3,5988,POPC,573,21.831493377685547,151.20726013183594,86.44161987304688
5988,cut3,5988,POPC,574,55.44575881958008,152.9993438720703,80.99451446533203
5988,cut3,5988,POPC,575,117.56311798095703,27.24762725830078,47.474571228027344
5988,cut3,5988,POPC,576,69.83038330078125,67.87477874755861,86.17041778564453
5988,cut3,5988,POPC,577,49.48263931274414,212.66717529296875,88.53404235839844
5988,cut3,5988,POPC,578,49.85702133178711,201.3578338623047,90.86114501953125
5988,cut3,5988,POPC,579,145.00099182128906,188.1677703857422,74.43789672851562
5988,cut3,5988,POPC,580,158.91976928710938,103.2785873413086,80.44022369384766
5988,cut3,5988,POPC,581,19.41815185546875,118.06884765625,77.68186950683594
5988,cut3,5988,POPC,582,12.052860260009766,176.08746337890625,82.19207763671875
5988,cut3,5988,POPC,583,146.2398681640625,101.16028594970703,82.9046630859375
5988,cut3,5988,POPC,584,128.17074584960938,37.50789260864258,86.72862243652344
5988,cut3,5988,POPC,585,141.51339721679688,22.084901809692383,97.51590728759766
5988,cut3,5988,POPC,586,206.19981384277344,40.63271713256836,95.26530456542969
5988,cut3,5988,POPC,587,16.80559539794922,10.371187210083008,88.73702239990234
5988,cut3,5988,POPC,588,31.04753875732422,187.86614990234378,85.5904769897461
5988,cut3,5988,POPC,589,58.41692733764648,168.45338439941406,83.94847106933594
5988,cut3,5988,POPC,590,51.33100509643555,22.72551918029785,92.36844635009766
5988,cut3,5988,POPC,591,93.55382537841797,140.74896240234375,74.31452941894531
5988,cut3,5988,POPC,592,90.78839111328125,206.14553833007812,92.63480377197266
5988,cut3,5988,POPC,593,47.11625289916992,189.3741455078125,87.96632385253906
5988,cut3,5988,POPC,594,48.01151657104492,18.58563804626465,51.8681526184082
5988,cut3,5988,POPC,595,145.05783081054688,157.2849578857422,70.89661407470703
5988,cut3,5988,POPC,596,0.86129230260849,214.51275634765625,81.52522277832031
5988,cut3,5988,POPC,597,84.24620056152344,8.294509887695312,94.77613067626953
5988,cut3,5988,POPC,598,57.98857498168945,9.489012718200684,93.781005859375
5988,cut3,5988,POPC,599,63.194095611572266,34.6634635925293,91.78492736816406
5988,cut3,5988,POPC,600,63.982242584228516,145.307861328125,79.26933288574219
5988,cut3,5988,POPC,601,62.06850814819336,199.71481323242188,92.57931518554688
5988,cut3,5988,POPC,602,90.4344253540039,125.1767807006836,75.01434326171875
5988,cut3,5988,POPC,603,46.83283615112305,95.45301818847656,87.6174545288086
5988,cut3,5988,POPC,604,58.45148849487305,28.498294830322266,92.32120513916016
5988,cut3,5988,POPC,605,108.41100311279295,88.11714935302734,80.88563537597656
5988,cut3,5988,POPC,606,156.02915954589844,185.56591796875,78.14118957519531
5988,cut3,5988,POPC,607,127.0815658569336,172.53018188476562,71.55548858642578
5988,cut3,5988,POPC,608,129.1883087158203,93.26394653320312,33.170982360839844
5988,cut3,5988,POPC,609,7.822235584259033,55.72270584106445,54.95344543457031
5988,cut3,5988,POPC,610,101.91487121582031,179.2803192138672,41.06597137451172
5988,cut3,5988,POPC,611,184.75372314453125,149.08482360839844,50.027252197265625
5988,cut3,5988,POPC,612,51.5838737487793,55.944366455078125,52.699066162109375
5988,cut3,5988,POPC,613,168.0301055908203,181.61581420898438,41.596736907958984
5988,cut3,5988,POPC,614,149.33639526367188,142.86524963378906,34.725433349609375
5988,cut3,5988,POPC,615,149.25929260253906,9.7910737991333,58.28446578979492
5988,cut3,5988,POPC,616,192.27207946777344,219.55409240722656,53.67252731323242
5988,cut3,5988,POPC,617,97.58602905273438,192.4031982421875,49.649539947509766
5988,cut3,5988,POPC,618,83.584716796875,170.81198120117188,45.251094818115234
5988,cut3,5988,POPC,619,59.148685455322266,29.78221893310547,54.64622497558594
5988,cut3,5988,POPC,620,3.538158893585205,206.5569610595703,44.470176696777344
5988,cut3,5988,POPC,621,185.44743347167972,206.32986450195312,49.79292678833008
5988,cut3,5988,POPC,622,98.65108489990234,38.441802978515625,54.459571838378906
5988,cut3,5988,POPC,623,7.296722888946533,36.6841926574707,55.236263275146484
5988,cut3,5988,POPC,624,43.46581268310547,68.7238540649414,52.720767974853516
5988,cut3,5988,POPC,625,17.486526489257812,174.67341613769528,45.00703811645508
5988,cut3,5988,POPC,626,31.4583740234375,36.55999374389649,55.708946228027344
5988,cut3,5988,POPC,627,186.3804168701172,123.41578674316406,49.87245178222656
5988,cut3,5988,POPC,628,122.87565612792969,207.0509033203125,46.40082550048828
5988,cut3,5988,POPC,629,208.28607177734375,191.80047607421875,47.94474792480469
5988,cut3,5988,POPC,630,190.07449340820312,107.78462219238281,49.830718994140625
5988,cut3,5988,POPC,631,184.95066833496094,142.28892517089844,49.28608703613281
5988,cut3,5988,POPC,632,31.159759521484375,225.37452697753906,47.79233169555664
5988,cut3,5988,POPC,633,4.023779392242432,10.402873992919922,49.104530334472656
5988,cut3,5988,POPC,634,90.33024597167969,7.268280506134033,56.64766311645508
5988,cut3,5988,POPC,635,78.54288482666016,156.03115844726562,40.297855377197266
5988,cut3,5988,POPC,636,17.112422943115234,149.40203857421875,44.70695495605469
5988,cut3,5988,POPC,637,93.78775024414062,113.35169219970703,47.98567581176758
5988,cut3,5988,POPC,638,70.89933013916016,14.221380233764648,58.09501647949219
5988,cut3,5988,POPC,639,106.39849853515625,38.13151931762695,56.09620666503906
5988,cut3,5988,POPC,640,211.11680603027344,208.95159912109375,48.702110290527344
5988,cut3,5988,POPC,641,203.9094696044922,123.97980499267578,54.19483947753906
5988,cut3,5988,POPC,642,207.58953857421875,148.57325744628906,52.10908126831055
5988,cut3,5988,POPC,643,33.17022705078125,19.095659255981445,54.066200256347656
5988,cut3,5988,POPC,644,197.33355712890625,42.93616485595703,57.09197235107422
5988,cut3,5988,POPC,645,130.4497528076172,146.45419311523438,30.078239440917965
5988,cut3,5988,POPC,646,190.0382843017578,67.47311401367188,55.86013412475586
5988,cut3,5988,POPC,647,203.56565856933594,102.13605499267578,55.008785247802734
5988,cut3,5988,POPC,648,51.2421989440918,33.31233215332031,58.498653411865234
5988,cut3,5988,POPC,649,197.35079956054688,130.70010375976562,52.43726348876953
5988,cut3,5988,POPC,650,178.46678161621094,34.84404754638672,51.519325256347656
5988,cut3,5988,POPC,651,18.96630096435547,195.11251831054688,46.66080856323242
5988,cut3,5988,POPC,652,52.74882125854492,171.9126739501953,49.07475280761719
5988,cut3,5988,POPC,653,49.130855560302734,62.88154220581055,53.72370529174805
5988,cut3,5988,POPC,654,175.9807586669922,115.12185668945312,47.669029235839844
5988,cut3,5988,POPC,655,55.55111312866211,207.031494140625,57.20920181274414
5988,cut3,5988,POPC,656,50.12501907348633,221.1698455810547,55.49217224121094
5988,cut3,5988,POPC,657,76.16707611083983,213.47991943359375,53.318603515625
5988,cut3,5988,POPC,658,167.97621154785156,107.90113067626953,45.12029266357422
5988,cut3,5988,POPC,659,127.36487579345703,58.61404800415039,42.12918472290039
5988,cut3,5988,POPC,660,8.303455352783203,188.96231079101562,43.91056823730469
5988,cut3,5988,POPC,661,108.22337341308594,125.91197204589844,37.62603759765625
5988,cut3,5988,POPC,662,67.99239349365234,31.397539138793945,55.07020568847656
5988,cut3,5988,POPC,663,32.521873474121094,200.72943115234375,49.458824157714844
5988,cut3,5988,POPC,664,26.63764190673828,19.74920654296875,51.81726837158203
5988,cut3,5988,POPC,665,104.41670989990234,5.687793731689453,55.553279876708984
5988,cut3,5988,POPC,666,80.77772521972656,162.54087829589844,38.882389068603516
5988,cut3,5988,POPC,667,67.85470581054688,170.2380828857422,43.61621856689453
5988,cut3,5988,POPC,668,77.07128143310547,10.21340274810791,56.82561492919922
5988,cut3,5988,POPC,669,124.08155822753906,138.06239318847656,34.742679595947266
5988,cut3,5988,POPC,670,15.653938293457031,189.20870971679688,43.85597229003906
5988,cut3,5988,POPC,671,37.3830680847168,151.8361053466797,41.48606872558594
5988,cut3,5988,POPC,672,191.48269653320312,160.46214294433594,41.613525390625
5988,cut3,5988,POPC,673,31.2744140625,7.752060890197754,49.758140563964844
5988,cut3,5988,POPC,674,175.24488830566406,21.543869018554688,56.68590927124024
5988,cut3,5988,POPC,675,32.93517303466797,58.4569091796875,56.33757019042969
5988,cut3,5988,POPC,676,153.2421417236328,171.486572265625,39.12853240966797
5988,cut3,5988,POPC,677,27.50945281982422,42.70689392089844,52.16168975830078
5988,cut3,5988,POPC,678,70.65217590332031,22.877641677856445,53.92704391479492
5988,cut3,5988,POPC,679,69.47766876220703,65.52411651611328,50.73466110229492
5988,cut3,5988,POPC,680,139.4678192138672,220.5233154296875,56.34685516357422
5988,cut3,5988,POPC,681,62.54414749145508,44.97713851928711,56.60239028930664
5988,cut3,5988,POPC,682,89.38875579833984,168.12826538085938,39.70857620239258
5988,cut3,5988,POPC,683,69.1105728149414,171.45120239257812,85.38267517089844
5988,cut3,5988,POPC,684,200.70468139648438,205.22113037109375,49.19737243652344
5988,cut3,5988,POPC,685,170.2761688232422,214.5564727783203,56.6463737487793
5988,cut3,5988,POPC,686,47.43455123901367,90.545654296875,54.066810607910156
5988,cut3,5988,POPC,687,116.81146240234375,217.22857666015625,53.81203842163086
5988,cut3,5988,POPC,688,91.51219177246094,190.3639373779297,47.24620056152344
5988,cut3,5988,POPC,689,200.0974884033203,29.093303680419922,55.8530158996582
5988,cut3,5988,POPC,690,85.03084564208984,187.28399658203125,49.217864990234375
5988,cut3,5988,POPC,691,6.046940326690674,26.283056259155273,53.541873931884766
5988,cut3,5988,POPC,692,62.236080169677734,5.662235736846924,52.64805221557618
5988,cut3,5988,POPC,693,4.6243767738342285,211.84674072265625,49.084537506103516
5988,cut3,5988,POPC,694,109.23233032226562,202.9833221435547,53.279335021972656
5988,cut3,5988,POPC,695,111.40232849121094,84.54261779785156,36.08365249633789
5988,cut3,5988,POPC,696,123.96363067626953,152.55931091308594,32.89004135131836
5988,cut3,5988,POPC,697,92.73747253417969,24.615381240844727,54.8441047668457
5988,cut3,5988,POPC,698,194.07423400878906,115.79825592041016,53.51301193237305
5988,cut3,5988,POPC,699,66.23707580566406,18.404861450195312,56.2633056640625
5988,cut3,5988,POPC,700,91.22620391845703,203.9078826904297,49.85499954223633
5988,cut3,5988,POPC,701,28.796615600585938,12.32638931274414,52.44456100463867
5988,cut3,5988,POPC,702,118.21896362304688,2.709904432296753,55.076988220214844
5988,cut3,5988,POPC,703,98.36102294921875,203.51998901367188,49.36235046386719
5988,cut3,5988,POPC,704,40.58880615234375,165.24905395507812,43.539188385009766
5988,cut3,5988,POPC,705,169.8667449951172,14.12812614440918,53.3951416015625
5988,cut3,5988,POPC,706,180.47967529296875,121.01502227783203,45.527992248535156
5988,cut3,5988,POPC,707,56.85331344604492,215.65277099609375,57.04078674316406
5988,cut3,5988,POPC,708,26.291698455810547,25.278366088867188,54.846778869628906
5988,cut3,5988,POPC,709,140.85520935058594,149.02816772460938,31.94060516357422
5988,cut3,5988,POPC,710,6.247833728790283,176.96192932128906,44.7879638671875
5988,cut3,5988,POPC,711,115.2917251586914,199.28936767578125,49.44914245605469
5988,cut3,5988,POPC,712,9.620214462280273,84.33975982666016,53.18843078613281
5988,cut3,5988,POPC,713,106.79713439941406,29.495813369750977,51.85854721069336
5988,cut3,5988,POPC,714,103.70195007324219,222.5831298828125,56.73839569091797
5988,cut3,5988,POPC,715,55.85701370239258,182.1622314453125,49.2878532409668
5988,cut3,5988,POPC,716,89.4295654296875,161.81430053710938,39.74150848388672
5988,cut3,5988,POPC,717,204.3114776611328,168.67474365234375,44.8426399230957
5988,cut3,5988,POPC,718,135.0211486816406,49.12568664550781,41.54288101196289
5988,cut3,5988,POPC,719,86.0546646118164,193.6486358642578,48.61516571044922
5988,cut3,5988,POPC,720,127.82843017578125,65.06192016601562,40.479713439941406
5988,cut3,5988,POPC,721,112.99693298339844,206.39549255371094,49.714324951171875
5988,cut3,5988,POPC,722,9.599079132080078,5.253300666809082,46.100341796875
5988,cut3,5988,POPC,723,45.75043487548828,55.24425506591797,51.62387466430664
5988,cut3,5988,POPC,724,188.8317108154297,154.42660522460938,46.33864974975586
5988,cut3,5988,POPC,725,195.33250427246094,188.20413208007812,45.0671272277832
5988,cut3,5988,POPC,726,65.34046173095703,74.76551818847656,50.37392044067383
5988,cut3,5988,POPC,727,176.77462768554688,198.4702606201172,48.8912239074707
5988,cut3,5988,POPC,728,69.69764709472656,136.55746459960938,36.616695404052734
5988,cut3,5988,POPC,729,22.782230377197266,30.41156578063965,54.72269058227539
5988,cut3,5988,POPC,730,148.732421875,107.73213958740234,37.96549606323242
5988,cut3,5988,POPC,731,18.17084503173828,203.40769958496094,49.193607330322266
5988,cut3,5988,POPC,732,207.78109741210938,33.6096076965332,56.52783203125
5988,cut3,5988,POPC,733,169.2305145263672,145.45860290527344,51.107749938964844
5988,cut3,5988,POPC,734,202.6785888671875,45.41010665893555,55.13541793823242
5988,cut3,5988,POPC,735,42.9974250793457,26.37039566040039,56.88963317871094
5988,cut3,5988,POPC,736,66.95436096191406,165.04470825195312,43.060428619384766
5988,cut3,5988,POPC,737,39.025081634521484,171.0631561279297,45.728328704833984
5988,cut3,5988,POPC,738,77.55052947998047,76.38997650146484,50.161949157714844
5988,cut3,5988,POPC,739,23.407115936279297,205.26367187499997,47.746707916259766
5988,cut3,5988,POPC,740,169.13986206054688,115.02608489990234,46.16444396972656
5988,cut3,5988,POPC,741,168.16041564941406,147.3441619873047,44.708885192871094
5988,cut3,5988,POPC,742,97.26690673828125,223.74935913085938,56.90438461303711
5988,cut3,5988,POPC,743,200.87725830078125,67.53604125976562,59.20915985107422
5988,cut3,5988,POPC,744,14.719856262207031,34.83032989501953,54.90476608276367
5988,cut3,5988,POPC,745,71.44112396240234,58.97948455810547,52.3751106262207
5988,cut3,5988,POPC,746,79.39517211914062,53.27519607543945,51.617435455322266
5988,cut3,5988,POPC,747,192.2539825439453,134.4893798828125,50.59230422973633
5988,cut3,5988,POPC,748,93.22676086425781,14.006329536437988,54.56798553466797
5988,cut3,5988,POPC,749,192.3940887451172,103.8125228881836,53.696964263916016
5988,cut3,5988,POPC,750,71.37556457519531,146.2487030029297,37.76761245727539
5988,cut3,5988,POPC,751,135.74046325683594,216.39613342285156,56.993614196777344
5988,cut3,5988,POPC,752,144.31195068359375,139.0718994140625,32.02880859375
5988,cut3,5988,POPC,753,71.24908447265625,173.6520233154297,41.59148406982422
5988,cut3,5988,POPC,754,102.3246078491211,217.35064697265625,53.316856384277344
5988,cut3,5988,POPC,755,175.1036376953125,66.79511260986328,52.84803771972656
5988,cut3,5988,POPC,756,56.87253952026367,47.78774642944336,54.17930603027344
5988,cut3,5988,POPC,757,124.12496185302734,220.2637939453125,51.92862319946289
5988,cut3,5988,POPC,758,182.9520263671875,92.9328842163086,50.96906280517578
5988,cut3,5988,POPC,759,21.862262725830078,16.188457489013672,54.219520568847656
5988,cut3,5988,POPC,760,34.14466094970703,178.87088012695312,48.07976531982422
5988,cut3,5988,POPC,761,137.72557067871097,15.329550743103027,58.7314338684082
5988,cut3,5988,POPC,762,95.28458404541016,68.47726440429688,53.855125427246094
5988,cut3,5988,POPC,763,75.42466735839844,83.52559661865234,52.30752944946289
5988,cut3,5988,POPC,764,112.77273559570312,50.866024017333984,50.117958068847656
5988,cut3,5988,POPC,765,108.4024200439453,57.565196990966804,45.92668914794922
5988,cut3,5988,POPC,766,40.177371978759766,19.586563110351562,52.77257537841797
5988,cut3,5988,POPC,767,175.26963806152344,75.29251861572266,55.273765563964844
5988,cut3,5988,POPC,768,64.3236312866211,209.3030242919922,53.31256866455078
5988,cut3,5988,POPC,769,198.7099609375,174.4925079345703,41.540657043457024
5988,cut3,5988,POPC,770,104.5432357788086,72.81657409667969,44.68207550048828
5988,cut3,5988,POPC,771,94.8803482055664,184.61990356445312,41.293827056884766
5988,cut3,5988,POPC,772,42.630455017089844,34.591426849365234,60.26820373535156
5988,cut3,5988,POPC,773,155.9930419921875,144.1549072265625,35.82646560668945
5988,cut3,5988,POPC,774,191.59115600585938,36.46635818481445,57.242496490478516
5988,cut3,5988,POPC,775,185.8682403564453,5.284145832061768,49.707557678222656
5988,cut3,5988,POPC,776,166.25563049316406,223.17115783691406,55.765968322753906
5988,cut3,5988,POPC,777,205.43179321289062,180.60971069335938,42.944522857666016
5988,cut3,5988,POPC,778,79.85114288330078,175.92843627929688,44.854705810546875
5988,cut3,5988,POPC,779,184.75030517578125,70.02333068847656,57.30164337158203
5988,cut3,5988,POPC,780,84.5886459350586,213.685546875,50.3095588684082
5988,cut3,5988,POPC,781,22.68352508544922,48.86430358886719,53.79122543334961
5988,cut3,5988,POPC,782,32.56758499145508,134.5072479248047,41.310462951660156
5988,cut3,5988,POPC,783,199.28976440429688,213.60194396972656,50.890846252441406
5988,cut3,5988,POPC,784,59.2008171081543,13.521391868591309,56.12691879272461
5988,cut3,5988,POPC,785,61.687015533447266,185.5051727294922,48.47949981689453
5988,cut3,5988,POPC,786,28.851612091064453,205.76121520996094,49.70973205566407
5988,cut3,5988,POPC,787,111.34618377685547,103.6422348022461,43.14259338378906
5988,cut3,5988,POPC,788,33.94011688232422,115.80718231201172,50.44768142700195
5988,cut3,5988,POPC,789,173.3765869140625,175.33912658691406,39.02558517456055
5988,cut3,5988,POPC,790,12.900466918945312,141.33241271972656,53.59597396850586
5988,cut3,5988,POPC,791,82.14545440673828,45.290870666503906,52.4041633605957
5988,cut3,5988,POPC,792,52.24656295776367,164.98329162597656,81.66478729248047
5988,cut3,5988,POPC,793,38.3441047668457,9.618114471435547,50.133758544921875
5988,cut3,5988,POPC,794,48.230716705322266,39.2816276550293,59.343284606933594
5988,cut3,5988,POPC,795,170.27525329589844,130.8075408935547,49.07809829711914
5988,cut3,5988,POPC,796,178.99624633789062,98.79585266113281,51.4173583984375
5988,cut3,5988,POPC,797,63.72530746459961,145.8914031982422,35.5666618347168
5988,cut3,5988,POPC,798,181.7578887939453,24.41583824157715,55.04470443725586
5988,cut3,5988,POPC,799,203.1579132080078,58.74795913696289,56.64569091796875
5988,cut3,5988,POPC,800,147.47366333007812,128.17364501953125,38.06858825683594
5988,cut3,5988,POPC,801,17.356735229492188,9.85089111328125,49.18050765991211
5988,cut3,5988,POPC,802,80.78235626220703,38.71628952026367,51.54460525512695
5988,cut3,5988,POPC,803,12.111848831176758,94.02851104736328,51.97500228881836
5988,cut3,5988,POPC,804,81.44163513183594,202.84866333007812,48.55511474609375
5988,cut3,5988,POPC,805,188.51861572265625,43.608245849609375,55.939762115478516
5988,cut3,5988,POPC,806,182.0208740234375,194.29034423828125,47.3253288269043
5988,cut3,5988,POPC,807,101.18672180175783,12.788389205932617,56.413978576660156
5988,cut3,5988,POPC,808,143.46339416503906,11.755949020385742,60.8525619506836
5988,cut3,5988,POPC,809,75.25106048583984,192.16221618652344,49.780033111572266
5988,cut3,5988,POPC,810,63.46628952026367,204.47862243652344,51.39239501953125
5988,cut3,5988,POPC,811,49.540035247802734,208.64524841308594,53.72034454345703
5988,cut3,5988,POPC,812,84.07383728027344,60.782203674316406,48.706466674804695
5988,cut3,5988,POPC,813,176.2053985595703,216.3628387451172,50.02861022949219
5988,cut3,5988,POPC,814,80.0716552734375,216.34349060058594,54.04710388183594
5988,cut3,5988,POPC,815,175.6571807861328,15.968255996704102,52.73947525024414
5988,cut3,5988,POPC,816,209.17315673828125,101.7906494140625,58.222537994384766
5988,cut3,5988,POPC,817,24.216022491455078,83.85273742675783,57.94225311279297
5988,cut3,5988,POPC,818,1.048595905303955,67.20355224609375,52.80057144165039
5988,cut3,5988,POPC,819,206.49978637695312,201.46408081054688,48.543983459472656
5988,cut3,5988,POPC,820,97.09619903564453,61.8565788269043,50.44289016723633
5988,cut3,5988,POPC,821,24.995906829833984,66.5556640625,56.61984634399414
5988,cut3,5988,POPC,822,129.67678833007812,214.34202575683594,57.10585403442383
5988,cut3,5988,POPC,823,162.42184448242188,170.65383911132812,37.3939208984375
5988,cut3,5988,POPC,824,16.04323959350586,85.97301483154297,54.754356384277344
5988,cut3,5988,POPC,825,127.72885131835938,84.81490325927734,31.90003204345703
5988,cut3,5988,POPC,826,56.0951042175293,192.0794219970703,50.159324645996094
5988,cut3,5988,POPC,827,54.39069747924805,8.594011306762695,55.778079986572266
5988,cut3,5988,POPC,828,40.78396987915039,13.952340126037598,52.71828079223633
5988,cut3,5988,POPC,829,50.51457595825195,146.1028289794922,42.57730102539062
5988,cut3,5988,POPC,830,182.0713348388672,129.48155212402344,50.41981887817383
5988,cut3,5988,POPC,831,40.64968490600586,86.40079498291016,53.409175872802734
5988,cut3,5988,POPC,832,44.57960510253906,80.90340423583984,53.09281921386719
5988,cut3,5988,POPC,833,32.85335159301758,76.74322509765625,54.970516204833984
5988,cut3,5988,POPC,834,22.796920776367188,159.5341949462891,45.15138244628906
5988,cut3,5988,POPC,835,22.435504913330078,164.50860595703125,43.779293060302734
5988,cut3,5988,POPC,836,44.68260955810547,172.66830444335938,48.8521842956543
5988,cut3,5988,POPC,837,214.70181274414062,180.72702026367188,45.987060546875
5988,cut3,5988,POPC,838,204.12928771972656,144.78565979003906,49.39152526855469
5988,cut3,5988,POPC,839,75.8729248046875,137.94920349121094,38.09291458129883
5988,cut3,5988,POPC,840,61.93333053588867,131.73245239257812,35.86992263793945
5988,cut3,5988,POPC,841,104.33399963378906,190.30282592773438,49.20543670654297
5988,cut3,5988,POPC,842,90.39681243896484,-0.019141966477036476,54.913204193115234
5988,cut3,5988,POPC,843,130.90109252929688,20.254594802856445,53.53105545043945
5988,cut3,5988,POPC,844,144.4075164794922,120.43500518798828,36.94814682006836
5988,cut3,5988,POPC,845,69.82720184326172,156.99745178222656,41.7158203125
5988,cut3,5988,POPC,846,71.04476928710938,219.30108642578125,51.9086799621582
5988,cut3,5988,POPC,847,96.35175323486328,93.76600646972656,40.70545959472656
5988,cut3,5988,POPC,848,47.31270980834961,9.25895690917969,52.91081237792969
5988,cut3,5988,POPC,849,202.2433624267578,36.165870666503906,57.416107177734375
5988,cut3,5988,POPC,850,72.27243041992188,39.45953369140625,55.07841873168945
5988,cut3,5988,POPC,851,120.85897064208984,22.723852157592773,49.20539093017578
5988,cut3,5988,POPC,852,210.68141174316406,88.68270874023438,58.066001892089844
5988,cut3,5988,POPC,853,26.662601470947266,75.46744537353516,55.5396614074707
5988,cut3,5988,POPC,854,1.993786334991455,192.7158660888672,45.604522705078125
5988,cut3,5988,POPC,855,130.9686737060547,14.14814567565918,56.85525894165039
5988,cut3,5988,POPC,856,194.12925720214844,82.4194107055664,57.5125846862793
5988,cut3,5988,POPC,857,175.2567901611328,155.39987182617188,47.20454406738281
5988,cut3,5988,POPC,858,136.19618225097656,20.909488677978516,55.7440071105957
5988,cut3,5988,POPC,859,81.86600494384766,196.97288513183594,49.654808044433594
5988,cut3,5988,POPC,860,8.462255477905273,14.690964698791504,50.916622161865234
5988,cut3,5988,POPC,861,205.574951171875,130.2953338623047,51.48927307128906
5988,cut3,5988,POPC,862,191.4039306640625,20.40229606628418,53.65643310546875
5988,cut3,5988,POPC,863,86.70829772949219,185.77090454101562,44.77893829345703
5988,cut3,5988,POPC,864,107.22491455078125,77.30091857910156,39.38371658325195
5988,cut3,5988,POPC,865,125.60509490966797,31.245868682861328,50.33887481689453
5988,cut3,5988,POPC,866,206.05474853515625,163.23683166503906,47.12485885620117
5988,cut3,5988,POPC,867,196.33897399902344,160.1824493408203,44.19741439819336
5988,cut3,5988,POPC,868,30.270950317382812,211.4705810546875,49.094200134277344
5988,cut3,5988,POPC,869,154.0511474609375,150.6073455810547,34.130435943603516
5988,cut3,5988,POPC,870,36.653934478759766,222.0446014404297,50.74973678588867
5988,cut3,5988,POPC,871,69.7173080444336,46.7352409362793,54.55342483520508
5988,cut3,5988,POPC,872,91.13526153564453,215.2314910888672,51.52153778076172
5988,cut3,5988,POPC,873,85.65966796875,49.422061920166016,48.75518035888672
5988,cut3,5988,POPC,874,72.31049346923828,226.93028259277344,53.08379364013672
5988,cut3,5988,POPC,875,109.45397186279297,20.655832290649414,53.60707473754883
5988,cut3,5988,POPC,876,41.724266052246094,179.95188903808594,47.440956115722656
5988,cut3,5988,POPC,877,190.71958923339844,11.91570472717285,50.60228729248047
5988,cut3,5988,POPC,878,194.86541748046875,90.66625213623047,55.293968200683594
5988,cut3,5988,POPC,879,97.84562683105469,5.268579483032227,54.847503662109375
5988,cut3,5988,POPC,880,131.96017456054688,87.66695404052734,33.51694869995117
5988,cut3,5988,POPC,881,36.59396743774414,30.669401168823242,54.28327560424804
5988,cut3,5988,POPC,882,205.9122772216797,73.97480010986328,56.27067184448242
5988,cut3,5988,POPC,883,173.5592498779297,5.765501499176025,49.017459869384766
5988,cut3,5988,POPC,884,207.13710021972656,67.47256469726562,61.455116271972656
5988,cut3,5988,POPC,885,16.445587158203125,15.948058128356934,52.37858963012695
5988,cut3,5988,POPC,886,49.394779205322266,166.60794067382812,45.71818923950195
5988,cut3,5988,POPC,887,98.53864288330078,209.2772216796875,50.91240692138672
5988,cut3,5988,POPC,888,6.745150089263916,70.98284912109375,52.99290084838867
5988,cut3,5988,POPC,889,117.91175842285156,125.66842651367188,34.52728652954101
5988,cut3,5988,POPC,890,33.630470275878906,159.839111328125,42.939998626708984
5988,cut3,5988,POPC,891,19.345775604248047,41.80836868286133,54.14835739135742
5988,cut3,5988,POPC,892,210.42385864257812,82.91175842285156,56.360633850097656
5988,cut3,5988,POPC,893,174.96286010742188,180.98716735839844,41.105316162109375
5988,cut3,5988,POPC,894,39.5538444519043,190.9099578857422,46.97663497924805
5988,cut3,5988,POPC,895,64.1135482788086,191.1588592529297,49.773380279541016
5988,cut3,5988,POPC,896,200.63037109375,199.90780639648438,45.639915466308594
5988,cut3,5988,POPC,897,71.26410675048828,51.88591766357422,53.69954299926758
5988,cut3,5988,POPC,898,58.26262283325195,140.28271484375,37.50314712524414
5988,cut3,5988,POPC,899,201.9890899658203,85.61981964111328,56.14789581298828
5988,cut3,5988,POPC,900,3.901991367340088,228.19468688964844,50.71158981323242
5988,cut3,5988,POPC,901,204.8043975830078,218.20013427734375,48.39413070678711
5988,cut3,5988,POPC,902,70.90120697021484,77.24655151367188,49.267982482910156
5988,cut3,5988,POPC,903,109.59175872802734,190.68312072753906,46.523597717285156
5988,cut3,5988,POPC,904,57.67360305786133,154.67547607421875,44.793880462646484
5988,cut3,5988,POPC,905,48.14948654174805,2.4405088424682617,55.24311828613281
5988,cut3,5988,POPC,906,213.51638793945312,59.4451789855957,59.627357482910156
5988,cut3,5988,POPC,907,88.1772689819336,29.18678855895996,56.6229362487793
5988,cut3,5988,POPC,908,4.37136697769165,50.813629150390625,54.19922637939453
5988,cut3,5988,POPC,909,55.63692092895508,135.19326782226562,39.664756774902344
5988,cut3,5988,POPC,910,122.7189712524414,43.852134704589844,48.35441207885742
5988,cut3,5988,POPC,911,129.56446838378906,2.8015799522399902,51.86029052734375
5988,cut3,5988,POPC,912,197.7823486328125,107.80841827392578,53.067588806152344
5988,cut3,5988,POPC,913,55.66458511352539,25.82301139831543,58.73918151855469
5988,cut3,5988,POPC,914,140.04209899902344,39.7439079284668,44.484779357910156
5988,cut3,5988,POPC,915,44.43003463745117,143.74456787109375,43.23041534423828
5988,cut3,5988,POPC,916,107.26251983642578,211.5603485107422,51.30863571166992
5988,cut3,5988,POPC,917,173.35960388183594,121.12258911132812,48.187068939208984
5988,cut3,5988,POPC,918,17.74295425415039,218.4315643310547,46.69904708862305
5988,cut3,5988,POPC,919,46.09717559814453,196.09165954589844,48.15693283081055
5988,cut3,5988,POPC,920,60.76070022583008,159.85247802734375,46.370147705078125
5988,cut3,5988,POPC,921,62.13645553588867,68.9774169921875,48.95207214355469
5988,cut3,5988,POPC,922,184.42929077148438,50.32319641113281,55.071224212646484
5988,cut3,5988,POPC,923,189.0101318359375,93.25868225097656,53.65623092651367
5988,cut3,5988,POPC,924,167.7703399658203,100.6729736328125,45.282283782958984
5988,cut3,5988,POPC,925,83.2293472290039,11.463828086853027,56.479225158691406
5988,cut3,5988,POPC,926,201.67617797851562,13.611408233642578,50.755558013916016
5988,cut3,5988,POPC,927,123.04009246826172,11.205129623413086,54.774295806884766
5988,cut3,5988,POPC,928,23.034969329833984,137.59901428222656,44.89604568481445
5988,cut3,5988,POPC,929,47.72590255737305,74.11775970458984,51.762779235839844
5988,cut3,5988,POPC,930,79.09790802001953,-1.2335591316223145,53.182044982910156
5988,cut3,5988,POPC,931,185.31858825683594,61.766326904296875,51.11285400390625
5988,cut3,5988,POPC,932,208.3134002685547,94.57316589355469,55.034812927246094
5988,cut3,5988,POPC,933,206.20587158203125,26.22502326965332,55.018898010253906
5988,cut3,5988,POPC,934,89.22069549560547,18.906225204467773,55.56293869018555
5988,cut3,5988,POPC,935,34.74851989746094,45.65864181518555,56.142189025878906
5988,cut3,5988,POPC,936,129.50558471679688,43.82782745361328,44.74140548706055
5988,cut3,5988,POPC,937,183.52967834472656,14.391432762145996,52.95097732543945
5988,cut3,5988,POPC,938,88.9231948852539,119.88924407958984,41.28570556640625
5988,cut3,5988,POPC,939,114.25287628173828,-1.8903827667236328,54.07304000854492
5988,cut3,5988,POPC,940,209.06741333007812,3.297722101211548,48.357574462890625
5988,cut3,5988,POPC,941,209.03988647460938,47.431941986083984,54.01144790649414
5988,cut3,5988,POPC,942,69.94257354736328,185.827880859375,46.38584899902343
5988,cut3,5988,POPC,943,169.02223205566406,94.66226196289062,49.89727783203124
5988,cut3,5988,POPC,944,170.64378356933594,139.1002960205078,50.36387634277344
5988,cut3,5988,POPC,945,74.35313415527344,16.67328453063965,53.16397476196289
5988,cut3,5988,POPC,946,191.49758911132812,205.80487060546875,48.30581283569336
5988,cut3,5988,POPC,947,11.047157287597656,210.89602661132812,45.7415657043457
5988,cut3,5988,POPC,948,116.10273742675781,83.59535217285156,31.986156463623047
5988,cut3,5988,POPC,949,63.87855911254883,113.19823455810547,38.03376388549805
5988,cut3,5988,POPC,950,101.41551208496094,45.11125946044922,52.921058654785156
5988,cut3,5988,POPC,951,24.518646240234375,191.70001220703125,46.074893951416016
5988,cut3,5988,POPC,952,187.33843994140625,27.706768035888672,55.94912338256836
5988,cut3,5988,POPC,953,55.643192291259766,38.893611907958984,59.18311309814453
5988,cut3,5988,POPC,954,34.364112854003906,169.13424682617188,41.76292419433594
5988,cut3,5988,POPC,955,79.53642272949219,129.5552520751953,34.96251678466797
5988,cut3,5988,POPC,956,199.8794708251953,21.397689819335938,53.16458511352539
5988,cut3,5988,POPC,957,167.67459106445312,153.4068603515625,45.57845687866211
5988,cut3,5988,POPC,958,193.85903930664065,97.87821197509766,52.34914779663086
5988,cut3,5988,POPC,959,65.91638946533203,81.63347625732422,47.626182556152344
5988,cut3,5988,POPC,960,41.06340026855469,201.25149536132812,46.256465911865234
5988,cut3,5988,POPC,961,93.74020385742188,220.10972595214844,52.88951873779297
5988,cut3,5988,POPC,962,150.95010375976562,14.76322078704834,57.6839599609375
5988,cut3,5988,POPC,963,28.003334045410156,91.44994354248047,56.39844512939453
5988,cut3,5988,POPC,964,34.783992767333984,184.71986389160156,48.65888977050781
5988,cut3,5988,POPC,965,161.18270874023438,120.23210906982422,41.24332809448242
5988,cut3,5988,POPC,966,209.0768280029297,145.2391815185547,45.07803726196289
5988,cut3,5988,POPC,967,118.02098083496095,50.00591278076172,47.668575286865234
5988,cut3,5988,POPC,968,37.42508316040039,141.71403503417966,43.35162353515625
5988,cut3,5988,POPC,969,103.58834075927734,92.02471923828125,38.241275787353516
5988,cut3,5988,POPC,970,47.73273849487305,42.43972396850586,53.43663787841797
5988,cut3,5988,POPC,971,161.263671875,126.14848327636719,42.55207443237305
5988,cut3,5988,POPC,972,58.28336715698242,224.27835083007812,57.3445701599121
5988,cut3,5988,POPC,973,102.64515686035156,111.0696029663086,45.86511993408203
5988,cut3,5988,POPC,974,158.6615447998047,136.6681671142578,41.037410736083984
5988,cut3,5988,POPC,975,13.68707275390625,29.13309669494629,52.04219436645508
5988,cut3,5988,POPC,976,190.51527404785156,119.36021423339844,50.167240142822266
5988,cut3,5988,POPC,977,110.58029174804688,4.685779094696045,53.9022216796875
5988,cut3,5988,POPC,978,209.05096435546875,173.96275329589844,46.95800018310547
5988,cut3,5988,POPC,979,111.11981201171875,35.7952880859375,54.16948699951172
5988,cut3,5988,POPC,980,183.33152770996094,78.601318359375,53.86939239501953
5988,cut3,5988,POPC,981,5.197073459625244,167.03033447265625,49.22356033325195
5988,cut3,5988,POPC,982,55.44399642944336,16.455968856811523,54.454200744628906
5988,cut3,5988,POPC,983,44.30182647705078,154.5513458251953,42.26298904418945
5988,cut3,5988,POPC,984,53.97548294067383,109.22274017333984,46.71450424194336
5988,cut3,5988,POPC,985,162.12318420410156,141.22434997558594,40.284339904785156
5988,cut3,5988,POPC,986,51.115657806396484,178.84710693359375,47.6689338684082
5988,cut3,5988,POPC,987,147.96490478515625,86.93688201904297,42.100372314453125
5988,cut3,5988,POPC,988,172.8842010498047,150.4680633544922,49.12376022338867
5988,cut3,5988,POPC,989,172.52818298339844,87.41767883300781,48.95060348510742
5988,cut3,5988,POPC,990,175.19134521484375,83.6484603881836,53.93483352661133
5988,cut3,5988,POPC,991,13.126153945922852,22.862165451049805,52.42209243774414
5988,cut3,5988,POPC,992,80.12853240966797,17.658607482910156,54.42122268676758
5988,cut3,5988,POPC,993,79.01786041259766,186.1878662109375,46.20317077636718
5988,cut3,5988,POPC,994,177.0555419921875,133.10679626464844,49.31489562988281
5988,cut3,5988,POPC,995,157.909912109375,20.911537170410156,60.99519348144531
5988,cut3,5988,POPC,996,120.80213165283203,210.62466430664062,50.103965759277344
5988,cut3,5988,POPC,997,191.46243286132812,56.516014099121094,56.043514251708984
5988,cut3,5988,POPC,998,210.73333740234375,18.382970809936523,51.059349060058594
5988,cut3,5988,POPC,999,111.22640991210938,77.68974304199219,35.4806022644043
5988,cut3,5988,POPC,1000,67.95425415039062,212.979248046875,54.86968231201172
5988,cut3,5988,POPC,1001,194.56346130371094,153.34230041503906,44.260887145996094
5988,cut3,5988,POPC,1002,145.83753967285156,221.8178253173828,57.82697296142578
5988,cut3,5988,POPC,1003,7.368700504302978,217.51576232910156,48.8490104675293
5988,cut3,5988,POPC,1004,178.78517150878906,49.07479476928711,53.426536560058594
5988,cut3,5988,POPC,1005,210.9610595703125,29.768386840820312,53.50991439819336
5988,cut3,5988,POPC,1006,210.8123321533203,10.987544059753418,48.56930160522461
5988,cut3,5988,POPC,1007,11.15165901184082,169.3048553466797,49.088932037353516
5988,cut3,5988,POPC,1008,81.24897003173828,69.63825988769531,53.77105712890625
5988,cut3,5988,POPC,1009,30.49498748779297,152.4588623046875,42.96100616455078
5988,cut3,5988,POPC,1010,79.8700180053711,82.16793060302734,49.67897415161133
5988,cut3,5988,POPC,1011,105.44403076171875,199.99774169921875,49.97920227050781
5988,cut3,5988,POPC,1012,32.40562438964844,83.10751342773438,54.013797760009766
5988,cut3,5988,POPC,1013,85.95679473876953,152.22756958007812,36.535667419433594
5988,cut3,5988,POPC,1014,153.8252716064453,219.4193115234375,54.18009567260742
5988,cut3,5988,POPC,1015,132.82215881347656,137.61392211914062,31.91278839111328
5988,cut3,5988,POPC,1016,178.8235321044922,139.63099670410156,51.501651763916016
5988,cut3,5988,POPC,1017,203.31263732910156,108.14710998535156,56.531959533691406
5988,cut3,5988,POPC,1018,199.21591186523438,74.84254455566406,56.85781478881836
5988,cut3,5988,POPC,1019,43.70310592651367,206.59666442871094,50.11206817626953
5988,cut3,5988,POPC,1020,175.28302001953125,103.4151382446289,49.94104766845704
5988,cut3,5988,POPC,1021,17.902286529541016,144.1475830078125,50.129188537597656
5988,cut3,5988,POPC,1022,40.84896469116211,61.1591911315918,55.41344451904297
5988,cut3,5988,POPC,1023,158.3512725830078,-1.0758733749389648,56.2074089050293
5988,cut3,5988,POPC,1024,41.24476623535156,75.59387969970703,55.12830352783203
5988,cut3,5988,POPC,1025,188.57398986816406,128.73431396484375,50.92689514160156
5988,cut3,5988,POPC,1026,66.95437622070312,180.07852172851562,48.66593551635743
5988,cut3,5988,POPC,1027,136.54910278320312,8.16427993774414,57.12220001220703
5988,cut3,5988,POPC,1028,114.89442443847656,62.09416961669922,43.40813064575195
5988,cut3,5988,POPC,1029,61.47584915161133,197.29718017578125,50.57086944580078
5988,cut3,5988,POPC,1030,0.45651862025260925,75.58216094970703,57.03387451171875
5988,cut3,5988,POPC,1031,55.673206329345696,166.48976135253906,47.516719818115234
5988,cut3,5988,POPC,1032,143.9986572265625,37.362796783447266,48.73493194580078
5988,cut3,5988,POPC,1033,100.30015563964844,86.71556091308594,39.8984489440918
5988,cut3,5988,POPC,1034,63.37691879272461,61.77395248413086,51.63783264160156
5988,cut3,5988,POPC,1035,155.71066284179688,115.80769348144531,38.16033172607422
5988,cut3,5988,POPC,1036,127.90042114257812,52.29700469970703,43.972381591796875
5988,cut3,5988,POPC,1037,64.38117980957031,171.2834930419922,48.68146896362305
5988,cut3,5988,POPC,1038,89.4398422241211,180.98300170898438,41.490570068359375
5988,cut3,5988,POPC,1039,186.6935577392578,187.40525817871094,45.59938430786133
5988,cut3,5988,POPC,1040,181.74607849121094,161.5609130859375,42.82221984863281
5988,cut3,5988,POPC,1041,99.69602966308595,18.745262145996094,54.96358108520508
5988,cut3,5988,POPC,1042,210.5979461669922,185.2373504638672,46.708805084228516
5988,cut3,5988,POPC,1043,3.405489444732666,89.20896911621094,55.895668029785156
5988,cut3,5988,POPC,1044,92.73100280761719,35.85540008544922,58.68207931518555
5988,cut3,5988,POPC,1045,72.97742462158203,124.43460083007812,34.19374084472656
5988,cut3,5988,POPC,1046,189.68251037597656,-1.0012109279632568,49.56739807128906
5988,cut3,5988,POPC,1047,32.04965591430664,51.73223876953125,55.93815231323242
5988,cut3,5988,POPC,1048,194.45370483398438,141.78585815429688,44.266422271728516
5988,cut3,5988,POPC,1049,165.51719665527344,133.61175537109375,46.458106994628906
5988,cut3,5988,POPC,1050,24.494220733642578,36.95234298706055,54.08177947998047
5988,cut3,5988,POPC,1051,44.59348678588867,221.01390075683594,55.218936920166016
5988,cut3,5988,POPC,1052,39.65867614746094,53.14215469360351,55.669883728027344
5988,cut3,5988,POPC,1053,116.01236724853516,159.97683715820312,36.50136947631836
5988,cut3,5988,POPC,1054,12.865015029907227,77.61717224121094,54.432777404785156
5988,cut3,5988,POPC,1055,61.320186614990234,55.523406982421875,51.06844711303711
5988,cut3,5988,POPC,1056,130.05484008789062,221.10133361816406,55.74470901489258
5988,cut3,5988,POPC,1057,154.10658264160156,120.7254638671875,40.129188537597656
5988,cut3,5988,POPC,1058,184.41989135742188,104.53473663330078,49.21585464477539
5988,cut3,5988,POPC,1059,115.01679229736328,17.204139709472656,53.12184143066406
5988,cut3,5988,POPC,1060,129.6099853515625,28.647571563720703,53.49579620361328
5988,cut3,5988,POPC,1061,20.945419311523438,223.089599609375,45.55833053588867
5988,cut3,5988,POPC,1062,185.63047790527344,195.031005859375,43.04915237426758
5988,cut3,5988,POPC,1063,19.572792053222656,25.113370895385742,55.02171325683594
5988,cut3,5988,POPC,1064,91.6986083984375,75.61199951171875,49.46611404418945
5988,cut3,5988,POPC,1065,19.546215057373047,55.01876449584961,55.94084930419922
5988,cut3,5988,POPC,1066,73.62862396240234,197.54676818847656,47.118473052978516
5988,cut3,5988,POPC,1067,178.06358337402344,190.13943481445312,45.27843475341797
5988,cut3,5988,POPC,1068,129.64923095703125,155.51229858398438,29.27682113647461
5988,cut3,5988,POPC,1069,192.11102294921875,74.12506103515626,59.988685607910156
5988,cut3,5988,POPC,1070,62.531002044677734,219.32342529296875,57.14522933959961
5988,cut3,5988,POPC,1071,204.882568359375,209.51768493652344,49.67012405395508
5988,cut3,5988,POPC,1072,54.7106819152832,199.7510528564453,50.73693847656251
5988,cut3,5988,POPC,1073,36.840763092041016,90.29530334472656,54.302738189697266
5988,cut3,5988,POPC,1074,28.94799041748047,187.47642517089844,46.52051544189453
5988,cut3,5988,POPC,1075,174.52471923828125,30.185964584350586,56.1604118347168
5988,cut3,5988,POPC,1076,29.01546859741211,196.17068481445312,48.130149841308594
5988,cut3,5988,POPC,1077,212.9178466796875,53.592498779296875,56.39802169799805
5988,cut3,5988,POPC,1078,37.817832946777344,204.99810791015625,50.081451416015625
5988,cut3,5988,POPC,1079,190.55108642578125,189.98614501953125,41.65751647949219
5988,cut3,5988,POPC,1080,21.27627944946289,183.98678588867188,47.16791915893555
5988,cut3,5988,POPC,1081,18.104305267333984,212.29690551757812,48.4007682800293
5988,cut3,5988,POPC,1082,196.14715576171875,138.86965942382812,49.67493438720703
5988,cut3,5988,POPC,1083,108.9937515258789,63.73299789428711,44.93122482299805
5988,cut3,5988,POPC,1084,101.23987579345703,58.13361740112305,47.98526382446289
5988,cut3,5988,POPC,1085,155.9295196533203,130.71746826171875,37.108238220214844
5988,cut3,5988,POPC,1086,116.5971908569336,8.549394607543945,52.77353286743164
5988,cut3,5988,POPC,1087,59.53129959106445,116.69882202148438,41.20089340209961
5988,cut3,5988,POPC,1088,136.51535034179688,143.9219970703125,32.00467300415039
5988,cut3,5988,POPC,1089,18.325706481933594,67.27198028564453,55.23731994628906
5988,cut3,5988,POPC,1090,6.069416522979736,63.484256744384766,55.863929748535156
5988,cut3,5988,POPC,1091,116.03688049316406,147.85733032226562,36.3427619934082
5988,cut3,5988,POPC,1092,196.6107177734375,53.17988586425781,56.30095672607422
5988,cut3,5988,POPC,1093,87.3984603881836,73.27398681640625,51.453521728515625
5988,cut3,5988,POPC,1094,49.91506576538086,49.968265533447266,54.97867202758789
5988,cut3,5988,POPC,1095,29.376453399658203,175.10385131835938,44.34791946411133
5988,cut3,5988,POPC,1096,176.31396484375,207.47686767578125,47.5542106628418
5988,cut3,5988,POPC,1097,19.364974975585938,77.81378936767578,53.3166618347168
5988,cut3,5988,POPC,1098,147.84994506835938,135.22137451171875,36.166221618652344
5988,cut3,5988,POPC,1099,32.203895568847656,63.8989143371582,58.990535736083984
5988,cut3,5988,POPC,1100,21.621341705322266,88.39739990234375,57.3566780090332
5988,cut3,5988,POPC,1101,78.0234375,146.07504272460938,36.57525634765625
5988,cut3,5988,POPC,1102,96.61203002929688,29.558578491210938,55.465545654296875
5988,cut3,5988,POPC,1103,200.9296417236328,91.45423889160156,55.08338165283203
5988,cut3,5988,POPC,1104,74.53662872314453,33.224464416503906,55.24760437011719
5988,cut3,5988,POPC,1105,98.55257415771486,116.1455307006836,47.305747985839844
5988,cut3,5988,POPC,1106,14.388608932495117,61.30342483520508,56.117164611816406
5988,cut3,5988,POPC,1107,94.26263427734375,45.25288009643555,53.299530029296875
5988,cut3,5988,POPC,1108,177.77609252929688,89.67308807373047,52.27526473999023
5988,cut3,5988,SAPI,1109,140.74282836914062,0.9729824662208557,58.33979034423828
5988,cut3,5988,SAPI,1110,64.7770004272461,156.21128845214844,40.68268585205078
5988,cut3,5988,SAPI,1111,134.7616424560547,28.342144012451172,56.33455276489258
5988,cut3,5988,SAPI,1112,180.8223419189453,40.08267593383789,52.22296905517578
5988,cut3,5988,SAPI,1113,43.24246597290039,134.5085906982422,42.58454513549805
5988,cut3,5988,SAPI,1114,10.978557586669922,201.8370361328125,45.5760612487793
5988,cut3,5988,SAPI,1115,203.67041015625,152.9715118408203,45.84368896484375
5988,cut3,5988,SAPI,1116,132.6211700439453,131.50210571289062,32.49514389038086
5988,cut3,5988,SAPI,1117,40.466087341308594,159.8668212890625,40.91091537475586
5988,cut3,5988,SAPI,1118,105.68325805664062,181.87400817871094,44.05006790161133
5988,cut3,5988,SAPI,1119,107.31241607666016,43.80343246459961,51.80629348754883
5988,cut3,5988,SAPI,1120,180.20648193359375,220.8095703125,49.235206604003906
5988,cut3,5988,SAPI,1121,137.81732177734372,119.24032592773438,34.648685455322266
5988,cut3,5988,SAPI,1122,197.6695098876953,3.857879400253296,47.40869903564453
5988,cut3,5988,SAPI,1123,167.96275329589844,81.51298522949219,48.844818115234375
5988,cut3,5988,SAPI,1124,90.92801666259766,52.59430694580078,49.175559997558594
5988,cut3,5988,SAPI,1125,170.4241943359375,187.7057647705078,45.015316009521484
5988,cut3,5988,SAPI,1126,86.14867401123047,79.48532104492188,48.527156829833984
5988,cut3,5988,SAPI,1127,141.61721801757812,156.38294982910156,27.209577560424805
5988,cut3,5988,SAPI,1128,12.271209716796875,100.60258483886719,54.13255310058594
5988,cut3,5988,SAPI,1129,143.78948974609375,109.40438842773438,34.742820739746094
5988,cut3,5988,SAPI,1130,162.3294219970703,92.14140319824219,44.99942398071289
5988,cut3,5988,SAPI,1131,1.3237099647521973,97.72846984863281,57.17012023925781
5988,cut3,5988,SAPI,1132,211.8459320068359,166.2805938720703,47.563697814941406
5988,cut3,5988,SAPI,1133,14.77407455444336,49.41379928588867,53.740447998046875
5988,cut3,5988,SAPI,1134,176.99673461914062,55.28098678588867,54.2092399597168
5988,cut3,5988,SAPI,1135,107.5577392578125,175.05670166015625,39.375064849853516
5988,cut3,5988,SAPI,1136,129.6733856201172,206.4042205810547,51.24763488769531
5988,cut3,5988,SAPI,1137,119.35750579833984,146.18667602539062,30.312545776367188
5988,cut3,5988,SAPI,1138,160.62852478027344,17.957090377807617,57.123050689697266
5988,cut3,5988,SAPI,1139,97.14266967773438,77.10294342041016,47.24678039550781
5988,cut3,5988,SAPI,1140,110.28348541259766,217.26536560058594,49.49412536621094
5988,cut3,5988,SAPI,1141,191.4127655029297,167.17788696289062,42.24303436279297
5988,cut3,5988,SAPI,1142,41.622257232666016,4.8051276206970215,53.18524169921875
5988,cut3,5988,SAPI,1143,153.6317901611328,6.277932643890381,55.46663284301758
5988,cut3,5988,SAPI,1144,137.9302215576172,125.06292724609375,36.62644958496094
5988,cut3,5988,SAPI,1145,62.90584182739258,122.67724609375,37.102474212646484
