,System,Frame,Resname,Resnum,X,Y,Z
135,cut3,135,POPC,0,191.18463134765625,155.89932250976562,83.14396667480469
135,cut3,135,POPC,1,5.203526496887207,147.27574157714844,85.5591812133789
135,cut3,135,POPC,2,181.04953002929688,46.04608154296875,92.12743377685547
135,cut3,135,POPC,3,194.05699157714844,144.81211853027344,84.80241394042969
135,cut3,135,POPC,4,199.3296661376953,152.11618041992188,81.41423034667969
135,cut3,135,POPC,5,156.19119262695312,163.35580444335938,82.8358154296875
135,cut3,135,POPC,6,146.01344299316406,171.3797607421875,77.06990814208984
135,cut3,135,POPC,7,28.196388244628906,51.26016616821289,97.28655242919922
135,cut3,135,POPC,8,180.51507568359375,11.848133087158203,94.80584716796875
135,cut3,135,POPC,9,208.64820861816406,142.7753143310547,78.52119445800781
135,cut3,135,POPC,10,11.479044914245605,127.94346618652344,78.56864929199219
135,cut3,135,POPC,11,175.5946044921875,94.67800903320312,91.85569763183594
135,cut3,135,POPC,12,59.553131103515625,156.2104949951172,84.64200592041016
135,cut3,135,POPC,13,192.9669189453125,202.98941040039062,92.27041625976562
135,cut3,135,POPC,14,133.4638671875,132.2435760498047,72.71485900878906
135,cut3,135,POPC,15,164.60861206054688,182.48483276367188,82.65687561035156
135,cut3,135,POPC,16,48.577789306640625,121.01070404052734,82.80311584472656
135,cut3,135,POPC,17,113.50341033935547,97.66653442382812,70.0300521850586
135,cut3,135,POPC,18,61.939544677734375,205.21815490722656,88.70814514160156
135,cut3,135,POPC,19,120.87576293945312,10.345185279846191,91.96002197265624
135,cut3,135,POPC,20,158.01075744628906,151.80203247070312,78.99824523925781
135,cut3,135,POPC,21,141.8517608642578,125.5186767578125,76.26547241210938
135,cut3,135,POPC,22,147.98410034179688,213.54736328125,94.24942779541016
135,cut3,135,POPC,23,133.72703552246094,75.38509368896484,68.4351806640625
135,cut3,135,POPC,24,108.60688781738281,216.60437011718753,89.55756378173828
135,cut3,135,POPC,25,115.0790023803711,83.50776672363281,76.3244400024414
135,cut3,135,POPC,26,204.35780334472656,139.1779022216797,77.15933990478516
135,cut3,135,POPC,27,54.539581298828125,176.7637939453125,85.3351058959961
135,cut3,135,POPC,28,122.46382904052734,32.91606140136719,87.41825866699219
135,cut3,135,POPC,29,108.69319152832033,24.06938362121582,95.90117645263672
135,cut3,135,POPC,30,70.0191650390625,192.12376403808594,85.22850799560547
135,cut3,135,POPC,31,162.3204345703125,165.34451293945312,82.3403549194336
135,cut3,135,POPC,32,86.31537628173828,192.86404418945312,84.6121826171875
135,cut3,135,POPC,33,102.2601547241211,79.38188171386719,79.39027404785156
135,cut3,135,POPC,34,158.7220916748047,97.18822479248047,85.70394897460938
135,cut3,135,POPC,35,104.56939697265625,39.2415771484375,87.97576141357422
135,cut3,135,POPC,36,166.10708618164062,216.26287841796875,94.52449798583984
135,cut3,135,POPC,37,59.418670654296875,216.70321655273438,93.3298110961914
135,cut3,135,POPC,38,69.0092544555664,63.994258880615234,89.7705307006836
135,cut3,135,POPC,39,187.61451721191406,175.7335662841797,85.4229736328125
135,cut3,135,POPC,40,100.28099060058594,52.16372299194336,89.96989440917969
135,cut3,135,POPC,41,76.65708923339844,92.72491455078125,84.2518310546875
135,cut3,135,POPC,42,25.275226593017578,62.68576431274414,95.87543487548828
135,cut3,135,POPC,43,83.57283782958984,75.49478149414062,88.77861022949219
135,cut3,135,POPC,44,108.80382537841797,1.3181017637252808,96.43812561035156
135,cut3,135,POPC,45,46.71095275878907,58.94696807861328,92.04759979248047
135,cut3,135,POPC,46,116.52763366699219,3.213719367980957,96.47480010986328
135,cut3,135,POPC,47,54.090911865234375,32.25830841064453,93.20240783691406
135,cut3,135,POPC,48,160.8963165283203,133.6436004638672,78.74577331542969
135,cut3,135,POPC,49,19.922164916992188,159.1459503173828,84.74774932861328
135,cut3,135,POPC,50,51.710906982421875,53.74604797363281,94.84622192382812
135,cut3,135,POPC,51,107.82012939453125,73.9205093383789,84.36721801757812
135,cut3,135,POPC,52,19.61186408996582,125.97797393798828,83.12920379638672
135,cut3,135,POPC,53,90.06642150878906,157.90249633789062,79.34447479248047
135,cut3,135,POPC,54,173.2996826171875,146.56187438964844,82.57423400878906
135,cut3,135,POPC,55,118.2419204711914,63.34036636352539,78.29922485351562
135,cut3,135,POPC,56,11.25318431854248,50.5841178894043,97.86477661132812
135,cut3,135,POPC,57,137.48980712890625,185.57257080078125,76.5167007446289
135,cut3,135,POPC,58,178.34303283691406,162.7659454345703,82.48429107666016
135,cut3,135,POPC,59,93.54110717773438,49.40211868286133,89.74628448486328
135,cut3,135,POPC,60,36.55565261840821,153.08715820312503,85.75725555419922
135,cut3,135,POPC,61,173.4066619873047,140.16461181640625,82.25115203857422
135,cut3,135,POPC,62,8.716629981994629,32.77266311645508,92.75608825683594
135,cut3,135,POPC,63,76.34537506103516,161.81674194335938,82.87388610839844
135,cut3,135,POPC,64,175.67454528808594,85.30041503906251,94.19574737548828
135,cut3,135,POPC,65,111.45343780517578,124.62410736083984,73.8767318725586
135,cut3,135,POPC,66,5.54251766204834,58.610145568847656,96.22191619873047
135,cut3,135,POPC,67,33.75386428833008,162.75718688964844,86.18953704833984
135,cut3,135,POPC,68,66.73827362060547,25.33074188232422,94.68148040771484
135,cut3,135,POPC,69,20.298580169677734,213.5459442138672,94.9288330078125
135,cut3,135,POPC,70,61.55242919921875,9.975189208984375,91.1451644897461
135,cut3,135,POPC,71,126.86975860595703,177.48927307128906,40.63035202026367
135,cut3,135,POPC,72,211.67803955078125,76.31005859375,93.53807067871094
135,cut3,135,POPC,73,135.66207885742188,116.9360122680664,69.2073745727539
135,cut3,135,POPC,74,157.01235961914062,10.54739570617676,96.95523071289062
135,cut3,135,POPC,75,40.14677047729492,135.02716064453125,80.73460388183594
135,cut3,135,POPC,76,10.359244346618652,199.31399536132812,92.83197021484375
135,cut3,135,POPC,77,141.63722229003906,150.87101745605472,74.61538696289062
135,cut3,135,POPC,78,182.92074584960938,14.491971015930176,51.72603988647461
135,cut3,135,POPC,79,120.5989990234375,39.28618240356445,79.8761215209961
135,cut3,135,POPC,80,123.77305603027344,-1.4814019203186035,91.9757308959961
135,cut3,135,POPC,81,201.13861083984375,6.447728633880615,93.66480255126953
135,cut3,135,POPC,82,71.54289245605469,39.053871154785156,96.31155395507812
135,cut3,135,POPC,83,9.640059471130371,170.47702026367188,87.44456481933594
135,cut3,135,POPC,84,71.04822540283203,155.11459350585938,83.391845703125
135,cut3,135,POPC,85,134.1048583984375,53.91576385498047,76.3788070678711
135,cut3,135,POPC,86,25.430618286132812,206.824462890625,95.32598876953125
135,cut3,135,POPC,87,56.37787628173828,20.516584396362305,94.92891693115234
135,cut3,135,POPC,88,204.37608337402344,11.03396224975586,91.52593994140625
135,cut3,135,POPC,89,156.20103454589844,146.61679077148438,81.96310424804688
135,cut3,135,POPC,90,82.08003234863281,213.48138427734375,92.23747253417969
135,cut3,135,POPC,91,99.57608032226562,195.2922821044922,90.12117004394531
135,cut3,135,POPC,92,173.90237426757812,114.38271331787111,84.21495056152344
135,cut3,135,POPC,93,24.970157623291016,38.55440139770508,94.0531997680664
135,cut3,135,POPC,94,2.7240562438964844,23.06180763244629,97.83213806152344
135,cut3,135,POPC,95,128.4456329345703,165.7890167236328,72.97453308105469
135,cut3,135,POPC,96,172.29042053222656,121.98016357421875,84.14454650878906
135,cut3,135,POPC,97,105.40576934814453,107.37574005126953,42.754940032958984
135,cut3,135,POPC,98,12.16734790802002,58.0831298828125,94.65199279785156
135,cut3,135,POPC,99,70.2991943359375,148.75482177734375,80.18159484863281
135,cut3,135,POPC,100,201.9855194091797,43.011451721191406,96.56568145751953
135,cut3,135,POPC,101,75.68267822265625,119.57943725585938,74.40825653076172
135,cut3,135,POPC,102,171.15443420410156,133.80581665039062,80.8377914428711
135,cut3,135,POPC,103,78.46849822998047,69.20166778564453,92.87183380126952
135,cut3,135,POPC,104,6.030243873596191,219.6179656982422,93.90097045898438
135,cut3,135,POPC,105,46.064456939697266,195.02838134765625,93.13475799560547
135,cut3,135,POPC,106,132.25657653808594,46.58272933959961,80.85274505615234
135,cut3,135,POPC,107,113.96188354492188,43.003604888916016,85.0576400756836
135,cut3,135,POPC,108,159.00677490234375,16.847049713134766,93.89287567138672
135,cut3,135,POPC,109,196.5771026611328,163.5526123046875,85.78126525878905
135,cut3,135,POPC,110,105.33723449707031,14.432658195495605,96.90544128417969
135,cut3,135,POPC,111,76.69295501708984,35.97958755493164,94.8880615234375
135,cut3,135,POPC,112,101.54341888427734,1.1617511510849,96.16700744628906
135,cut3,135,POPC,113,175.93487548828125,51.60239028930664,94.40693664550781
135,cut3,135,POPC,114,71.85554504394531,20.206468582153317,95.03923034667969
135,cut3,135,POPC,115,190.39651489257812,208.52191162109375,92.4552230834961
135,cut3,135,POPC,116,187.20921325683594,67.5936050415039,94.80962371826172
135,cut3,135,POPC,117,137.34735107421875,42.28096008300781,82.59461975097656
135,cut3,135,POPC,118,25.303470611572266,142.04318237304688,82.3456039428711
135,cut3,135,POPC,119,100.7173843383789,44.92076873779297,90.67276763916016
135,cut3,135,POPC,120,40.79452896118164,225.8245849609375,90.40872955322266
135,cut3,135,POPC,121,153.0746307373047,157.58782958984375,79.90176391601561
135,cut3,135,POPC,122,132.31849670410156,143.480712890625,73.56026458740234
135,cut3,135,POPC,123,4.692683219909668,4.632589817047119,94.33861541748047
135,cut3,135,POPC,124,36.23948669433594,178.16070556640625,87.44081115722656
135,cut3,135,POPC,125,86.73719787597656,222.13375854492188,93.38645935058594
135,cut3,135,POPC,126,181.43740844726562,156.12144470214844,79.43032836914062
135,cut3,135,POPC,127,79.02845764160156,177.1300048828125,86.01930236816406
135,cut3,135,POPC,128,34.13299560546875,187.28126525878906,48.984352111816406
135,cut3,135,POPC,129,100.88424682617188,122.57128143310547,45.406944274902344
135,cut3,135,POPC,130,75.26605224609375,195.45132446289062,84.19557189941406
135,cut3,135,POPC,131,182.6179656982422,120.34658813476562,83.70694732666016
135,cut3,135,POPC,132,185.18223571777344,103.12169647216797,91.43804168701172
135,cut3,135,POPC,133,200.39480590820312,58.83377456665039,95.00196838378906
135,cut3,135,POPC,134,94.56584167480469,163.32302856445312,78.1011276245117
135,cut3,135,POPC,135,95.33187103271484,90.93538665771484,80.01325988769531
135,cut3,135,POPC,136,177.36805725097656,170.90234375,86.21485900878906
135,cut3,135,POPC,137,43.07709884643555,207.56619262695312,91.64778137207031
135,cut3,135,POPC,138,28.495655059814453,75.98870849609375,90.42407989501953
135,cut3,135,POPC,139,31.80371856689453,139.9906768798828,79.87808990478516
135,cut3,135,POPC,140,125.42337799072266,147.7681884765625,71.34772491455078
135,cut3,135,POPC,141,141.14796447753906,144.70849609375,74.12104797363281
135,cut3,135,POPC,142,172.2179718017578,62.178592681884766,91.22420501708984
135,cut3,135,POPC,143,133.43032836914062,12.026006698608398,93.91220092773438
135,cut3,135,POPC,144,140.08665466308594,109.2461166381836,73.42696380615234
135,cut3,135,POPC,145,168.83984375,52.230796813964844,87.896484375
135,cut3,135,POPC,146,56.221961975097656,37.62894821166992,98.05648803710938
135,cut3,135,POPC,147,6.200959205627441,212.64527893066406,92.65657806396484
135,cut3,135,POPC,148,46.80830383300781,25.137605667114258,92.52530670166016
135,cut3,135,POPC,149,6.098879814147949,205.0471649169922,93.2177505493164
135,cut3,135,POPC,150,6.350825309753418,154.78672790527344,82.21726989746094
135,cut3,135,POPC,151,117.72330474853516,150.1450958251953,71.22217559814455
135,cut3,135,POPC,152,65.44380187988281,216.3758087158203,89.68740844726562
135,cut3,135,POPC,153,154.42291259765625,125.48217010498047,80.19292449951172
135,cut3,135,POPC,154,60.62602233886719,27.699649810791016,95.43252563476562
135,cut3,135,POPC,155,63.159996032714844,192.81776428222656,87.69688415527344
135,cut3,135,POPC,156,80.35015106201172,145.60659790039062,80.28172302246094
135,cut3,135,POPC,157,39.09540557861328,212.63369750976562,91.06243896484375
135,cut3,135,POPC,158,188.43360900878906,185.93991088867188,94.0031967163086
135,cut3,135,POPC,159,25.801048278808594,68.39078521728516,94.91240692138672
135,cut3,135,POPC,160,43.0124626159668,110.08710479736328,77.98961639404297
135,cut3,135,POPC,161,91.11341094970703,173.46315002441406,81.2421875
135,cut3,135,POPC,162,101.2993392944336,10.559536933898926,93.9266357421875
135,cut3,135,POPC,163,9.891142845153809,18.100866317749023,98.50437927246094
135,cut3,135,POPC,164,34.48640441894531,116.54022979736328,78.88780975341798
135,cut3,135,POPC,165,94.48597717285156,188.25006103515625,83.83653259277344
135,cut3,135,POPC,166,19.84795379638672,81.61195373535156,90.5262680053711
135,cut3,135,POPC,167,164.16041564941406,119.44145965576172,85.03602600097656
135,cut3,135,POPC,168,36.8159294128418,23.923564910888672,94.29328155517578
135,cut3,135,POPC,169,202.6808319091797,207.4629364013672,92.2427978515625
135,cut3,135,POPC,170,119.12187194824219,71.34230041503906,77.7133560180664
135,cut3,135,POPC,171,69.03096771240234,72.03802490234375,91.4911880493164
135,cut3,135,POPC,172,159.761474609375,22.529918670654297,94.58736419677734
135,cut3,135,POPC,173,32.86627960205078,132.88546752929688,76.61875915527344
135,cut3,135,POPC,174,124.24603271484375,45.593055725097656,79.95772552490234
135,cut3,135,POPC,175,204.28111267089844,64.91936492919922,94.71153259277344
135,cut3,135,POPC,176,56.33128356933594,211.61300659179688,90.23169708251953
135,cut3,135,POPC,177,106.0338134765625,51.65484619140625,87.10260009765625
135,cut3,135,POPC,178,105.66476440429688,125.19737243652344,71.32550811767578
135,cut3,135,POPC,179,84.55077362060547,36.170127868652344,89.78093719482422
135,cut3,135,POPC,180,61.417724609375,42.85935592651367,98.25399017333984
135,cut3,135,POPC,181,84.13585662841797,178.46267700195312,84.01870727539062
135,cut3,135,POPC,182,161.5598907470703,212.26797485351562,93.26100158691406
135,cut3,135,POPC,183,119.82141876220703,82.77483367919922,74.41261291503906
135,cut3,135,POPC,184,204.88145446777344,32.24424743652344,57.92586898803711
135,cut3,135,POPC,185,194.9847869873047,212.30120849609375,94.182861328125
135,cut3,135,POPC,186,85.76824951171875,11.351985931396484,95.00382232666016
135,cut3,135,POPC,187,156.07763671875,225.03585815429688,96.11138153076172
135,cut3,135,POPC,188,205.08197021484375,31.247802734375,96.23262023925781
135,cut3,135,POPC,189,49.989322662353516,78.30857849121094,92.99220275878906
135,cut3,135,POPC,190,187.5435028076172,92.19761657714844,91.27989196777344
135,cut3,135,POPC,191,66.01810455322266,12.301472663879395,94.61515045166014
135,cut3,135,POPC,192,180.8922576904297,130.51377868652344,82.77467346191406
135,cut3,135,POPC,193,48.76231384277344,175.1149139404297,83.7057113647461
135,cut3,135,POPC,194,126.93640899658203,74.74824523925781,72.23018646240234
135,cut3,135,POPC,195,192.43856811523438,176.84765625,46.531471252441406
135,cut3,135,POPC,196,27.49144744873047,23.50704574584961,94.11802673339844
135,cut3,135,POPC,197,138.21136474609375,164.04591369628906,75.52493286132812
135,cut3,135,POPC,198,205.26931762695312,74.61760711669922,95.04051208496094
135,cut3,135,POPC,199,209.39065551757812,10.077580451965332,93.74756622314453
135,cut3,135,POPC,200,37.191917419433594,52.61297607421875,97.26239013671875
135,cut3,135,POPC,201,189.50631713867188,51.346534729003906,96.09856414794922
135,cut3,135,POPC,202,209.56832885742188,179.74676513671872,86.75888061523438
135,cut3,135,POPC,203,118.07398223876953,188.10658264160156,76.18183898925781
135,cut3,135,POPC,204,185.83856201171875,8.895318031311035,90.34879302978516
135,cut3,135,POPC,205,41.317970275878906,142.59938049316406,79.91217041015625
135,cut3,135,POPC,206,204.26051330566406,85.28807067871094,92.13618469238281
135,cut3,135,POPC,207,201.24179077148438,224.23196411132812,94.91481018066406
135,cut3,135,POPC,208,184.69859313964844,29.754581451416016,90.70252227783203
135,cut3,135,POPC,209,75.69551849365234,137.56869506835938,79.25263214111328
135,cut3,135,POPC,210,35.42987060546875,14.475363731384277,92.42914581298828
135,cut3,135,POPC,211,62.817413330078125,127.59504699707031,79.80724334716797
135,cut3,135,POPC,212,145.98255920410156,146.04022216796875,76.1850814819336
135,cut3,135,POPC,213,178.76548767089844,124.20260620117188,81.03291320800781
135,cut3,135,POPC,214,73.2389144897461,82.94813537597656,89.2134780883789
135,cut3,135,POPC,215,79.29750061035156,9.257513999938965,96.41062164306642
135,cut3,135,POPC,216,33.75273895263672,208.648681640625,91.73114013671874
135,cut3,135,POPC,217,44.293540954589844,65.5903091430664,92.88182830810547
135,cut3,135,POPC,218,102.89078521728516,113.77190399169922,81.13583374023438
135,cut3,135,POPC,219,19.501123428344727,56.56049728393555,96.1087646484375
135,cut3,135,POPC,220,145.6774444580078,157.17149353027344,75.76533508300781
135,cut3,135,POPC,221,11.095316886901855,160.7711181640625,84.79611206054688
135,cut3,135,POPC,222,6.27266788482666,130.96923828125,80.79480743408203
135,cut3,135,POPC,223,95.88874053955078,38.5389289855957,93.2414779663086
135,cut3,135,POPC,224,136.11915588378906,127.03305053710938,75.09120178222656
135,cut3,135,POPC,225,166.68408203125,177.19712829589844,85.66352081298828
135,cut3,135,POPC,226,153.60308837890625,171.577880859375,38.82467269897461
135,cut3,135,POPC,227,131.83203125,158.9547119140625,71.10404968261719
135,cut3,135,POPC,228,104.93879699707031,193.16232299804688,88.50033569335938
135,cut3,135,POPC,229,183.3841094970703,167.37005615234375,85.14545440673828
135,cut3,135,POPC,230,91.60162353515625,85.8951187133789,80.90873718261719
135,cut3,135,POPC,231,115.21910095214844,136.6980743408203,71.58206176757812
135,cut3,135,POPC,232,134.02871704101562,3.8184709548950195,90.33256530761719
135,cut3,135,POPC,233,206.37677001953125,186.012451171875,90.69935607910156
135,cut3,135,POPC,234,202.95164489746094,181.12295532226562,86.79156494140625
135,cut3,135,POPC,235,74.26493072509766,167.14181518554688,86.99931335449219
135,cut3,135,POPC,236,161.72291564941406,79.63723754882812,81.65138244628906
135,cut3,135,POPC,237,136.2728729248047,68.83030700683594,72.54781341552734
135,cut3,135,POPC,238,77.61685180664062,186.8960418701172,83.83480072021484
135,cut3,135,POPC,239,28.63512420654297,15.420256614685059,93.8747329711914
135,cut3,135,POPC,240,131.05889892578125,87.80909729003906,69.82261657714844
135,cut3,135,POPC,241,84.07830047607422,44.74333953857422,52.32309341430664
135,cut3,135,POPC,242,23.999034881591797,185.34043884277344,90.09992980957031
135,cut3,135,POPC,243,66.88426208496094,49.405174255371094,94.92123413085938
135,cut3,135,POPC,244,194.2185821533203,38.98762893676758,92.80538940429688
135,cut3,135,POPC,245,139.6409149169922,50.45220184326172,82.31217193603516
135,cut3,135,POPC,246,162.51043701171875,101.39203643798828,87.97447204589844
135,cut3,135,POPC,247,182.31668090820312,112.86144256591797,85.84011840820312
135,cut3,135,POPC,248,90.6511001586914,26.79448127746582,99.10462188720703
135,cut3,135,POPC,249,4.055106163024902,138.39833068847656,82.85214233398438
135,cut3,135,POPC,250,178.9649658203125,177.01638793945312,86.65764617919922
135,cut3,135,POPC,251,46.18476486206055,180.39576721191406,88.1207275390625
135,cut3,135,POPC,252,147.18199157714844,57.682987213134766,75.68038940429688
135,cut3,135,POPC,253,14.835379600524902,68.01465606689453,95.3487777709961
135,cut3,135,POPC,254,61.36150360107422,87.71974182128906,90.8500747680664
135,cut3,135,POPC,255,200.33099365234375,52.490516662597656,94.97771453857422
135,cut3,135,POPC,256,74.76608276367188,46.91719055175781,94.68156433105469
135,cut3,135,POPC,257,166.60939025878906,109.7016830444336,86.94352722167969
135,cut3,135,POPC,258,132.3236846923828,121.91435241699219,68.74617767333984
135,cut3,135,POPC,259,86.94773864746094,47.97492599487305,96.1842269897461
135,cut3,135,POPC,260,151.1328582763672,174.80039978027344,78.27019500732422
135,cut3,135,POPC,261,151.1396484375,165.59133911132812,77.8147201538086
135,cut3,135,POPC,262,186.7003631591797,-1.4938007593154907,94.04908752441406
135,cut3,135,POPC,263,28.493392944335938,118.16130828857422,81.11053466796875
135,cut3,135,POPC,264,68.00691223144531,117.26678466796875,76.40241241455078
135,cut3,135,POPC,265,54.66040802001953,192.42991638183594,89.585205078125
135,cut3,135,POPC,266,148.01535034179688,64.44975280761719,75.66630554199219
135,cut3,135,POPC,267,180.05006408691406,149.2151336669922,82.89378356933594
135,cut3,135,POPC,268,179.84872436523438,119.26001739501953,45.07367706298828
135,cut3,135,POPC,269,86.3311996459961,65.33528900146484,91.92028045654297
135,cut3,135,POPC,270,131.37075805664062,67.87128448486328,75.9936065673828
135,cut3,135,POPC,271,70.02472686767578,181.4579620361328,86.39397430419922
135,cut3,135,POPC,272,6.947880744934082,182.01141357421875,87.86801147460938
135,cut3,135,POPC,273,110.30480194091798,56.84326171875,86.83446502685547
135,cut3,135,POPC,274,135.66224670410156,176.67189025878906,71.87682342529297
135,cut3,135,POPC,275,98.30115509033203,68.35895538330078,87.84423065185547
135,cut3,135,POPC,276,208.170166015625,215.66986083984375,96.60807800292969
135,cut3,135,POPC,277,120.81353759765626,172.0778350830078,73.04325866699219
135,cut3,135,POPC,278,17.847442626953125,48.81218719482422,96.1754379272461
135,cut3,135,POPC,279,123.62393188476562,141.83790588378906,70.83512115478516
135,cut3,135,POPC,280,82.2212142944336,119.21227264404297,71.32479095458984
135,cut3,135,POPC,281,193.24461364746094,7.80690336227417,92.02818298339844
135,cut3,135,POPC,282,198.2411346435547,33.18345642089844,95.56954956054688
135,cut3,135,POPC,283,50.67475891113281,169.03536987304688,82.78728485107422
135,cut3,135,POPC,284,57.34131622314453,202.76710510253906,90.14712524414062
135,cut3,135,POPC,285,9.56851863861084,-0.2314082235097885,93.36724090576172
135,cut3,135,POPC,286,81.05171203613281,27.766897201538086,96.94629669189453
135,cut3,135,POPC,287,148.24398803710938,15.685383796691895,94.26769256591797
135,cut3,135,POPC,288,29.507030487060547,35.17830276489258,92.2657241821289
135,cut3,135,POPC,289,146.01980590820312,67.21446228027344,33.71678924560547
135,cut3,135,POPC,290,80.31712341308594,44.74037170410156,93.29936218261719
135,cut3,135,POPC,291,28.868270874023438,9.716591835021973,92.27139282226562
135,cut3,135,POPC,292,195.52586364746097,170.9685516357422,83.60514831542969
135,cut3,135,POPC,293,216.4566192626953,54.564353942871094,99.02992248535156
135,cut3,135,POPC,294,39.51811218261719,6.981563091278076,88.71114349365234
135,cut3,135,POPC,295,104.8609848022461,33.82733154296875,93.09390258789062
135,cut3,135,POPC,296,102.51508331298828,88.21218872070312,75.547607421875
135,cut3,135,POPC,297,17.782629013061523,167.45358276367188,89.58866119384766
135,cut3,135,POPC,298,60.96784210205078,-2.0682358741760254,91.44921875
135,cut3,135,POPC,299,203.2210693359375,193.01914978027344,90.57361602783203
135,cut3,135,POPC,300,47.527076721191406,86.92830657958984,90.5334701538086
135,cut3,135,POPC,301,77.30065155029297,19.836023330688477,95.45181274414062
135,cut3,135,POPC,302,101.04925537109375,26.591690063476562,94.98538208007812
135,cut3,135,POPC,303,30.29816436767578,186.54037475585938,93.50225830078125
135,cut3,135,POPC,304,185.9422607421875,216.22625732421875,95.4384765625
135,cut3,135,POPC,305,62.118736267089844,79.05245208740234,90.6100082397461
135,cut3,135,POPC,306,187.30381774902344,109.39441680908203,90.90501403808594
135,cut3,135,POPC,307,183.0015869140625,56.67768478393555,94.61676025390626
135,cut3,135,POPC,308,5.391949653625488,164.40048217773438,82.65957641601562
135,cut3,135,POPC,309,14.782700538635252,195.61129760742188,92.10079956054688
135,cut3,135,POPC,310,197.88783264160156,217.7200927734375,96.72676849365234
135,cut3,135,POPC,311,90.25813293457031,16.27475357055664,96.21122741699219
135,cut3,135,POPC,312,108.82847595214844,205.60374450683594,89.47535705566406
135,cut3,135,POPC,313,84.65479278564453,129.49099731445312,78.4319534301758
135,cut3,135,POPC,314,46.1588134765625,49.80717849731445,94.76653289794922
135,cut3,135,POPC,315,70.4686279296875,127.97584533691406,77.51961517333984
135,cut3,135,POPC,316,109.16272735595703,95.46150970458984,74.76669311523438
135,cut3,135,POPC,317,21.20637130737305,75.60311889648438,93.1218032836914
135,cut3,135,POPC,318,104.2858657836914,183.68234252929688,82.34119415283203
135,cut3,135,POPC,319,60.707725524902344,95.36100769042969,84.79710388183594
135,cut3,135,POPC,320,27.998241424560547,192.79107666015625,92.78833770751953
135,cut3,135,POPC,321,170.44338989257812,211.8577423095703,94.55175018310547
135,cut3,135,POPC,322,28.153671264648438,157.79161071777344,87.24855041503906
135,cut3,135,POPC,323,28.055694580078125,227.0644989013672,94.52558135986328
135,cut3,135,POPC,324,177.1373748779297,203.71426391601562,93.73226928710938
135,cut3,135,POPC,325,90.30014038085938,2.3749423027038574,97.44426727294922
135,cut3,135,POPC,326,25.027847290039062,108.74079132080078,81.54969787597656
135,cut3,135,POPC,327,177.9114532470703,184.23968505859375,87.40476989746094
135,cut3,135,POPC,328,208.0281982421875,44.91001510620117,97.85882568359375
135,cut3,135,POPC,329,79.4319076538086,1.7782996892929077,93.86441802978516
135,cut3,135,POPC,330,209.31243896484375,2.4468212127685547,93.41121673583984
135,cut3,135,POPC,331,16.026643753051758,31.368778228759766,92.3587875366211
135,cut3,135,POPC,332,123.60010528564453,207.8607940673828,92.12152862548828
135,cut3,135,POPC,333,142.98207092285156,78.22095489501953,68.04322052001953
135,cut3,135,POPC,334,-0.5744324326515198,64.24879455566406,96.34010314941406
135,cut3,135,POPC,335,160.9288635253906,221.4770050048828,97.585693359375
135,cut3,135,POPC,336,172.7788543701172,102.33973693847656,88.38787841796875
135,cut3,135,POPC,337,211.44100952148438,194.79269409179688,47.36225891113281
135,cut3,135,POPC,338,113.7772445678711,49.52248001098633,86.12126159667969
135,cut3,135,POPC,339,42.27854919433594,20.17354965209961,92.56111907958984
135,cut3,135,POPC,340,148.35336303710938,112.70601654052734,81.3775863647461
135,cut3,135,POPC,341,24.12423324584961,163.3625946044922,88.69573974609375
135,cut3,135,POPC,342,40.66173553466797,218.5706481933594,92.52733612060547
135,cut3,135,POPC,343,183.8142852783203,136.08038330078125,85.19493103027344
135,cut3,135,POPC,344,123.67272186279297,55.435462951660156,78.85633087158203
135,cut3,135,POPC,345,112.09066009521484,194.2014617919922,89.36036682128906
135,cut3,135,POPC,346,90.5479507446289,41.112525939941406,92.83639526367188
135,cut3,135,POPC,347,14.838744163513184,143.71434020996094,86.50706481933594
135,cut3,135,POPC,348,166.74636840820312,140.05078125,79.48758697509766
135,cut3,135,POPC,349,194.7001953125,97.5517349243164,93.20418548583984
135,cut3,135,POPC,350,160.34043884277344,175.32965087890625,81.92684173583984
135,cut3,135,POPC,351,162.8407745361328,155.77394104003906,85.3711166381836
135,cut3,135,POPC,352,43.2225227355957,150.52792358398438,82.93594360351562
135,cut3,135,POPC,353,70.22093200683594,174.8900909423828,87.15243530273438
135,cut3,135,POPC,354,126.2754898071289,117.96052551269531,71.97274780273438
135,cut3,135,POPC,355,56.423370361328125,102.0418930053711,76.04547119140625
135,cut3,135,POPC,356,130.12452697753906,83.06061553955078,65.25116729736328
135,cut3,135,POPC,357,196.6990203857422,139.08657836914062,79.62340545654297
135,cut3,135,POPC,358,29.90862274169922,200.67433166503906,92.53858184814453
135,cut3,135,POPC,359,164.4295654296875,25.931476593017578,96.03075408935547
135,cut3,135,POPC,360,174.1966552734375,79.39759063720703,94.00675201416016
135,cut3,135,POPC,361,42.41570281982421,174.58737182617188,84.4312515258789
135,cut3,135,POPC,362,189.5107879638672,168.03192138671875,81.7999038696289
135,cut3,135,POPC,363,22.354393005371094,9.192778587341309,97.05419158935547
135,cut3,135,POPC,364,34.38720703125,49.18256378173828,92.25664520263672
135,cut3,135,POPC,365,208.75991821289062,16.55417251586914,93.73202514648438
135,cut3,135,POPC,366,116.7467041015625,36.468406677246094,83.42840576171875
135,cut3,135,POPC,367,119.96906280517578,96.44145202636719,72.07997131347656
135,cut3,135,POPC,368,201.79730224609375,146.92225646972656,81.1668701171875
135,cut3,135,POPC,369,20.227249145507812,23.326126098632816,97.28372955322266
135,cut3,135,POPC,370,207.07192993164062,56.61991882324219,97.5759048461914
135,cut3,135,POPC,371,205.9500732421875,169.66810607910156,84.98606872558594
135,cut3,135,POPC,372,23.844852447509766,27.643430709838867,93.8072509765625
135,cut3,135,POPC,373,15.403643608093262,114.19258880615234,79.32328796386719
135,cut3,135,POPC,374,159.22491455078125,141.16455078125,79.4559097290039
135,cut3,135,POPC,375,106.15399932861328,59.850101470947266,88.81803131103516
135,cut3,135,POPC,376,37.666046142578125,42.08918762207031,92.83045196533203
135,cut3,135,POPC,377,91.76129150390625,122.37096405029297,83.42658233642578
135,cut3,135,POPC,378,206.66070556640625,38.50538635253906,97.77974700927734
135,cut3,135,POPC,379,147.56805419921875,23.244186401367188,89.28046417236328
135,cut3,135,POPC,380,195.56593322753906,224.78323364257812,95.00091552734375
135,cut3,135,POPC,381,21.399215698242188,140.25473022460938,87.86833190917969
135,cut3,135,POPC,382,3.233579635620117,170.5418701171875,85.93651580810548
135,cut3,135,POPC,383,84.06291961669922,54.5969123840332,91.77173614501953
135,cut3,135,POPC,384,151.56541442871094,128.99847412109375,37.927459716796875
135,cut3,135,POPC,385,67.48453521728516,134.2167510986328,81.3794174194336
135,cut3,135,POPC,386,203.07037353515625,19.603857040405273,95.0198745727539
135,cut3,135,POPC,387,110.3125,142.7818145751953,73.2374038696289
135,cut3,135,POPC,388,181.79811096191406,207.55410766601562,94.87297058105469
135,cut3,135,POPC,389,46.926509857177734,70.39783477783203,89.31063079833984
135,cut3,135,POPC,390,188.6087188720703,150.45037841796875,86.99052429199217
135,cut3,135,POPC,391,127.45466613769531,82.33789825439453,71.1217269897461
135,cut3,135,POPC,392,167.04002380371094,150.4005584716797,81.9486083984375
135,cut3,135,POPC,393,154.37965393066406,180.30239868164062,79.50630950927734
135,cut3,135,POPC,394,75.924072265625,215.88308715820312,92.37034606933594
135,cut3,135,POPC,395,99.90198516845703,62.699649810791016,92.5550765991211
135,cut3,135,POPC,396,99.38603210449219,153.2441864013672,77.07606506347656
135,cut3,135,POPC,397,109.30671691894531,9.916536331176758,97.37006378173828
135,cut3,135,POPC,398,25.77145767211914,44.958194732666016,92.9291763305664
135,cut3,135,POPC,399,68.2603759765625,59.62682342529297,94.25332641601562
135,cut3,135,POPC,400,146.65907287597656,52.60340118408203,77.50425720214844
135,cut3,135,POPC,401,139.84812927246094,9.500370025634766,90.77458190917969
135,cut3,135,POPC,402,145.5518035888672,225.42698669433594,92.79345703125
135,cut3,135,POPC,403,71.57571411132812,27.98982048034668,97.3879165649414
135,cut3,135,POPC,404,92.83169555664062,214.7510528564453,91.13145446777344
135,cut3,135,POPC,405,104.03849792480469,122.37818145751953,79.2796859741211
135,cut3,135,POPC,406,81.82584381103516,203.37026977539062,89.59053039550781
135,cut3,135,POPC,407,49.636470794677734,199.77650451660156,91.59459686279297
135,cut3,135,POPC,408,52.50553894042969,10.549583435058594,89.4555892944336
135,cut3,135,POPC,409,89.4035415649414,79.6606674194336,84.27996826171875
135,cut3,135,POPC,410,24.121807098388672,133.08767700195312,83.44795989990234
135,cut3,135,POPC,411,118.08718872070312,215.15887451171875,92.22509765625
135,cut3,135,POPC,412,156.0907745361328,120.8592529296875,83.43391418457031
135,cut3,135,POPC,413,109.75659942626953,156.6146697998047,68.73136901855469
135,cut3,135,POPC,414,81.35591125488281,194.65060424804688,85.80825805664062
135,cut3,135,POPC,415,112.04067993164062,77.09796905517578,79.26997375488281
135,cut3,135,POPC,416,198.81704711914062,198.48561096191406,91.26547241210938
135,cut3,135,POPC,417,189.71051025390625,75.48246765136719,95.85343170166016
135,cut3,135,POPC,418,199.9540252685547,78.56483459472656,94.58016967773438
135,cut3,135,POPC,419,193.84066772460938,63.549869537353516,92.06057739257812
135,cut3,135,POPC,420,123.99445343017578,67.68217468261719,75.22409057617188
135,cut3,135,POPC,421,197.36964416503906,27.17713165283203,94.89071655273438
135,cut3,135,POPC,422,197.4098663330078,66.05461883544922,97.47039031982422
135,cut3,135,POPC,423,38.897518157958984,169.716552734375,87.85847473144531
135,cut3,135,POPC,424,7.56961727142334,38.079490661621094,92.88380432128906
135,cut3,135,POPC,425,133.50498962402344,149.4558563232422,72.1419677734375
135,cut3,135,POPC,426,179.6433563232422,213.573974609375,96.95002746582031
135,cut3,135,POPC,427,213.20880126953125,186.68174743652344,90.14850616455078
135,cut3,135,POPC,428,139.00900268554688,136.67404174804688,75.49851989746094
135,cut3,135,POPC,429,45.0396728515625,160.26919555664062,83.64143371582031
135,cut3,135,POPC,430,29.90258026123047,173.16693115234375,84.9802017211914
135,cut3,135,POPC,431,177.0833282470703,57.65494155883788,90.99251556396484
135,cut3,135,POPC,432,132.63482666015625,222.42764282226562,90.83013153076172
135,cut3,135,POPC,433,140.59164428710938,116.51402282714844,74.38528442382812
135,cut3,135,POPC,434,33.07607650756836,223.3813018798828,91.6165542602539
135,cut3,135,POPC,435,164.27879333496094,129.34982299804688,81.90763854980469
135,cut3,135,POPC,436,89.11541748046875,149.21737670898438,76.45043182373047
135,cut3,135,POPC,437,122.99421691894531,124.1289291381836,70.53336334228516
135,cut3,135,POPC,438,81.98062896728516,90.15477752685547,86.05854034423828
135,cut3,135,POPC,439,41.50442886352539,128.0171661376953,79.30745697021484
135,cut3,135,POPC,440,75.88095092773438,61.0595817565918,90.82257080078125
135,cut3,135,POPC,441,25.718582153320312,83.44694519042969,89.94992065429688
135,cut3,135,POPC,442,181.27490234375,85.0673599243164,95.2603759765625
135,cut3,135,POPC,443,44.106163024902344,38.932125091552734,95.94356536865234
135,cut3,135,POPC,444,83.43321990966795,84.71570587158203,89.34355163574219
135,cut3,135,POPC,445,43.82040786743164,165.7843780517578,85.3021011352539
135,cut3,135,POPC,446,104.81099700927734,4.746248245239258,93.77854919433594
135,cut3,135,POPC,447,167.10531616210938,14.349675178527832,98.44146728515625
135,cut3,135,POPC,448,103.272216796875,212.87782287597656,88.63432312011719
135,cut3,135,POPC,449,85.46680450439453,39.85562515258789,52.70452117919922
135,cut3,135,POPC,450,34.714664459228516,70.60792541503906,94.12381744384766
135,cut3,135,POPC,451,116.50650024414062,53.17268371582031,81.60526275634766
135,cut3,135,POPC,452,202.49551391601565,213.77642822265625,56.538570404052734
135,cut3,135,POPC,453,16.21466636657715,207.30271911621094,92.49746704101562
135,cut3,135,POPC,454,47.501686096191406,139.45022583007812,80.88062286376953
135,cut3,135,POPC,455,142.89862060546875,177.05630493164062,74.10139465332031
135,cut3,135,POPC,456,166.87461853027344,95.23656463623047,90.36571502685547
135,cut3,135,POPC,457,41.31777572631836,15.64528751373291,90.81562805175781
135,cut3,135,POPC,458,53.58301544189453,122.47381591796875,74.15309143066406
135,cut3,135,POPC,459,169.0067901611328,78.94254302978516,90.3438491821289
135,cut3,135,POPC,460,167.05755615234375,58.67534255981445,90.50363159179688
135,cut3,135,POPC,461,63.183258056640625,54.87521743774414,95.57689666748047
135,cut3,135,POPC,462,46.033935546875,4.2286601066589355,88.04231262207031
135,cut3,135,POPC,463,24.491710662841797,170.28640747070312,85.03292083740234
135,cut3,135,POPC,464,170.4069061279297,9.174727439880371,96.73790740966797
135,cut3,135,POPC,465,78.19064331054688,131.26368713378906,78.90196990966797
135,cut3,135,POPC,466,212.92906188964844,206.42196655273438,93.14708709716797
135,cut3,135,POPC,467,15.97814655303955,150.67681884765625,86.10198974609375
135,cut3,135,POPC,468,64.69461059570312,167.4253387451172,83.84928131103516
135,cut3,135,POPC,469,70.54542541503906,141.2171630859375,78.03141784667969
135,cut3,135,POPC,470,197.87046813964844,114.3178939819336,88.20288848876953
135,cut3,135,POPC,471,174.03846740722656,23.01125144958496,95.01277160644531
135,cut3,135,POPC,472,56.846038818359375,169.88780212402344,83.48451232910156
135,cut3,135,POPC,473,53.27824401855469,46.608394622802734,99.98532104492188
135,cut3,135,POPC,474,29.658153533935547,123.74031829833984,76.89643859863283
135,cut3,135,POPC,475,147.88888549804688,123.62682342529297,80.08182525634766
135,cut3,135,POPC,476,136.9967803955078,59.020484924316406,77.5467300415039
135,cut3,135,POPC,477,31.661415100097656,108.90335083007812,81.68548583984375
135,cut3,135,POPC,478,159.62710571289062,106.01928710937499,81.55091094970703
135,cut3,135,POPC,479,166.71136474609375,161.06088256835938,86.70374298095703
135,cut3,135,POPC,480,187.75216674804688,97.36914825439453,93.78742218017578
135,cut3,135,POPC,481,1.5867403745651245,30.29970932006836,95.10739135742188
135,cut3,135,POPC,482,51.886741638183594,145.4302215576172,82.0508804321289
135,cut3,135,POPC,483,50.222511291503906,129.0734100341797,77.92486572265625
135,cut3,135,POPC,484,56.450439453125,82.82479095458984,90.41560363769531
135,cut3,135,POPC,485,41.39818572998047,117.66475677490234,79.56674194335938
135,cut3,135,POPC,486,143.77560424804688,7.1485981941223145,95.55148315429688
135,cut3,135,POPC,487,83.6993179321289,166.85777282714844,80.98116302490234
135,cut3,135,POPC,488,33.69258117675781,144.6627197265625,83.6721420288086
135,cut3,135,POPC,489,84.38216400146484,160.04856872558594,79.75055694580078
135,cut3,135,POPC,490,148.37640380859372,136.44001770019534,82.43456268310547
135,cut3,135,POPC,491,160.4921417236328,186.27273559570312,82.74159240722656
135,cut3,135,POPC,492,111.12482452392578,46.50339126586914,42.46959686279297
135,cut3,135,POPC,493,37.281063079833984,58.67604064941406,96.34906768798828
135,cut3,135,POPC,494,11.401406288146973,6.737524509429932,97.30658721923828
135,cut3,135,POPC,495,123.77513122558594,157.36463928222656,66.64977264404297
135,cut3,135,POPC,496,116.5190658569336,17.855693817138672,96.07505798339844
135,cut3,135,POPC,497,88.22779846191406,184.06617736816406,84.2688217163086
135,cut3,135,POPC,498,117.36085510253906,202.2054443359375,91.74156188964844
135,cut3,135,POPC,499,69.03398132324219,204.2185516357422,88.03797149658203
135,cut3,135,POPC,500,113.08509063720703,31.21017837524414,90.48102569580078
135,cut3,135,POPC,501,59.06751251220703,117.8725357055664,77.432861328125
135,cut3,135,POPC,502,191.69589233398438,135.9967498779297,82.44478607177734
135,cut3,135,POPC,503,96.53163146972656,79.92945861816406,81.80467224121094
135,cut3,135,POPC,504,211.08946228027344,160.54867553710938,82.11170196533203
135,cut3,135,POPC,505,127.4859390258789,53.15623092651367,77.29605865478516
135,cut3,135,POPC,506,94.62039184570312,21.998672485351562,97.95147705078125
135,cut3,135,POPC,507,168.8826904296875,33.26560974121094,95.77288818359375
135,cut3,135,POPC,508,117.50375366210938,144.51153564453125,70.15289306640625
135,cut3,135,POPC,509,-5.222244739532471,149.8030548095703,80.13516235351562
135,cut3,135,POPC,510,47.763851165771484,31.86736297607422,97.0827865600586
135,cut3,135,POPC,511,169.31968688964844,86.32569122314453,89.51757049560547
135,cut3,135,POPC,512,83.39338684082031,171.62596130371094,84.57960510253906
135,cut3,135,POPC,513,100.3351058959961,203.74876403808594,88.33267974853516
135,cut3,135,POPC,514,70.26338195800781,2.2229213714599614,95.91169738769531
135,cut3,135,POPC,515,172.97242736816406,-5.890577793121338,95.84992218017578
135,cut3,135,POPC,516,196.53517150878906,73.80195617675781,95.14989471435547
135,cut3,135,POPC,517,96.44366455078125,13.901324272155762,94.41778564453125
135,cut3,135,POPC,518,24.752124786376953,199.23475646972656,96.54898071289062
135,cut3,135,POPC,519,184.33470153808594,18.18667984008789,95.17935943603516
135,cut3,135,POPC,520,114.5633544921875,89.63732147216797,73.42736053466797
135,cut3,135,POPC,521,17.274816513061523,224.0459442138672,95.45323181152345
135,cut3,135,POPC,522,213.84791564941406,218.73907470703125,93.16439056396484
135,cut3,135,POPC,523,197.16720581054688,178.7720947265625,87.16476440429688
135,cut3,135,POPC,524,6.126791954040527,175.73733520507812,86.0904769897461
135,cut3,135,POPC,525,177.02540588378906,108.11656951904297,86.12149810791016
135,cut3,135,POPC,526,193.75062561035156,15.790881156921387,89.58813476562501
135,cut3,135,POPC,527,33.865272521972656,215.3612518310547,95.82242584228516
135,cut3,135,POPC,528,4.950440406799316,69.28260040283202,95.07874298095703
135,cut3,135,POPC,529,3.4593276977539062,43.52880096435547,98.5880126953125
135,cut3,135,POPC,530,153.99923706054688,93.85655212402344,78.71160888671875
135,cut3,135,POPC,531,209.91912841796875,23.816516876220703,95.75186920166016
135,cut3,135,POPC,532,126.53053283691406,38.42629623413086,79.1969223022461
135,cut3,135,POPC,533,100.48175048828125,220.0463104248047,88.31194305419922
135,cut3,135,POPC,534,78.93907928466797,57.23125076293945,94.19210815429688
135,cut3,135,POPC,535,94.30632781982422,55.50775909423828,93.62235260009766
135,cut3,135,POPC,536,178.888671875,23.3585262298584,93.14898681640625
135,cut3,135,POPC,537,86.03361511230469,138.7444305419922,79.3057632446289
135,cut3,135,POPC,538,47.84590148925781,150.42503356933594,80.00817108154297
135,cut3,135,POPC,539,92.4361343383789,73.6429443359375,83.48963928222656
135,cut3,135,POPC,540,52.317108154296875,60.23862838745117,91.79271697998047
135,cut3,135,POPC,541,112.1560821533203,65.96070861816406,81.53614044189453
135,cut3,135,POPC,542,155.15411376953125,217.1715087890625,94.11846160888672
135,cut3,135,POPC,543,50.379798889160156,226.7781524658203,91.31552124023438
135,cut3,135,POPC,544,104.19489288330078,105.65869903564452,84.33985137939453
135,cut3,135,POPC,545,5.644034385681152,190.57267761230472,90.3715591430664
135,cut3,135,POPC,546,210.1605987548828,194.24746704101562,93.72782135009766
135,cut3,135,POPC,547,86.19983673095703,96.66551208496094,81.84886169433594
135,cut3,135,POPC,548,64.60479736328125,174.26705932617188,85.56547546386719
135,cut3,135,POPC,549,19.982669830322266,177.86961364746094,85.8559341430664
135,cut3,135,POPC,550,78.7130355834961,153.36216735839844,82.6225814819336
135,cut3,135,POPC,551,84.73482513427734,121.091552734375,79.20694732666016
135,cut3,135,POPC,552,53.97069549560547,137.5224609375,79.797607421875
135,cut3,135,POPC,553,56.73040008544922,65.8572998046875,93.69107055664062
135,cut3,135,POPC,554,190.92178344726562,27.528844833374023,92.96308898925783
135,cut3,135,POPC,555,201.74435424804688,159.23219299316406,83.5006332397461
135,cut3,135,POPC,556,57.188743591308594,88.5084228515625,52.15605926513672
135,cut3,135,POPC,557,127.16201782226562,214.0670928955078,92.70172882080078
135,cut3,135,POPC,558,37.529640197753906,35.658573150634766,95.96454620361328
135,cut3,135,POPC,559,179.61801147460938,68.67777252197267,94.06808471679688
135,cut3,135,POPC,560,144.2303924560547,130.53604125976562,79.235107421875
135,cut3,135,POPC,561,59.87968444824219,185.43038940429688,87.0576400756836
135,cut3,135,POPC,562,178.15393066406253,99.37294006347656,89.2104721069336
135,cut3,135,POPC,563,37.034366607666016,109.43315124511719,78.78157806396484
135,cut3,135,POPC,564,134.3877105712891,169.29739379882812,73.38263702392578
135,cut3,135,POPC,565,90.62247467041016,199.7277374267578,87.19860076904297
135,cut3,135,POPC,566,175.076416015625,157.095947265625,82.23285675048828
135,cut3,135,POPC,567,185.40841674804688,93.07262420654297,53.12702178955078
135,cut3,135,POPC,568,32.44384765625,3.8372583389282227,89.35922241210938
135,cut3,135,POPC,569,13.850062370300293,39.101314544677734,94.51350402832031
135,cut3,135,POPC,570,165.82431030273438,86.82245635986328,85.00846099853516
135,cut3,135,POPC,571,206.7234649658203,123.58218383789062,82.11492156982422
135,cut3,135,POPC,572,26.646007537841797,181.08035278320312,86.02561950683594
135,cut3,135,POPC,573,15.884799003601074,121.16480255126953,80.06555938720703
135,cut3,135,POPC,574,56.37396240234375,127.91109466552734,75.85011291503906
135,cut3,135,POPC,575,100.10929870605469,38.4800910949707,48.52291488647461
135,cut3,135,POPC,576,76.99864959716797,76.96067810058594,93.12698364257812
135,cut3,135,POPC,577,16.45217514038086,218.49461364746094,95.80209350585938
135,cut3,135,POPC,578,63.026527404785156,198.28013610839844,88.96817779541016
135,cut3,135,POPC,579,140.71444702148438,190.60177612304688,78.76396179199219
135,cut3,135,POPC,580,154.35008239746094,110.39404296875,81.18461608886719
135,cut3,135,POPC,581,17.923006057739258,107.38653564453125,78.22412872314453
135,cut3,135,POPC,582,16.473520278930664,189.25157165527344,92.31171417236328
135,cut3,135,POPC,583,152.1399383544922,105.2889175415039,77.4119873046875
135,cut3,135,POPC,584,105.34339904785156,199.54083251953128,88.35822296142578
135,cut3,135,POPC,585,120.39299011230469,29.61716079711914,93.9714584350586
135,cut3,135,POPC,586,150.36451721191406,6.472321033477783,95.54999542236328
135,cut3,135,POPC,587,178.8604736328125,1.4286788702011108,94.9233627319336
135,cut3,135,POPC,588,48.93490982055664,186.24403381347656,87.6153793334961
135,cut3,135,POPC,589,94.91461944580078,209.50357055664062,86.8748779296875
135,cut3,135,POPC,590,36.454139709472656,184.0160675048828,88.14098358154297
135,cut3,135,POPC,591,80.15550994873047,125.29199218750001,77.01699829101562
135,cut3,135,POPC,592,84.05355834960938,20.751495361328125,97.24864959716797
135,cut3,135,POPC,593,87.62223815917969,211.223876953125,89.72428894042969
135,cut3,135,POPC,594,41.77194595336914,9.386390686035156,53.299503326416016
135,cut3,135,POPC,595,154.9495849609375,136.15293884277344,82.04432678222656
135,cut3,135,POPC,596,51.65204620361328,206.6487274169922,89.18955993652344
135,cut3,135,POPC,597,71.51004791259766,221.56712341308594,93.19400024414062
135,cut3,135,POPC,598,49.31043243408203,215.05235290527344,89.42327117919922
135,cut3,135,POPC,599,92.78921508789062,221.908935546875,91.69302368164062
135,cut3,135,POPC,600,50.41328430175781,112.18608856201172,77.63337707519531
135,cut3,135,POPC,601,73.8691177368164,207.4295196533203,90.04730987548828
135,cut3,135,POPC,602,62.86224365234375,151.50389099121094,81.02623748779297
135,cut3,135,POPC,603,41.78032684326172,73.98551177978516,91.74024963378906
135,cut3,135,POPC,604,190.56398010253906,194.06825256347656,93.71939086914062
135,cut3,135,POPC,605,120.9547348022461,90.65271759033203,69.24337768554688
135,cut3,135,POPC,606,168.07223510742188,169.96780395507812,81.69571685791016
135,cut3,135,POPC,607,119.05369567871094,167.53060913085938,70.01702117919922
135,cut3,135,POPC,608,128.0030059814453,95.51594543457031,32.26811218261719
135,cut3,135,POPC,609,14.653433799743652,65.20979309082031,59.53773498535156
135,cut3,135,POPC,610,93.71024322509766,179.0028076171875,41.703922271728516
135,cut3,135,POPC,611,167.51417541503906,145.1629180908203,48.08155822753906
135,cut3,135,POPC,612,57.854835510253906,34.122024536132805,59.524093627929695
135,cut3,135,POPC,613,161.81198120117188,174.98641967773438,46.82685852050781
135,cut3,135,POPC,614,140.38967895507812,143.3510284423828,35.942489624023445
135,cut3,135,POPC,615,142.54246520996094,222.7333526611328,56.65445327758789
135,cut3,135,POPC,616,164.66542053222656,-0.050042249262332916,59.055450439453125
135,cut3,135,POPC,617,94.67078399658203,186.8682098388672,44.408119201660156
135,cut3,135,POPC,618,73.2623062133789,177.5591278076172,40.79471206665039
135,cut3,135,POPC,619,173.37664794921875,26.756195068359375,53.16925811767578
135,cut3,135,POPC,620,195.24591064453125,0.5001758337020874,56.714813232421875
135,cut3,135,POPC,621,203.23251342773438,168.732177734375,47.226016998291016
135,cut3,135,POPC,622,57.177406311035156,226.49786376953125,52.5549201965332
135,cut3,135,POPC,623,22.700016021728516,35.0994987487793,58.823719024658196
135,cut3,135,POPC,624,15.637848854064941,70.94371032714844,57.15589141845703
135,cut3,135,POPC,625,190.9244384765625,154.34043884277344,45.41102600097656
135,cut3,135,POPC,626,31.425853729248047,43.28423309326172,55.717529296875
135,cut3,135,POPC,627,185.114501953125,101.91867065429688,54.79066467285156
135,cut3,135,POPC,628,108.99694061279297,194.87091064453125,50.55064010620117
135,cut3,135,POPC,629,173.08078002929685,181.41912841796875,48.625614166259766
135,cut3,135,POPC,630,163.76324462890625,118.68345642089844,36.39137649536133
135,cut3,135,POPC,631,205.29383850097656,151.4616241455078,46.68806076049805
135,cut3,135,POPC,632,42.704044342041016,26.655231475830078,57.958099365234375
135,cut3,135,POPC,633,208.33090209960938,219.19798278808594,56.20915603637695
135,cut3,135,POPC,634,47.76548767089844,14.616923332214355,56.068416595458984
135,cut3,135,POPC,635,63.73933410644532,167.56433105468753,41.553218841552734
135,cut3,135,POPC,636,41.999610900878906,143.60186767578125,44.172481536865234
135,cut3,135,POPC,637,90.56863403320312,113.19316101074219,48.57002258300781
135,cut3,135,POPC,638,8.429471015930176,42.885066986083984,58.402626037597656
135,cut3,135,POPC,639,107.7665786743164,24.782039642333984,54.810977935791016
135,cut3,135,POPC,640,183.27874755859375,33.5095100402832,51.714256286621094
135,cut3,135,POPC,641,193.75401306152344,119.2637939453125,48.58561325073242
135,cut3,135,POPC,642,198.280029296875,134.7881317138672,50.6044807434082
135,cut3,135,POPC,643,57.598175048828125,25.25522232055664,58.54174041748047
135,cut3,135,POPC,644,167.80648803710938,14.271000862121582,54.40563201904297
135,cut3,135,POPC,645,137.72978210449216,149.1564483642578,38.16012191772461
135,cut3,135,POPC,646,206.27163696289062,42.69300842285156,59.78794860839844
135,cut3,135,POPC,647,177.9561767578125,84.13314819335938,49.31391525268555
135,cut3,135,POPC,648,32.291831970214844,32.08513259887695,59.77215576171875
135,cut3,135,POPC,649,191.58346557617188,143.19413757324216,44.077518463134766
135,cut3,135,POPC,650,169.09471130371094,23.127574920654297,56.024295806884766
135,cut3,135,POPC,651,16.508747100830078,188.67897033691406,50.311065673828125
135,cut3,135,POPC,652,48.10826873779297,177.25021362304688,45.68006896972656
135,cut3,135,POPC,653,52.36134338378906,74.94182586669922,57.764488220214844
135,cut3,135,POPC,654,196.39907836914062,112.7518081665039,51.13960266113281
135,cut3,135,POPC,655,0.9668263792991638,224.82736206054688,58.63970947265625
135,cut3,135,POPC,656,52.68565368652344,217.41310119628906,54.61095428466797
135,cut3,135,POPC,657,79.85707092285156,211.7971649169922,48.815242767333984
135,cut3,135,POPC,658,178.44281005859375,128.94461059570312,48.57012176513672
135,cut3,135,POPC,659,125.8740005493164,61.38621139526367,35.97197341918945
135,cut3,135,POPC,660,4.770318031311035,197.80035400390625,47.80583190917969
135,cut3,135,POPC,661,98.78528594970703,127.15433502197266,39.78751754760742
135,cut3,135,POPC,662,86.54828643798828,65.03763580322266,51.01029586791992
135,cut3,135,POPC,663,52.378273010253906,162.80213928222656,45.327335357666016
135,cut3,135,POPC,664,63.10053253173828,23.816219329833984,60.5091552734375
135,cut3,135,POPC,665,63.18630218505859,16.45850372314453,57.470088958740234
135,cut3,135,POPC,666,73.3220443725586,191.50845336914062,47.20070266723633
135,cut3,135,POPC,667,33.76223373413086,165.58865356445312,48.579322814941406
135,cut3,135,POPC,668,87.39946746826172,3.675057888031006,52.37639236450195
135,cut3,135,POPC,669,117.70072174072266,135.63473510742188,31.75853157043457
135,cut3,135,POPC,670,11.06525707244873,209.1488494873047,53.10306167602539
135,cut3,135,POPC,671,30.10401153564453,142.9942169189453,42.34714889526367
135,cut3,135,POPC,672,209.11465454101562,154.9134521484375,43.80277252197265
135,cut3,135,POPC,673,25.907569885253906,210.9954376220703,54.235904693603516
135,cut3,135,POPC,674,159.555419921875,24.76753807067871,60.38438415527344
135,cut3,135,POPC,675,191.93455505371094,14.396637916564941,55.12120056152344
135,cut3,135,POPC,676,146.4165496826172,167.2803955078125,42.64091873168945
135,cut3,135,POPC,677,30.00973892211914,71.94959259033203,58.1857795715332
135,cut3,135,POPC,678,50.17536163330078,69.27174377441406,57.974571228027344
135,cut3,135,POPC,679,52.686737060546875,18.45699691772461,54.27660369873047
135,cut3,135,POPC,680,99.15031433105469,217.34158325195312,50.18415451049805
135,cut3,135,POPC,681,34.8823127746582,217.92774963378906,56.65510559082031
135,cut3,135,POPC,682,83.81571960449219,161.7437286376953,40.21354675292969
135,cut3,135,POPC,683,59.59260559082031,162.889892578125,85.15861511230469
135,cut3,135,POPC,684,203.81280517578125,178.13380432128906,48.63140869140625
135,cut3,135,POPC,685,188.85934448242188,20.168981552124023,53.45951843261719
135,cut3,135,POPC,686,50.833675384521484,80.6490707397461,56.840065002441406
135,cut3,135,POPC,687,114.99590301513672,19.85415267944336,53.74159240722656
135,cut3,135,POPC,688,28.536949157714844,223.75225830078125,57.9124755859375
135,cut3,135,POPC,689,189.0511932373047,34.501678466796875,51.42583465576172
135,cut3,135,POPC,690,94.19459533691406,204.17425537109375,48.674991607666016
135,cut3,135,POPC,691,179.76495361328125,225.6947937011719,58.3640251159668
135,cut3,135,POPC,692,77.04106140136719,21.18628692626953,60.94087219238281
135,cut3,135,POPC,693,197.9900665283203,206.9706268310547,57.284427642822266
135,cut3,135,POPC,694,103.67125701904297,190.0866241455078,51.025299072265625
135,cut3,135,POPC,695,112.22406768798828,83.60054016113281,36.06904220581055
135,cut3,135,POPC,696,117.50173950195312,147.73123168945312,37.85498046875
135,cut3,135,POPC,697,95.28658294677734,7.208861827850342,55.64155578613281
135,cut3,135,POPC,698,172.79641723632812,105.10306549072266,49.13505172729492
135,cut3,135,POPC,699,30.134929656982422,17.359786987304688,59.4580078125
135,cut3,135,POPC,700,90.12017822265625,211.7432861328125,47.82368469238281
135,cut3,135,POPC,701,22.821380615234375,16.79708480834961,59.48801803588867
135,cut3,135,POPC,702,103.70795440673828,209.93272399902344,43.588748931884766
135,cut3,135,POPC,703,50.46171951293945,224.65692138671875,53.98307418823242
135,cut3,135,POPC,704,41.26387023925781,192.66958618164062,46.382904052734375
135,cut3,135,POPC,705,151.7902374267578,7.548787593841553,59.72145080566406
135,cut3,135,POPC,706,200.22959899902344,106.6666259765625,52.41573715209961
135,cut3,135,POPC,707,70.28318786621094,181.14402770996094,45.27263259887695
135,cut3,135,POPC,708,197.6255645751953,196.02818298339844,52.061275482177734
135,cut3,135,POPC,709,146.78646850585938,123.76278686523438,38.180198669433594
135,cut3,135,POPC,710,199.32666015625,157.0862579345703,46.30979919433594
135,cut3,135,POPC,711,114.29669952392578,200.62030029296875,46.70237350463867
135,cut3,135,POPC,712,10.402447700500488,57.25284957885742,56.68937683105469
135,cut3,135,POPC,713,116.84683990478516,225.05728149414062,52.818763732910156
135,cut3,135,POPC,714,108.61743927001953,217.1932830810547,53.57343673706055
135,cut3,135,POPC,715,87.65628814697266,181.4722442626953,41.351619720458984
135,cut3,135,POPC,716,77.02741241455078,151.9469451904297,39.245567321777344
135,cut3,135,POPC,717,4.260838508605957,160.425537109375,46.344913482666016
135,cut3,135,POPC,718,132.67596435546875,42.08877944946289,42.764068603515625
135,cut3,135,POPC,719,67.49632263183594,3.5185627937316895,53.50155258178711
135,cut3,135,POPC,720,127.471923828125,67.37906646728514,36.091270446777344
135,cut3,135,POPC,721,92.98175048828125,197.14833068847656,48.75206756591797
135,cut3,135,POPC,722,18.101404190063477,26.581876754760742,57.69972229003906
135,cut3,135,POPC,723,41.288536071777344,19.88578224182129,58.52219772338867
135,cut3,135,POPC,724,196.3945770263672,150.4049530029297,46.499446868896484
135,cut3,135,POPC,725,197.20590209960938,167.0961151123047,46.615028381347656
135,cut3,135,POPC,726,65.89080810546875,43.47828674316406,56.627967834472656
135,cut3,135,POPC,727,170.27259826660156,193.53018188476562,50.80821990966797
135,cut3,135,POPC,728,59.195159912109375,131.4429473876953,41.110347747802734
135,cut3,135,POPC,729,49.912933349609375,54.58368301391601,56.334720611572266
135,cut3,135,POPC,730,145.1656036376953,110.0560302734375,34.230106353759766
135,cut3,135,POPC,731,46.03017807006836,181.70730590820312,49.07452392578125
135,cut3,135,POPC,732,210.75218200683594,30.544898986816406,57.40056610107422
135,cut3,135,POPC,733,154.80712890625,147.5306854248047,42.05193328857422
135,cut3,135,POPC,734,31.20563507080078,51.6056022644043,54.799007415771484
135,cut3,135,POPC,735,55.69828796386719,66.68207550048828,60.04681396484375
135,cut3,135,POPC,736,69.40303039550781,168.5219268798828,40.84144592285156
135,cut3,135,POPC,737,50.27289962768555,156.07608032226562,49.60116958618164
135,cut3,135,POPC,738,91.56599426269531,51.82331848144531,52.06755828857422
135,cut3,135,POPC,739,27.178199768066406,217.97691345214844,53.94116973876953
135,cut3,135,POPC,740,167.9469451904297,105.07228088378906,40.474002838134766
135,cut3,135,POPC,741,181.47825622558594,112.2807388305664,51.10417175292969
135,cut3,135,POPC,742,113.13514709472656,35.70183563232422,49.35051727294922
135,cut3,135,POPC,743,210.65011596679688,64.53418731689453,59.64303970336914
135,cut3,135,POPC,744,9.817427635192871,34.20734786987305,58.883399963378906
135,cut3,135,POPC,745,66.30293273925781,62.983150482177734,52.973182678222656
135,cut3,135,POPC,746,49.49637222290039,30.6434326171875,59.28279113769531
135,cut3,135,POPC,747,167.78506469726562,128.50152587890625,44.30903244018555
135,cut3,135,POPC,748,64.91822052001953,10.846650123596191,55.59480285644531
135,cut3,135,POPC,749,173.3258819580078,110.29924774169922,41.34529495239258
135,cut3,135,POPC,750,61.554901123046875,152.11825561523438,45.18842315673828
135,cut3,135,POPC,751,134.04144287109375,216.19952392578125,59.14996337890625
135,cut3,135,POPC,752,131.86483764648438,137.82325744628906,35.0050163269043
135,cut3,135,POPC,753,58.551536560058594,158.3639373779297,46.40243911743165
135,cut3,135,POPC,754,93.11002349853516,46.74937438964844,48.743492126464844
135,cut3,135,POPC,755,191.978515625,70.40412902832031,55.713504791259766
135,cut3,135,POPC,756,70.6487045288086,27.16676139831543,60.58917236328125
135,cut3,135,POPC,757,127.48472595214844,212.73501586914062,57.627960205078125
135,cut3,135,POPC,758,192.85324096679688,26.802282333374023,56.618282318115234
135,cut3,135,POPC,759,48.36402893066406,200.8246612548828,46.72019958496094
135,cut3,135,POPC,760,54.37281036376953,190.98204040527344,51.00435256958008
135,cut3,135,POPC,761,121.51052856445312,19.006717681884766,54.77517318725586
135,cut3,135,POPC,762,120.53617095947266,64.54637145996094,39.22633743286133
135,cut3,135,POPC,763,79.49412536621094,79.17120361328125,51.98279571533203
135,cut3,135,POPC,764,60.152099609375,43.00510787963867,58.804229736328125
135,cut3,135,POPC,765,120.5867919921875,47.18022537231445,44.468284606933594
135,cut3,135,POPC,766,84.67292022705078,23.700448989868164,55.68459701538086
135,cut3,135,POPC,767,173.66607666015625,57.927146911621094,55.3642463684082
135,cut3,135,POPC,768,85.79405975341797,206.90060424804688,49.10257339477539
135,cut3,135,POPC,769,5.485745429992676,210.95179748535156,52.98418426513672
135,cut3,135,POPC,770,107.88829040527345,78.62913513183594,39.714664459228516
135,cut3,135,POPC,771,98.8455810546875,200.00552368164062,46.72996520996094
135,cut3,135,POPC,772,177.38560485839844,11.714361190795898,54.72102355957031
135,cut3,135,POPC,773,143.9033660888672,150.99717712402344,39.146854400634766
135,cut3,135,POPC,774,170.41244506835938,214.25057983398438,58.34331512451172
135,cut3,135,POPC,775,204.5790557861328,19.6457462310791,57.038570404052734
135,cut3,135,POPC,776,162.10565185546875,215.6805419921875,57.51137924194336
135,cut3,135,POPC,777,10.498690605163574,189.32850646972656,48.50109863281249
135,cut3,135,POPC,778,44.1279411315918,211.21644592285156,49.54342269897461
135,cut3,135,POPC,779,190.06707763671875,59.250694274902344,57.35337448120117
135,cut3,135,POPC,780,84.98758697509766,12.885797500610352,51.08900451660156
135,cut3,135,POPC,781,202.3798828125,25.80398941040039,56.89240264892578
135,cut3,135,POPC,782,30.084823608398438,136.87698364257812,44.771305084228516
135,cut3,135,POPC,783,184.18971252441406,196.510498046875,49.63903045654297
135,cut3,135,POPC,784,5.311886787414551,221.64627075195312,55.575218200683594
135,cut3,135,POPC,785,64.48433685302734,189.71290588378906,46.87178039550781
135,cut3,135,POPC,786,4.946722984313965,153.00924682617188,47.40255355834961
135,cut3,135,POPC,787,109.84982299804688,104.49750518798828,40.30147171020508
135,cut3,135,POPC,788,30.704620361328125,104.72639465332031,49.817100524902344
135,cut3,135,POPC,789,169.780517578125,173.1282196044922,44.11400604248047
135,cut3,135,POPC,790,7.143946647644043,125.63381958007812,53.994178771972656
135,cut3,135,POPC,791,31.220298767089844,23.212491989135742,60.92176818847656
135,cut3,135,POPC,792,23.379859924316406,152.53761291503906,85.59088897705078
135,cut3,135,POPC,793,35.00971984863281,207.91275024414062,55.166160583496094
135,cut3,135,POPC,794,14.330399513244629,219.43888854980466,54.2071418762207
135,cut3,135,POPC,795,176.4729766845703,114.03020477294922,48.27621841430664
135,cut3,135,POPC,796,176.6002960205078,76.72683715820312,51.933021545410156
135,cut3,135,POPC,797,56.82813262939453,148.08995056152344,49.96921920776367
135,cut3,135,POPC,798,172.43365478515625,4.633358478546143,56.83717727661133
135,cut3,135,POPC,799,186.37014770507812,42.34941864013672,56.97110748291016
135,cut3,135,POPC,800,142.6788330078125,122.24166870117188,33.090030670166016
135,cut3,135,POPC,801,40.329681396484375,169.90805053710938,48.622825622558594
135,cut3,135,POPC,802,77.9828109741211,15.763812065124512,55.38932800292969
135,cut3,135,POPC,803,13.368252754211426,86.1390151977539,56.13331985473633
135,cut3,135,POPC,804,53.598304748535156,200.68223571777344,50.28786087036133
135,cut3,135,POPC,805,169.8870849609375,-0.22059236466884613,59.5546875
135,cut3,135,POPC,806,25.626480102539062,29.560504913330078,60.40562438964844
135,cut3,135,POPC,807,72.54579162597656,38.412384033203125,59.4395751953125
135,cut3,135,POPC,808,138.98612976074222,19.010202407836914,62.642723083496094
135,cut3,135,POPC,809,50.38029098510742,187.5540008544922,49.46090316772461
135,cut3,135,POPC,810,75.06675720214844,1.1406792402267456,51.958717346191406
135,cut3,135,POPC,811,18.839998245239258,209.56253051757812,53.804691314697266
135,cut3,135,POPC,812,97.41947174072266,18.463214874267578,53.262908935546875
135,cut3,135,POPC,813,206.59576416015625,202.64337158203125,50.54899978637695
135,cut3,135,POPC,814,27.078346252441406,204.43373107910156,54.99058532714844
135,cut3,135,POPC,815,156.702392578125,217.16781616210938,62.19935607910156
135,cut3,135,POPC,816,212.6161346435547,86.17277526855469,57.994293212890625
135,cut3,135,POPC,817,45.81306076049805,73.67281341552734,56.139198303222656
135,cut3,135,POPC,818,76.10906982421875,68.35581970214844,51.771759033203125
135,cut3,135,POPC,819,207.38511657714844,191.63055419921875,48.321624755859375
135,cut3,135,POPC,820,57.315208435058594,13.83899974822998,55.56146240234375
135,cut3,135,POPC,821,15.139996528625488,11.515908241271973,59.00757598876953
135,cut3,135,POPC,822,97.77540588378906,206.85379028320312,42.261688232421875
135,cut3,135,POPC,823,155.85455322265625,160.34672546386722,40.24037170410156
135,cut3,135,POPC,824,4.928544044494629,61.54936599731445,55.948917388916016
135,cut3,135,POPC,825,116.27094268798828,85.90751647949219,29.570890426635742
135,cut3,135,POPC,826,14.326512336730957,193.8831024169922,51.9992790222168
135,cut3,135,POPC,827,85.58292388916016,216.0204315185547,49.57857131958008
135,cut3,135,POPC,828,57.901390075683594,208.78335571289062,53.661582946777344
135,cut3,135,POPC,829,56.55706787109375,141.4562225341797,42.10652160644531
135,cut3,135,POPC,830,180.1596221923828,147.568115234375,43.94376754760742
135,cut3,135,POPC,831,37.368438720703125,75.6995620727539,55.56097412109375
135,cut3,135,POPC,832,38.73887252807617,60.905025482177734,56.953369140625
135,cut3,135,POPC,833,8.361207008361816,75.49810791015625,57.594627380371094
135,cut3,135,POPC,834,16.852230072021484,152.4386749267578,46.496280670166016
135,cut3,135,POPC,835,27.226436614990234,155.19273376464844,44.50754165649414
135,cut3,135,POPC,836,40.66518020629883,163.2923583984375,49.45074462890625
135,cut3,135,POPC,837,179.54327392578125,170.81243896484375,47.3293571472168
135,cut3,135,POPC,838,185.63555908203125,117.81034851074219,46.1153450012207
135,cut3,135,POPC,839,70.15596008300781,132.4884033203125,40.981231689453125
135,cut3,135,POPC,840,66.02456665039062,147.34225463867188,42.45170211791992
135,cut3,135,POPC,841,79.96785736083984,181.4405975341797,44.03938674926758
135,cut3,135,POPC,842,117.41739654541016,9.68321418762207,51.9466438293457
135,cut3,135,POPC,843,110.65113830566406,5.895934581756592,54.55344009399414
135,cut3,135,POPC,844,160.6425323486328,134.49717712402344,42.344337463378906
135,cut3,135,POPC,845,54.02471923828125,135.364501953125,44.6081657409668
135,cut3,135,POPC,846,3.4303512573242188,36.53349304199219,57.7043342590332
135,cut3,135,POPC,847,98.24618530273438,96.81642150878906,41.63345718383789
135,cut3,135,POPC,848,51.524681091308594,211.3620147705078,52.58171463012695
135,cut3,135,POPC,849,166.46456909179688,33.16373825073242,52.164974212646484
135,cut3,135,POPC,850,43.918548583984375,46.09260559082031,55.793827056884766
135,cut3,135,POPC,851,104.06118774414062,14.266251564025879,55.356014251708984
135,cut3,135,POPC,852,-4.420161247253418,37.36420822143555,61.199134826660156
135,cut3,135,POPC,853,9.461649894714354,66.73350524902344,52.9810676574707
135,cut3,135,POPC,854,178.6113739013672,213.78305053710938,57.74877929687501
135,cut3,135,POPC,855,114.116943359375,215.7843780517578,55.65402603149414
135,cut3,135,POPC,856,175.29330444335935,100.12540435791016,54.02947235107422
135,cut3,135,POPC,857,184.118896484375,142.62289428710938,46.034610748291016
135,cut3,135,POPC,858,106.46621704101562,224.2594451904297,53.952091217041016
135,cut3,135,POPC,859,25.046173095703125,64.5644760131836,56.505496978759766
135,cut3,135,POPC,860,21.20743179321289,9.020220756530762,57.595703125
135,cut3,135,POPC,861,184.4268035888672,130.67599487304688,46.234519958496094
135,cut3,135,POPC,862,186.4019775390625,63.82131576538086,55.645118713378906
135,cut3,135,POPC,863,81.33470153808594,187.1780242919922,43.81551742553711
135,cut3,135,POPC,864,100.35977935791016,87.10309600830078,39.40928268432617
135,cut3,135,POPC,865,95.39067840576172,31.731491088867188,53.37527084350586
135,cut3,135,POPC,866,9.292471885681152,170.90280151367188,38.793071746826165
135,cut3,135,POPC,867,22.856910705566406,186.6019287109375,47.592376708984375
135,cut3,135,POPC,868,8.278090476989746,203.26080322265625,48.54106521606445
135,cut3,135,POPC,869,164.1548614501953,140.3671112060547,43.306522369384766
135,cut3,135,POPC,870,15.630606651306152,175.54551696777344,51.20095062255859
135,cut3,135,POPC,871,45.63981246948242,37.161312103271484,59.30992126464844
135,cut3,135,POPC,872,77.18051147460938,8.878599166870117,52.867488861083984
135,cut3,135,POPC,873,30.95346450805664,9.756439208984375,58.73905563354492
135,cut3,135,POPC,874,62.66698455810547,30.197429656982422,59.10803985595703
135,cut3,135,POPC,875,90.5870132446289,10.09928798675537,53.39292907714844
135,cut3,135,POPC,876,46.77382278442383,169.8285675048828,47.87663650512695
135,cut3,135,POPC,877,194.72720336914062,190.60557556152344,49.711952209472656
135,cut3,135,POPC,878,167.92706298828125,94.35576629638672,49.394569396972656
135,cut3,135,POPC,879,63.94013214111329,37.385196685791016,59.422935485839844
135,cut3,135,POPC,880,136.9012451171875,91.78180694580078,28.46232032775879
135,cut3,135,POPC,881,39.53129959106445,42.72928237915039,59.68804168701172
135,cut3,135,POPC,882,189.1193084716797,98.00546264648436,51.20133972167969
135,cut3,135,POPC,883,174.13783264160156,206.51327514648438,57.58232879638672
135,cut3,135,POPC,884,183.28103637695312,56.181880950927734,56.984283447265625
135,cut3,135,POPC,885,5.901833534240723,22.310091018676758,54.46419143676758
135,cut3,135,POPC,886,26.19256591796875,167.28965759277344,46.12235641479492
135,cut3,135,POPC,887,78.0034408569336,26.051347732543945,55.95724868774414
135,cut3,135,POPC,888,16.979707717895508,43.164398193359375,58.28228759765625
135,cut3,135,POPC,889,112.80492401123047,123.93353271484375,35.73612594604492
135,cut3,135,POPC,890,7.971001625061035,137.98056030273438,46.07764434814453
135,cut3,135,POPC,891,189.48902893066406,225.09095764160156,57.43095016479492
135,cut3,135,POPC,892,209.270263671875,79.02947998046875,54.9421501159668
135,cut3,135,POPC,893,159.2596435546875,165.8702850341797,39.742801666259766
135,cut3,135,POPC,894,48.753143310546875,150.21408081054688,48.01695251464844
135,cut3,135,POPC,895,59.57196044921875,162.77041625976562,42.93510818481445
135,cut3,135,POPC,896,18.574974060058594,181.5045166015625,49.62138366699219
135,cut3,135,POPC,897,81.70387268066406,55.42502212524414,52.90165328979492
135,cut3,135,POPC,898,56.98108673095703,125.78719329833984,39.994384765625
135,cut3,135,POPC,899,214.45639038085938,52.93071746826172,57.40744400024414
135,cut3,135,POPC,900,195.13772583007812,216.45263671875,57.758842468261726
135,cut3,135,POPC,901,206.19004821777347,207.65174865722656,55.267723083496094
135,cut3,135,POPC,902,98.30492401123047,63.66275405883789,51.84110641479492
135,cut3,135,POPC,903,96.86930847167969,192.25134277343747,47.390933990478516
135,cut3,135,POPC,904,56.21294403076172,142.66319274902344,49.9139518737793
135,cut3,135,POPC,905,22.11695098876953,194.29063415527344,48.814849853515625
135,cut3,135,POPC,906,22.726673126220703,45.17743682861328,56.615421295166016
135,cut3,135,POPC,907,201.3404541015625,226.20091247558594,57.334632873535156
135,cut3,135,POPC,908,197.32608032226562,58.96106719970703,55.05574417114258
135,cut3,135,POPC,909,57.259979248046875,119.00415802001953,38.13502883911133
135,cut3,135,POPC,910,107.42393493652344,53.89575958251953,45.59075164794922
135,cut3,135,POPC,911,117.50252532958984,207.0994415283203,47.34419631958008
135,cut3,135,POPC,912,205.29876708984375,92.76598358154297,58.606868743896484
135,cut3,135,POPC,913,21.3447265625,2.437530517578125,58.128700256347656
135,cut3,135,POPC,914,122.4012680053711,41.37299346923828,48.01189422607422
135,cut3,135,POPC,915,46.79498291015625,134.96163940429688,41.258995056152344
135,cut3,135,POPC,916,81.10252380371094,223.87826538085938,53.44019317626953
135,cut3,135,POPC,917,180.2451934814453,137.2144775390625,44.58445739746094
135,cut3,135,POPC,918,8.199362754821777,8.06448745727539,59.43071746826172
135,cut3,135,POPC,919,35.97604751586914,181.18466186523438,48.86001205444336
135,cut3,135,POPC,920,62.018592834472656,178.81298828125,43.95439910888672
135,cut3,135,POPC,921,59.215980529785156,56.35721969604492,56.9226188659668
135,cut3,135,POPC,922,172.75816345214844,41.6881217956543,52.830596923828125
135,cut3,135,POPC,923,183.61106872558594,81.68437194824219,52.57907485961914
135,cut3,135,POPC,924,167.74317932128906,101.23304748535156,47.45479965209961
135,cut3,135,POPC,925,41.48933792114258,220.4871063232422,56.13584518432617
135,cut3,135,POPC,926,11.35777759552002,20.03924560546875,61.013641357421875
135,cut3,135,POPC,927,107.31588745117188,37.20838928222656,49.035945892333984
135,cut3,135,POPC,928,28.89716339111328,123.30284118652344,43.449981689453125
135,cut3,135,POPC,929,75.5520248413086,46.67171859741211,53.10643005371094
135,cut3,135,POPC,930,100.04358673095703,27.426605224609375,55.370140075683594
135,cut3,135,POPC,931,178.3564910888672,44.97276306152344,53.71050262451172
135,cut3,135,POPC,932,205.2870330810547,51.499183654785156,57.15971374511719
135,cut3,135,POPC,933,204.44822692871094,66.18462371826172,57.668209075927734
135,cut3,135,POPC,934,73.24594116210938,219.14015197753906,52.15525436401367
135,cut3,135,POPC,935,214.26705932617188,6.481714725494385,55.97853088378906
135,cut3,135,POPC,936,121.81017303466797,55.420013427734375,38.219512939453125
135,cut3,135,POPC,937,177.3375244140625,194.6826629638672,50.8229866027832
135,cut3,135,POPC,938,83.43617248535156,120.55873107910156,39.459842681884766
135,cut3,135,POPC,939,121.28583526611328,210.79251098632812,53.62647247314453
135,cut3,135,POPC,940,197.9768524169922,181.17604064941406,50.004295349121094
135,cut3,135,POPC,941,198.11952209472656,45.79505157470703,54.77548599243164
135,cut3,135,POPC,942,70.5103988647461,209.16395568847656,47.38466262817383
135,cut3,135,POPC,943,172.08534240722656,86.96543121337892,48.37520217895508
135,cut3,135,POPC,944,192.1424102783203,110.13624572753906,54.69004821777344
135,cut3,135,POPC,945,181.36666870117188,5.6896653175354,59.44780349731445
135,cut3,135,POPC,946,211.95599365234375,177.68951416015625,46.84048080444336
135,cut3,135,POPC,947,54.97772216796875,169.00169372558594,43.90462875366211
135,cut3,135,POPC,948,126.237060546875,80.76325988769531,30.99500846862793
135,cut3,135,POPC,949,66.98020935058594,101.52655029296875,39.37322998046875
135,cut3,135,POPC,950,73.45216369628906,16.746068954467773,60.16407775878906
135,cut3,135,POPC,951,0.3639783263206482,216.5151214599609,53.564327239990234
135,cut3,135,POPC,952,163.57852172851562,19.768571853637695,60.076263427734375
135,cut3,135,POPC,953,11.091130256652832,27.91869354248047,59.324981689453125
135,cut3,135,POPC,954,32.81310272216797,176.3939666748047,45.236289978027344
135,cut3,135,POPC,955,76.87803649902344,126.05086517333984,36.74661636352539
135,cut3,135,POPC,956,197.4086456298828,50.68027877807617,57.11017990112305
135,cut3,135,POPC,957,193.9635467529297,89.41314697265625,54.8730354309082
135,cut3,135,POPC,958,186.53684997558594,73.3405990600586,54.57097625732422
135,cut3,135,POPC,959,83.42250061035156,71.23094940185547,51.25983810424805
135,cut3,135,POPC,960,35.84199142456055,15.200039863586428,57.933773040771484
135,cut3,135,POPC,961,81.38723754882812,194.77830505371094,44.23270797729492
135,cut3,135,POPC,962,137.63006591796875,1.2434345483779907,59.46160888671875
135,cut3,135,POPC,963,30.042240142822266,80.98705291748047,54.809814453125
135,cut3,135,POPC,964,32.44923400878906,158.66062927246097,45.83617401123047
135,cut3,135,POPC,965,154.01040649414062,122.45310211181639,38.79683303833008
135,cut3,135,POPC,966,203.35134887695312,121.33190155029297,48.374366760253906
135,cut3,135,POPC,967,133.0973663330078,49.28102111816406,35.10155487060547
135,cut3,135,POPC,968,22.474197387695312,137.15309143066406,43.30731964111328
135,cut3,135,POPC,969,103.97352600097656,91.76215362548828,37.21644973754883
135,cut3,135,POPC,970,54.808815002441406,38.564964294433594,57.4310188293457
135,cut3,135,POPC,971,130.50241088867188,146.3983917236328,35.483009338378906
135,cut3,135,POPC,972,7.044144630432129,226.48280334472656,59.67005920410156
135,cut3,135,POPC,973,97.47654724121094,113.91490936279297,47.21854019165039
135,cut3,135,POPC,974,181.92510986328125,105.81979370117188,53.13146209716797
135,cut3,135,POPC,975,40.105323791503906,35.222686767578125,58.16291046142578
135,cut3,135,POPC,976,172.07122802734375,140.49557495117188,44.0446891784668
135,cut3,135,POPC,977,134.8291778564453,10.601344108581543,59.082244873046875
135,cut3,135,POPC,978,28.179302215576172,180.7918243408203,48.22764587402344
135,cut3,135,POPC,979,60.10734558105469,201.45936584472656,50.60262680053711
135,cut3,135,POPC,980,19.622562408447266,52.12614059448242,54.91221618652344
135,cut3,135,POPC,981,4.293398857116699,186.40399169921875,50.25438690185547
135,cut3,135,POPC,982,67.68732452392578,221.9150390625,54.222591400146484
135,cut3,135,POPC,983,22.612041473388672,131.85113525390625,45.509323120117195
135,cut3,135,POPC,984,54.451507568359375,102.1878890991211,45.79326629638672
135,cut3,135,POPC,985,142.39036560058594,130.41114807128906,34.805362701416016
135,cut3,135,POPC,986,41.229393005371094,186.063720703125,48.40760803222656
135,cut3,135,POPC,987,149.89442443847656,88.49952697753906,37.95950698852539
135,cut3,135,POPC,988,189.13990783691406,128.44200134277344,49.6474723815918
135,cut3,135,POPC,989,162.9634246826172,85.69408416748047,45.842193603515625
135,cut3,135,POPC,990,174.5738067626953,67.48858642578125,53.632850646972656
135,cut3,135,POPC,991,200.8302764892578,14.075665473937988,57.72224426269531
135,cut3,135,POPC,992,7.667300224304199,16.572805404663086,56.085121154785156
135,cut3,135,POPC,993,125.94910430908203,8.223421096801758,56.88442611694336
135,cut3,135,POPC,994,184.0595245361328,153.26649475097656,45.69821548461914
135,cut3,135,POPC,995,140.28770446777344,13.774367332458496,59.73896789550781
135,cut3,135,POPC,996,122.55123138427733,216.2252197265625,55.23283767700195
135,cut3,135,POPC,997,180.94119262695312,64.668701171875,56.16816329956054
135,cut3,135,POPC,998,183.70567321777344,27.843032836914062,54.50722885131836
135,cut3,135,POPC,999,109.72044372558594,74.7547607421875,32.76629638671875
135,cut3,135,POPC,1000,40.98604965209961,206.02476501464844,50.66425704956055
135,cut3,135,POPC,1001,213.9377899169922,168.255126953125,43.58925247192383
135,cut3,135,POPC,1002,126.65177917480469,224.832763671875,51.72672653198242
135,cut3,135,POPC,1003,213.5875701904297,207.27423095703125,53.57530975341797
135,cut3,135,POPC,1004,174.01174926757812,48.562625885009766,56.732967376708984
135,cut3,135,POPC,1005,183.1376495361328,159.4783935546875,45.543766021728516
135,cut3,135,POPC,1006,177.17446899414062,220.39939880371094,58.95876693725586
135,cut3,135,POPC,1007,2.373082160949707,143.06011962890625,49.49797439575195
135,cut3,135,POPC,1008,85.82162475585938,29.406341552734375,54.27336502075195
135,cut3,135,POPC,1009,26.462547302246097,148.3256072998047,42.32666015625
135,cut3,135,POPC,1010,83.85774993896484,80.35885620117188,48.41609573364258
135,cut3,135,POPC,1011,80.82515716552734,203.5080108642578,45.84368515014648
135,cut3,135,POPC,1012,24.321399688720703,71.00003814697266,58.96630096435547
135,cut3,135,POPC,1013,72.32453155517578,159.2949676513672,38.22522735595703
135,cut3,135,POPC,1014,154.45510864257812,212.36349487304688,60.79624938964844
135,cut3,135,POPC,1015,123.58081817626953,134.051513671875,34.277503967285156
135,cut3,135,POPC,1016,175.1893310546875,151.24647521972656,44.04513931274414
135,cut3,135,POPC,1017,200.5634307861328,84.77685546875,53.03939437866211
135,cut3,135,POPC,1018,206.10267639160156,84.46023559570312,57.53485870361328
135,cut3,135,POPC,1019,23.420215606689453,172.83929443359375,52.17351531982422
135,cut3,135,POPC,1020,160.56077575683594,126.31023406982422,39.52627944946289
135,cut3,135,POPC,1021,13.947724342346191,130.3286590576172,46.89060592651367
135,cut3,135,POPC,1022,44.21884536743164,55.990867614746094,56.954734802246094
135,cut3,135,POPC,1023,179.64474487304688,199.28672790527344,52.8919563293457
135,cut3,135,POPC,1024,32.97434616088867,66.47018432617188,57.93355178833008
135,cut3,135,POPC,1025,200.1078643798828,97.44886779785156,55.43424606323242
135,cut3,135,POPC,1026,40.17262268066406,158.31674194335938,46.310951232910156
135,cut3,135,POPC,1027,131.62734985351562,0.5604780912399292,59.140193939208984
135,cut3,135,POPC,1028,88.30284881591797,57.2449836730957,52.504730224609375
135,cut3,135,POPC,1029,66.77864837646484,194.7625274658203,49.68906784057617
135,cut3,135,POPC,1030,199.96958923339844,39.52275085449219,59.29511260986328
135,cut3,135,POPC,1031,60.020355224609375,173.61674499511716,40.16694641113281
135,cut3,135,POPC,1032,135.9678955078125,38.9902229309082,47.06691360473633
135,cut3,135,POPC,1033,105.84123229980469,96.5226058959961,38.730308532714844
135,cut3,135,POPC,1034,70.76317596435547,70.85494995117188,53.24470901489258
135,cut3,135,POPC,1035,158.20623779296875,117.19042968750001,33.40179443359375
135,cut3,135,POPC,1036,126.5576400756836,52.72120666503906,40.02490997314453
135,cut3,135,POPC,1037,59.842491149902344,185.58380126953125,46.79542922973633
135,cut3,135,POPC,1038,85.57380676269531,199.1029052734375,45.16713333129883
135,cut3,135,POPC,1039,189.6873321533203,184.05238342285156,45.61003875732422
135,cut3,135,POPC,1040,165.8059844970703,164.5632781982422,41.56669616699219
135,cut3,135,POPC,1041,72.87060546875,53.190521240234375,55.05144500732422
135,cut3,135,POPC,1042,31.43547821044922,193.8943328857422,47.63732147216797
135,cut3,135,POPC,1043,13.412056922912598,48.59600830078125,55.80071258544922
135,cut3,135,POPC,1044,90.32967376708984,34.3387451171875,52.304664611816406
135,cut3,135,POPC,1045,65.95133972167969,122.60884094238281,38.88435363769531
135,cut3,135,POPC,1046,188.22894287109372,165.55187988281253,43.49486541748047
135,cut3,135,POPC,1047,53.01219940185547,50.486087799072266,56.3940315246582
135,cut3,135,POPC,1048,188.1339569091797,139.11741638183594,48.1505012512207
135,cut3,135,POPC,1049,145.5692901611328,141.57432556152344,39.558876037597656
135,cut3,135,POPC,1050,25.605777740478516,38.97855758666992,58.327362060546875
135,cut3,135,POPC,1051,76.34374237060547,199.1767120361328,45.4187126159668
135,cut3,135,POPC,1052,167.9146270751953,8.23710823059082,58.589149475097656
135,cut3,135,POPC,1053,105.80137634277344,160.8774871826172,36.50853729248047
135,cut3,135,POPC,1054,2.612025260925293,46.03315734863281,57.93693161010742
135,cut3,135,POPC,1055,63.35966491699219,50.07502365112305,54.91486740112305
135,cut3,135,POPC,1056,121.2521743774414,3.9578371047973633,54.90348434448242
135,cut3,135,POPC,1057,151.0314483642578,117.84779357910156,34.26124572753906
135,cut3,135,POPC,1058,174.02957153320312,121.92401123046875,44.115760803222656
135,cut3,135,POPC,1059,91.01827239990234,17.76052474975586,53.17467498779297
135,cut3,135,POPC,1060,112.49070739746094,28.115161895751953,51.87831115722656
135,cut3,135,POPC,1061,12.286669731140137,214.28880310058594,51.70293426513672
135,cut3,135,POPC,1062,6.14601993560791,179.65809631347656,49.52415466308594
135,cut3,135,POPC,1063,183.74794006347656,205.55511474609375,53.508636474609375
135,cut3,135,POPC,1064,96.10047149658203,76.28909301757812,46.45469284057617
135,cut3,135,POPC,1065,211.02012634277344,21.399158477783203,57.37953567504883
135,cut3,135,POPC,1066,66.27996826171875,201.73280334472656,50.66613006591797
135,cut3,135,POPC,1067,209.36097717285156,3.525251865386963,57.28091049194336
135,cut3,135,POPC,1068,116.68257904052734,157.26255798339844,37.68390655517578
135,cut3,135,POPC,1069,196.10646057128906,73.99540710449219,55.13981628417969
135,cut3,135,POPC,1070,24.87884521484375,59.8232536315918,52.841346740722656
135,cut3,135,POPC,1071,11.375720024108887,181.71575927734375,51.728431701660156
135,cut3,135,POPC,1072,64.83262634277344,157.39173889160156,41.43850326538086
135,cut3,135,POPC,1073,36.242977142333984,81.8745346069336,56.51818084716797
135,cut3,135,POPC,1074,37.69240951538086,197.928466796875,48.95611572265625
135,cut3,135,POPC,1075,152.22242736816406,1.155370831489563,62.147315979003906
135,cut3,135,POPC,1076,21.65377426147461,162.0752410888672,47.78126525878906
135,cut3,135,POPC,1077,193.33291625976562,200.80625915527344,54.42853927612305
135,cut3,135,POPC,1078,33.27851486206055,225.02833557128906,56.78068161010742
135,cut3,135,POPC,1079,202.76809692382812,186.66885375976562,49.50825881958008
135,cut3,135,POPC,1080,16.73395347595215,199.434326171875,52.01516342163086
135,cut3,135,POPC,1081,21.461708068847656,222.0368194580078,57.44826889038086
135,cut3,135,POPC,1082,194.2768096923828,103.52600860595703,55.381778717041016
135,cut3,135,POPC,1083,108.66641235351562,62.49819564819336,43.01303100585938
135,cut3,135,POPC,1084,100.87103271484375,59.24690628051758,48.52621078491211
135,cut3,135,POPC,1085,172.6153106689453,133.7322235107422,44.47330856323242
135,cut3,135,POPC,1086,91.87037658691405,222.90145874023438,51.761436462402344
135,cut3,135,POPC,1087,62.27597045898438,106.9773178100586,41.99991226196289
135,cut3,135,POPC,1088,122.74517059326172,154.3055419921875,38.780540466308594
135,cut3,135,POPC,1089,38.95915985107422,51.52901840209961,59.60413360595703
135,cut3,135,POPC,1090,209.8473663330078,45.47504425048828,57.361175537109375
135,cut3,135,POPC,1091,108.93565368652344,150.7626495361328,36.7834587097168
135,cut3,135,POPC,1092,192.10154724121094,209.91744995117188,56.260570526123054
135,cut3,135,POPC,1093,92.89772033691406,66.87325286865234,49.83943557739258
135,cut3,135,POPC,1094,37.529380798339844,229.9807891845703,56.14863204956055
135,cut3,135,POPC,1095,36.46965026855469,138.61383056640625,44.7684326171875
135,cut3,135,POPC,1096,174.6951446533203,201.52127075195312,52.881378173828125
135,cut3,135,POPC,1097,13.852715492248535,3.8668289184570312,60.59039306640625
135,cut3,135,POPC,1098,147.17391967773438,133.71168518066406,40.049068450927734
135,cut3,135,POPC,1099,31.611053466796875,58.96645736694336,54.63678741455078
135,cut3,135,POPC,1100,21.317668914794922,78.10106658935547,54.693145751953125
135,cut3,135,POPC,1101,70.33760070800781,144.84608459472656,38.672080993652344
135,cut3,135,POPC,1102,105.99018096923828,9.50306224822998,55.33335494995117
135,cut3,135,POPC,1103,202.05284118652344,78.91378021240234,54.53984832763672
135,cut3,135,POPC,1104,101.42079162597656,3.0853710174560547,54.37130355834961
135,cut3,135,POPC,1105,94.8320541381836,119.8271484375,47.06221389770508
135,cut3,135,POPC,1106,188.67550659179688,51.280372619628906,58.965335845947266
135,cut3,135,POPC,1107,81.7776870727539,36.46404266357422,57.70308303833008
135,cut3,135,POPC,1108,168.9610595703125,120.36397552490234,40.929691314697266
135,cut3,135,SAPI,1109,145.27713012695312,4.376438617706299,61.764610290527344
135,cut3,135,SAPI,1110,62.716148376464844,140.7958526611328,40.284400939941406
135,cut3,135,SAPI,1111,120.5434799194336,28.151412963867188,54.533287048339844
135,cut3,135,SAPI,1112,171.46566772460938,36.208087921142585,51.60210418701172
135,cut3,135,SAPI,1113,41.1472053527832,126.55613708496094,42.44135284423829
135,cut3,135,SAPI,1114,32.51852035522461,201.79388427734375,52.66032791137695
135,cut3,135,SAPI,1115,197.0912322998047,140.5164794921875,48.517906188964844
135,cut3,135,SAPI,1116,124.50656127929688,144.54489135742188,34.74043655395508
135,cut3,135,SAPI,1117,22.03103256225586,143.1430206298828,41.56341552734375
135,cut3,135,SAPI,1118,101.09050750732422,183.37689208984375,42.82749557495117
135,cut3,135,SAPI,1119,96.89408874511719,54.10508728027344,53.792354583740234
135,cut3,135,SAPI,1120,156.4965362548828,14.460949897766113,58.23248291015625
135,cut3,135,SAPI,1121,134.56285095214844,123.75550842285156,38.31928634643555
135,cut3,135,SAPI,1122,162.41131591796875,7.348883152008057,58.49446105957031
135,cut3,135,SAPI,1123,168.3026123046875,75.58755493164062,47.69647216796875
135,cut3,135,SAPI,1124,76.75183868408203,60.91255187988281,50.88189697265626
135,cut3,135,SAPI,1125,165.848876953125,180.6380157470703,49.83544158935547
135,cut3,135,SAPI,1126,87.25090789794922,75.01673889160156,48.51401901245117
135,cut3,135,SAPI,1127,153.5835723876953,140.8697967529297,39.221435546875
135,cut3,135,SAPI,1128,211.81768798828125,70.9631118774414,57.23614501953125
135,cut3,135,SAPI,1129,141.1158905029297,114.0189208984375,28.915464401245117
135,cut3,135,SAPI,1130,160.90216064453122,94.93209075927734,43.72380065917969
135,cut3,135,SAPI,1131,4.0890302658081055,80.97176361083984,56.887264251708984
135,cut3,135,SAPI,1132,203.88687133789062,161.83143615722656,44.63849639892578
135,cut3,135,SAPI,1133,194.34841918945312,7.72985315322876,56.77171325683594
135,cut3,135,SAPI,1134,170.48977661132812,50.08305740356445,54.282920837402344
135,cut3,135,SAPI,1135,100.23649597167969,176.43731689453128,39.81624984741211
135,cut3,135,SAPI,1136,128.06422424316406,205.9044952392578,53.58612060546875
135,cut3,135,SAPI,1137,114.49663543701172,141.94955444335938,31.580259323120117
135,cut3,135,SAPI,1138,147.31251525878906,15.777909278869629,59.44403076171875
135,cut3,135,SAPI,1139,102.06893920898438,76.13428497314453,45.07978820800781
135,cut3,135,SAPI,1140,109.23401641845703,202.58987426757812,45.96180725097656
135,cut3,135,SAPI,1141,181.21632385253906,178.87545776367188,47.52428436279297
135,cut3,135,SAPI,1142,63.208778381347656,212.1513214111328,53.54032516479492
135,cut3,135,SAPI,1143,144.17709350585938,216.65977478027344,56.81428909301758
135,cut3,135,SAPI,1144,138.5474853515625,136.53750610351562,32.85917282104492
135,cut3,135,SAPI,1145,61.867393493652344,111.75788116455078,37.35773468017578
